0.28209481 0 0.48860252 0 0 0 0.63078314 0 0
0.28209481 0 0.21850967 -0.43701938 0 0 -0.12615664 -0.43701935 0.43701938
0.28209481 -0.41563013 0.21850967 -0.13504641 0.25687355 -0.4156301 -0.12615664 -0.13504641 -0.3535561
0.28209481 -0.25687355 0.21850967 0.3535561 -0.41563013 -0.25687355 -0.12615664 0.3535561 0.13504642
0.28209481 0.25687355 0.21850967 0.3535561 0.41563013 0.25687355 -0.12615664 0.3535561 0.13504642
0.28209481 0.41563013 0.21850967 -0.13504641 -0.25687355 0.4156301 -0.12615664 -0.13504641 -0.3535561
0.28209481 -0.25687355 -0.21850967 -0.3535561 0.41563013 0.25687355 -0.12615664 0.3535561 0.13504642
0.28209481 -0.41563013 -0.21850967 0.13504641 -0.25687355 0.4156301 -0.12615664 -0.13504641 -0.3535561
0.28209481 -5.3519439e-17 -0.21850967 0.43701938 -1.0703888e-16 5.3519436e-17 -0.12615664 -0.43701935 0.43701938
0.28209481 0.41563013 -0.21850967 0.13504641 0.25687355 -0.4156301 -0.12615664 -0.13504641 -0.3535561
0.28209481 0.25687355 -0.21850967 -0.3535561 -0.41563013 -0.25687355 -0.12615664 0.3535561 0.13504642
0.28209481 0 -0.48860252 0 0 0 0.63078314 0 0
0.28209481 0 0.32126257 -0.36813417 0 0 0.093662038 -0.54124713 0.31010699
0.28209481 -0.3501164 0.32126257 -0.11375972 0.18227632 -0.51475656 0.093662038 -0.16725455 -0.25088185
0.28209481 0 0.41563013 -0.25687355 0 0 0.36926687 -0.48860252 0.15098648
0.28209481 -0.24430126 0.41563013 -0.079378292 0.088747628 -0.4646886 0.36926687 -0.15098648 -0.12215063
0.28209481 0 0.4729422 -0.12271139 0 0 0.57110304 -0.26559645 0.034456335
0.28209481 -0.12843677 0.43701938 -0.17677805 0.10390753 -0.25687355 0.4415482 -0.3535561 0.033761606
0.28209481 -0.11670547 0.4729422 -0.037919905 0.020252924 -0.25259724 0.57110304 -0.082073815 -0.027875761
0.28209481 -0.12843677 0.3535561 -0.31182447 0.18328583 -0.20781507 0.18003193 -0.50454259 0.18474808
0.28209481 -0.25687355 0.3535561 -0.21850969 0.25687355 -0.41563013 0.18003193 -0.3535561 -0.041731637
0.28209481 -0.11670547 0.24542277 -0.40605408 0.21687245 -0.13107967 -0.076671109 -0.45606634 0.34611681
0.28209481 -0.24430126 0.25687352 -0.33625183 0.37594098 -0.28719336 -0.053875331 -0.39528772 0.12215063
0.28209481 -0.3501164 0.24542277 -0.2364711 0.37889585 -0.39323902 -0.076671109 -0.26559642 -0.15253995
0.28209481 -0.21638384 0.32126257 0.2978268 -0.2949293 -0.31813705 0.093662038 0.4378781 0.095828332
0.28209481 -0.15098648 0.41563013 0.20781507 -0.14359668 -0.28719336 0.36926687 0.39528775 0.046657391
0.28209481 -0.20781507 0.43701938 0.067523211 -0.064218387 -0.41563013 0.4415482 0.13504641 -0.088389032
0.28209481 -0.072127946 0.4729422 0.099275604 -0.032769922 -0.15611367 0.57110304 0.21487203 0.010647593
0.28209481 -0.33625183 0.3535561 0.025791571 -0.039689146 -0.54406691 0.18003193 0.041731637 -0.25719705
0.28209481 -0.28719336 0.3535561 0.17677805 -0.23234431 -0.4646886 0.18003193 0.28603289 -0.11722488
0.28209481 -0.42224434 0.24542277 -0.014484115 0.027988853 -0.47425073 -0.076671109 -0.016268073 -0.40748879
0.28209481 -0.39528775 0.25687352 0.12843677 -0.23234431 -0.4646886 -0.053875331 0.15098648 -0.31979451
0.28209481 -0.33308929 0.24542277 0.25990689 -0.39619392 -0.37411475 -0.076671109 0.29191872 -0.099301986
0.28209481 0.21638384 0.32126257 0.2978268 0.2949293 0.31813705 0.093662038 0.4378781 0.095828332
0.28209481 0.15098648 0.41563013 0.20781507 0.14359668 0.28719336 0.36926687 0.39528775 0.046657391
0.28209481 -2.675972e-17 0.43701938 0.21850969 -2.675972e-17 -5.3519439e-17 0.4415482 0.43701938 0.10925484
0.28209481 0.072127946 0.4729422 0.099275604 0.032769922 0.15611367 0.57110304 0.21487203 0.010647593
0.28209481 -0.079378292 0.3535561 0.32776454 -0.11906744 -0.12843677 0.18003193 0.53033417 0.23140548
0.28209481 0.079378292 0.3535561 0.32776454 0.11906744 0.12843677 0.18003193 0.53033417 0.23140548
0.28209481 -0.14425589 0.24542277 0.39710242 -0.26215938 -0.1620234 -0.076671109 0.44601214 0.31321394
0.28209481 -5.090001e-17 0.25687352 0.41563013 -9.6817573e-17 -5.9836551e-17 -0.053875331 0.48860249 0.39528775
0.28209481 0.14425589 0.24542277 0.39710242 0.26215938 0.1620234 -0.076671109 0.44601214 0.31321394
0.28209481 0.3501164 0.32126257 -0.11375972 -0.18227632 0.51475656 0.093662038 -0.16725455 -0.25088185
0.28209481 0.24430126 0.41563013 -0.079378292 -0.088747628 0.4646886 0.36926687 -0.15098648 -0.12215063
0.28209481 0.20781507 0.43701938 0.067523211 0.064218387 0.41563013 0.4415482 0.13504641 -0.088389032
0.28209481 0.11670547 0.4729422 -0.037919905 -0.020252924 0.25259724 0.57110304 -0.082073815 -0.027875761
0.28209481 0.28719336 0.3535561 0.17677805 0.23234431 0.4646886 0.18003193 0.28603289 -0.11722488
0.28209481 0.33625183 0.3535561 0.025791571 0.039689146 0.54406691 0.18003193 0.041731637 -0.25719705
0.28209481 0.33308929 0.24542277 0.25990689 0.39619392 0.37411475 -0.076671109 0.29191872 -0.099301986
0.28209481 0.39528775 0.25687352 0.12843677 0.23234431 0.4646886 -0.053875331 0.15098648 -0.31979451
0.28209481 0.42224434 0.24542277 -0.014484115 -0.027988853 0.47425073 -0.076671109 -0.016268073 -0.40748879
0.28209481 0.12843677 0.43701938 -0.17677805 -0.10390753 0.25687355 0.4415482 -0.3535561 0.033761606
0.28209481 0.25687355 0.3535561 -0.21850969 -0.25687355 0.41563013 0.18003193 -0.3535561 -0.041731637
0.28209481 0.12843677 0.3535561 -0.31182447 -0.18328583 0.20781507 0.18003193 -0.50454259 0.18474808
0.28209481 0.3501164 0.24542277 -0.2364711 -0.37889585 0.39323902 -0.076671109 -0.26559642 -0.15253995
0.28209481 0.24430126 0.25687352 -0.33625183 -0.37594098 0.28719336 -0.053875331 -0.39528772 0.12215063
0.28209481 0.11670547 0.24542277 -0.40605408 -0.21687245 0.13107967 -0.076671109 -0.45606634 0.34611681
0.28209481 -0.3501164 -0.32126257 0.11375972 -0.18227632 0.51475656 0.093662038 -0.16725455 -0.25088185
0.28209481 -0.21638384 -0.32126257 -0.2978268 0.2949293 0.31813705 0.093662038 0.4378781 0.095828332
0.28209481 -0.24430126 -0.41563013 0.079378292 -0.088747628 0.4646886 0.36926687 -0.15098648 -0.12215063
0.28209481 -0.15098648 -0.41563013 -0.20781507 0.14359668 0.28719336 0.36926687 0.39528775 0.046657391
0.28209481 -0.11670547 -0.4729422 0.037919905 -0.020252924 0.25259724 0.57110304 -0.082073815 -0.027875761
0.28209481 -0.20781507 -0.43701938 -0.067523211 0.064218387 0.41563013 0.4415482 0.13504641 -0.088389032
0.28209481 -0.072127946 -0.4729422 -0.099275604 0.032769922 0.15611367 0.57110304 0.21487203 0.010647593
0.28209481 -0.33625183 -0.3535561 -0.025791571 0.039689146 0.54406691 0.18003193 0.041731637 -0.25719705
0.28209481 -0.28719336 -0.3535561 -0.17677805 0.23234431 0.4646886 0.18003193 0.28603289 -0.11722488
0.28209481 -0.42224434 -0.24542277 0.014484115 -0.027988853 0.47425073 -0.076671109 -0.016268073 -0.40748879
0.28209481 -0.39528775 -0.25687352 -0.12843677 0.23234431 0.4646886 -0.053875331 0.15098648 -0.31979451
0.28209481 -0.33308929 -0.24542277 -0.25990689 0.39619392 0.37411475 -0.076671109 0.29191872 -0.099301986
0.28209481 -4.5083434e-17 -0.32126257 0.36813417 -7.5954311e-17 6.628365e-17 0.093662038 -0.54124713 0.31010699
0.28209481 -3.1457937e-17 -0.41563013 0.25687355 -3.6981022e-17 5.9836551e-17 0.36926687 -0.48860252 0.15098648
0.28209481 -1.502781e-17 -0.4729422 0.12271139 -8.4393681e-18 3.2526184e-17 0.57110304 -0.26559645 0.034456335
0.28209481 -0.12843677 -0.43701938 0.17677805 -0.10390753 0.25687355 0.4415482 -0.3535561 0.033761606
0.28209481 -0.12843677 -0.3535561 0.31182447 -0.18328583 0.20781507 0.18003193 -0.50454259 0.18474808
0.28209481 -0.25687355 -0.3535561 0.21850969 -0.25687355 0.41563013 0.18003193 -0.3535561 -0.041731637
0.28209481 -0.11670547 -0.24542277 0.40605408 -0.21687245 0.13107967 -0.076671109 -0.45606634 0.34611681
0.28209481 -0.24430126 -0.25687352 0.33625183 -0.37594098 0.28719336 -0.053875331 -0.39528772 0.12215063
0.28209481 -0.3501164 -0.24542277 0.2364711 -0.37889585 0.39323902 -0.076671109 -0.26559642 -0.15253995
0.28209481 0.3501164 -0.32126257 0.11375972 0.18227632 -0.51475656 0.093662038 -0.16725455 -0.25088185
0.28209481 0.24430126 -0.41563013 0.079378292 0.088747628 -0.4646886 0.36926687 -0.15098648 -0.12215063
0.28209481 0.11670547 -0.4729422 0.037919905 0.020252924 -0.25259724 0.57110304 -0.082073815 -0.027875761
0.28209481 0.12843677 -0.43701938 0.17677805 0.10390753 -0.25687355 0.4415482 -0.3535561 0.033761606
0.28209481 0.25687355 -0.3535561 0.21850969 0.25687355 -0.41563013 0.18003193 -0.3535561 -0.041731637
0.28209481 0.12843677 -0.3535561 0.31182447 0.18328583 -0.20781507 0.18003193 -0.50454259 0.18474808
0.28209481 0.3501164 -0.24542277 0.2364711 0.37889585 -0.39323902 -0.076671109 -0.26559642 -0.15253995
0.28209481 0.24430126 -0.25687352 0.33625183 0.37594098 -0.28719336 -0.053875331 -0.39528772 0.12215063
0.28209481 0.11670547 -0.24542277 0.40605408 0.21687245 -0.13107967 -0.076671109 -0.45606634 0.34611681
0.28209481 0.21638384 -0.32126257 -0.2978268 -0.2949293 -0.31813705 0.093662038 0.4378781 0.095828332
0.28209481 0.15098648 -0.41563013 -0.20781507 -0.14359668 -0.28719336 0.36926687 0.39528775 0.046657391
0.28209481 0.072127946 -0.4729422 -0.099275604 -0.032769922 -0.15611367 0.57110304 0.21487203 0.010647593
0.28209481 0.20781507 -0.43701938 -0.067523211 -0.064218387 -0.41563013 0.4415482 0.13504641 -0.088389032
0.28209481 0.28719336 -0.3535561 -0.17677805 -0.23234431 -0.4646886 0.18003193 0.28603289 -0.11722488
0.28209481 0.33625183 -0.3535561 -0.025791571 -0.039689146 -0.54406691 0.18003193 0.041731637 -0.25719705
0.28209481 0.33308929 -0.24542277 -0.25990689 -0.39619392 -0.37411475 -0.076671109 0.29191872 -0.099301986
0.28209481 0.39528775 -0.25687352 -0.12843677 -0.23234431 -0.4646886 -0.053875331 0.15098648 -0.31979451
0.28209481 0.42224434 -0.24542277 0.014484115 0.027988853 -0.47425073 -0.076671109 -0.016268073 -0.40748879
0.28209481 5.3519439e-17 -0.43701938 -0.21850969 -5.3519439e-17 -1.0703888e-16 0.4415482 0.43701938 0.10925484
0.28209481 -0.079378292 -0.3535561 -0.32776454 0.11906744 0.12843677 0.18003193 0.53033417 0.23140548
0.28209481 0.079378292 -0.3535561 -0.32776454 -0.11906744 -0.12843677 0.18003193 0.53033417 0.23140548
0.28209481 -0.14425589 -0.24542277 -0.39710242 0.26215938 0.1620234 -0.076671109 0.44601214 0.31321394
0.28209481 0 -0.25687352 -0.41563013 0 0 -0.053875331 0.48860249 0.39528775
0.28209481 0.14425589 -0.24542277 -0.39710242 -0.26215938 -0.1620234 -0.076671109 0.44601214 0.31321394
0.28209481 -0.21638383 -0.12271138 -0.42053819 0.41644683 0.12151754 -0.25571147 0.23616721 0.29753923
0.28209481 -0.15098648 2.9918276e-17 -0.4646886 0.32109192 -2.067302e-17 -0.31539157 -6.3625012e-17 0.44194514
0.28209481 -0.072127946 0.12271138 -0.46740976 0.15428747 -0.040505845 -0.25571147 -0.2624895 0.48800915
0.28209481 -0.20781507 0.13504641 -0.42107931 0.40047023 -0.12843676 -0.24311025 -0.2602413 0.30689871
0.28209481 -0.28719336 2.9918276e-17 -0.39528772 0.51953763 -3.9322419e-17 -0.31539157 -5.4122669e-17 0.16880801
0.28209481 -0.33625183 0.13504641 -0.32776454 0.50437772 -0.20781505 -0.24311025 -0.2025696 -0.012895785
0.28209481 -0.33308929 -0.12271138 -0.33574671 0.51180172 0.18705738 -0.25571147 0.18854973 0.0040670186
0.28209481 -0.39528772 2.9918276e-17 -0.28719336 0.51953763 -5.4122669e-17 -0.31539157 -3.9322419e-17 -0.16880801
0.28209481 -0.42224434 0.12271138 -0.21303532 0.41166577 -0.23712535 -0.25571147 -0.11963706 -0.3041198
0.28209481 -0.46682188 -0.12271138 0.07583981 -0.1620234 0.26215935 -0.25571147 -0.042590369 -0.4854956
0.28209481 -0.48860252 2.9918276e-17 -2.9918276e-17 6.6899297e-17 -6.6899297e-17 -0.31539157 -4.0964005e-33 -0.54627424
0.28209481 -0.46682188 0.12271138 -0.07583981 0.1620234 -0.26215935 -0.25571147 -0.042590369 -0.4854956
0.28209481 -0.4646886 0.13504641 0.067523204 -0.14359668 -0.28719333 -0.24311025 0.041731633 -0.48367676
0.28209481 -0.4646886 2.9918276e-17 0.15098648 -0.32109192 -6.3625012e-17 -0.31539157 2.067302e-17 -0.44194514
0.28209481 -0.41563013 0.13504641 0.21850969 -0.41563013 -0.25687352 -0.24311025 0.13504641 -0.28603289
0.28209481 -0.42224434 -0.12271138 0.21303532 -0.41166577 0.23712535 -0.25571147 -0.11963706 -0.3041198
0.28209481 -0.39528772 2.9918276e-17 0.28719336 -0.51953763 -5.4122669e-17 -0.31539157 3.9322419e-17 -0.16880801
0.28209481 -0.33308929 0.12271138 0.33574671 -0.51180172 -0.18705738 -0.25571147 0.18854973 0.0040670186
0.28209481 -0.072127946 -0.12271138 0.46740976 -0.15428747 0.040505845 -0.25571147 -0.2624895 0.48800915
0.28209481 -0.15098648 2.9918276e-17 0.4646886 -0.32109192 -2.067302e-17 -0.31539157 6.3625012e-17 0.44194514
0.28209481 -0.21638383 0.12271138 0.42053819 -0.41644683 -0.12151754 -0.25571147 0.23616721 0.29753923
0.28209481 -0.079378292 0.13504641 0.46281093 -0.16812591 -0.049058478 -0.24311025 0.28603289 0.47570673
0.28209481 -5.9836551e-17 2.9918276e-17 0.48860252 -1.3379859e-16 -8.1928011e-33 -0.31539157 6.6899297e-17 0.54627424
0.28209481 0.079378292 0.13504641 0.46281093 0.16812591 0.049058478 -0.24311025 0.28603289 0.47570673
0.28209481 0.072127946 -0.12271138 0.46740976 0.15428747 -0.040505845 -0.25571147 -0.2624895 0.48800915
0.28209481 0.15098648 2.9918276e-17 0.4646886 0.32109192 2.067302e-17 -0.31539157 6.3625012e-17 0.44194514
0.28209481 0.21638383 0.12271138 0.42053819 0.41644683 0.12151754 -0.25571147 0.23616721 0.29753923
0.28209481 0.42224434 -0.12271138 0.21303532 0.41166577 -0.23712535 -0.25571147 -0.11963706 -0.3041198
0.28209481 0.39528772 2.9918276e-17 0.28719336 0.51953763 5.4122669e-17 -0.31539157 3.9322419e-17 -0.16880801
0.28209481 0.33308929 0.12271138 0.33574671 0.51180172 0.18705738 -0.25571147 0.18854973 0.0040670186
0.28209481 0.41563013 0.13504641 0.21850969 0.41563013 0.25687352 -0.24311025 0.13504641 -0.28603289
0.28209481 0.4646886 2.9918276e-17 0.15098648 0.32109192 6.3625012e-17 -0.31539157 2.067302e-17 -0.44194514
0.28209481 0.4646886 0.13504641 0.067523204 0.14359668 0.28719333 -0.24311025 0.041731633 -0.48367676
0.28209481 0.46682188 -0.12271138 0.07583981 0.1620234 -0.26215935 -0.25571147 -0.042590369 -0.4854956
0.28209481 0.48860252 2.9918276e-17 8.9754827e-17 2.0069789e-16 6.6899297e-17 -0.31539157 1.2289201e-32 -0.54627424
0.28209481 0.46682188 0.12271138 -0.07583981 -0.1620234 0.26215935 -0.25571147 -0.042590369 -0.4854956
0.28209481 0.33308929 -0.12271138 -0.33574671 -0.51180172 -0.18705738 -0.25571147 0.18854973 0.0040670186
0.28209481 0.39528772 2.9918276e-17 -0.28719336 -0.51953763 5.4122669e-17 -0.31539157 -3.9322419e-17 -0.16880801
0.28209481 0.42224434 0.12271138 -0.21303532 -0.41166577 0.23712535 -0.25571147 -0.11963706 -0.3041198
0.28209481 0.33625183 0.13504641 -0.32776454 -0.50437772 0.20781505 -0.24311025 -0.2025696 -0.012895785
0.28209481 0.28719336 2.9918276e-17 -0.39528772 -0.51953763 3.9322419e-17 -0.31539157 -5.4122669e-17 0.16880801
0.28209481 0.20781507 0.13504641 -0.42107931 -0.40047023 0.12843676 -0.24311025 -0.2602413 0.30689871
0.28209481 0.21638383 -0.12271138 -0.42053819 -0.41644683 -0.12151754 -0.25571147 0.23616721 0.29753923
0.28209481 0.15098648 2.9918276e-17 -0.4646886 -0.32109192 2.067302e-17 -0.31539157 -6.3625012e-17 0.44194514
0.28209481 0.072127946 0.12271138 -0.46740976 -0.15428747 0.040505845 -0.25571147 -0.2624895 0.48800915
0.28209481 -0.41563013 -0.13504641 -0.21850969 0.41563013 0.25687352 -0.24311025 0.13504641 -0.28603289
0.28209481 -0.4646886 -0.13504641 -0.067523204 0.14359668 0.28719333 -0.24311025 0.041731633 -0.48367676
0.28209481 -0.4646886 2.9918276e-17 -0.15098648 0.32109192 -6.3625012e-17 -0.31539157 -2.067302e-17 -0.44194514
0.28209481 -0.33625183 -0.13504641 0.32776454 -0.50437772 0.20781505 -0.24311025 -0.2025696 -0.012895785
0.28209481 -0.20781507 -0.13504641 0.42107931 -0.40047023 0.12843676 -0.24311025 -0.2602413 0.30689871
0.28209481 -0.28719336 2.9918276e-17 0.39528772 -0.51953763 -3.9322419e-17 -0.31539157 5.4122669e-17 0.16880801
0.28209481 0.20781507 -0.13504641 0.42107931 0.40047023 -0.12843676 -0.24311025 -0.2602413 0.30689871
0.28209481 0.33625183 -0.13504641 0.32776454 0.50437772 -0.20781505 -0.24311025 -0.2025696 -0.012895785
0.28209481 0.28719336 2.9918276e-17 0.39528772 0.51953763 3.9322419e-17 -0.31539157 5.4122669e-17 0.16880801
0.28209481 0.4646886 -0.13504641 -0.067523204 -0.14359668 -0.28719333 -0.24311025 0.041731633 -0.48367676
0.28209481 0.41563013 -0.13504641 -0.21850969 -0.41563013 -0.25687352 -0.24311025 0.13504641 -0.28603289
0.28209481 0.4646886 2.9918276e-17 -0.15098648 -0.32109192 6.3625012e-17 -0.31539157 -2.067302e-17 -0.44194514
0.28209481 0.079378292 -0.13504641 -0.46281093 -0.16812591 -0.049058478 -0.24311025 0.28603289 0.47570673
0.28209481 -0.079378292 -0.13504641 -0.46281093 0.16812591 0.049058478 -0.24311025 0.28603289 0.47570673
0.28209481 1.196731e-16 2.9918276e-17 -0.48860252 -2.6759719e-16 1.6385602e-32 -0.31539157 -6.6899297e-17 0.54627424
