0 28 30
26 29 28
27 30 29
28 29 30
24 31 26
31 32 29
31 29 26
32 25 27
32 27 29
22 33 24
33 34 31
33 31 24
34 35 32
34 32 31
35 23 25
35 25 32
20 36 22
36 37 33
36 33 22
37 38 34
37 34 33
38 39 35
38 35 34
39 21 23
39 23 35
18 40 20
40 41 36
40 36 20
41 42 37
41 37 36
42 43 38
42 38 37
43 44 39
43 39 38
44 19 21
44 21 39
16 45 18
45 46 40
45 40 18
46 47 41
46 41 40
47 48 42
47 42 41
48 49 43
48 43 42
49 50 44
49 44 43
50 17 19
50 19 44
14 51 16
51 52 45
51 45 16
52 53 46
52 46 45
53 54 47
53 47 46
54 55 48
54 48 47
55 56 49
55 49 48
56 57 50
56 50 49
57 15 17
57 17 50
12 58 14
58 59 51
58 51 14
59 60 52
59 52 51
60 61 53
60 53 52
61 62 54
61 54 53
62 63 55
62 55 54
63 64 56
63 56 55
64 65 57
64 57 56
65 13 15
65 15 57
1 66 12
66 67 58
66 58 12
67 68 59
67 59 58
68 69 60
68 60 59
69 70 61
69 61 60
70 71 62
70 62 61
71 72 63
71 63 62
72 73 64
72 64 63
73 74 65
73 65 64
74 2 13
74 13 65
0 30 84
27 83 30
82 84 83
30 83 84
25 85 27
85 86 83
85 83 27
86 81 82
86 82 83
23 87 25
87 88 85
87 85 25
88 89 86
88 86 85
89 80 81
89 81 86
21 90 23
90 91 87
90 87 23
91 92 88
91 88 87
92 93 89
92 89 88
93 79 80
93 80 89
19 94 21
94 95 90
94 90 21
95 96 91
95 91 90
96 97 92
96 92 91
97 98 93
97 93 92
98 78 79
98 79 93
17 99 19
99 100 94
99 94 19
100 101 95
100 95 94
101 102 96
101 96 95
102 103 97
102 97 96
103 104 98
103 98 97
104 77 78
104 78 98
15 105 17
105 106 99
105 99 17
106 107 100
106 100 99
107 108 101
107 101 100
108 109 102
108 102 101
109 110 103
109 103 102
110 111 104
110 104 103
111 76 77
111 77 104
13 112 15
112 113 105
112 105 15
113 114 106
113 106 105
114 115 107
114 107 106
115 116 108
115 108 107
116 117 109
116 109 108
117 118 110
117 110 109
118 119 111
118 111 110
119 75 76
119 76 111
2 120 13
120 121 112
120 112 13
121 122 113
121 113 112
122 123 114
122 114 113
123 124 115
123 115 114
124 125 116
124 116 115
125 126 117
125 117 116
126 127 118
126 118 117
127 128 119
127 119 118
128 3 75
128 75 119
0 84 138
82 137 84
136 138 137
84 137 138
81 139 82
139 140 137
139 137 82
140 135 136
140 136 137
80 141 81
141 142 139
141 139 81
142 143 140
142 140 139
143 134 135
143 135 140
79 144 80
144 145 141
144 141 80
145 146 142
145 142 141
146 147 143
146 143 142
147 133 134
147 134 143
78 148 79
148 149 144
148 144 79
149 150 145
149 145 144
150 151 146
150 146 145
151 152 147
151 147 146
152 132 133
152 133 147
77 153 78
153 154 148
153 148 78
154 155 149
154 149 148
155 156 150
155 150 149
156 157 151
156 151 150
157 158 152
157 152 151
158 131 132
158 132 152
76 159 77
159 160 153
159 153 77
160 161 154
160 154 153
161 162 155
161 155 154
162 163 156
162 156 155
163 164 157
163 157 156
164 165 158
164 158 157
165 130 131
165 131 158
75 166 76
166 167 159
166 159 76
167 168 160
167 160 159
168 169 161
168 161 160
169 170 162
169 162 161
170 171 163
170 163 162
171 172 164
171 164 163
172 173 165
172 165 164
173 129 130
173 130 165
3 174 75
174 175 166
174 166 75
175 176 167
175 167 166
176 177 168
176 168 167
177 178 169
177 169 168
178 179 170
178 170 169
179 180 171
179 171 170
180 181 172
180 172 171
181 182 173
181 173 172
182 4 129
182 129 173
0 138 192
136 191 138
190 192 191
138 191 192
135 193 136
193 194 191
193 191 136
194 189 190
194 190 191
134 195 135
195 196 193
195 193 135
196 197 194
196 194 193
197 188 189
197 189 194
133 198 134
198 199 195
198 195 134
199 200 196
199 196 195
200 201 197
200 197 196
201 187 188
201 188 197
132 202 133
202 203 198
202 198 133
203 204 199
203 199 198
204 205 200
204 200 199
205 206 201
205 201 200
206 186 187
206 187 201
131 207 132
207 208 202
207 202 132
208 209 203
208 203 202
209 210 204
209 204 203
210 211 205
210 205 204
211 212 206
211 206 205
212 185 186
212 186 206
130 213 131
213 214 207
213 207 131
214 215 208
214 208 207
215 216 209
215 209 208
216 217 210
216 210 209
217 218 211
217 211 210
218 219 212
218 212 211
219 184 185
219 185 212
129 220 130
220 221 213
220 213 130
221 222 214
221 214 213
222 223 215
222 215 214
223 224 216
223 216 215
224 225 217
224 217 216
225 226 218
225 218 217
226 227 219
226 219 218
227 183 184
227 184 219
4 228 129
228 229 220
228 220 129
229 230 221
229 221 220
230 231 222
230 222 221
231 232 223
231 223 222
232 233 224
232 224 223
233 234 225
233 225 224
234 235 226
234 226 225
235 236 227
235 227 226
236 5 183
236 183 227
0 192 28
190 237 192
26 28 237
192 237 28
189 238 190
238 239 237
238 237 190
239 24 26
239 26 237
188 240 189
240 241 238
240 238 189
241 242 239
241 239 238
242 22 24
242 24 239
187 243 188
243 244 240
243 240 188
244 245 241
244 241 240
245 246 242
245 242 241
246 20 22
246 22 242
186 247 187
247 248 243
247 243 187
248 249 244
248 244 243
249 250 245
249 245 244
250 251 246
250 246 245
251 18 20
251 20 246
185 252 186
252 253 247
252 247 186
253 254 248
253 248 247
254 255 249
254 249 248
255 256 250
255 250 249
256 257 251
256 251 250
257 16 18
257 18 251
184 258 185
258 259 252
258 252 185
259 260 253
259 253 252
260 261 254
260 254 253
261 262 255
261 255 254
262 263 256
262 256 255
263 264 257
263 257 256
264 14 16
264 16 257
183 265 184
265 266 258
265 258 184
266 267 259
266 259 258
267 268 260
267 260 259
268 269 261
268 261 260
269 270 262
269 262 261
270 271 263
270 263 262
271 272 264
271 264 263
272 12 14
272 14 264
5 273 183
273 274 265
273 265 183
274 275 266
274 266 265
275 276 267
275 267 266
276 277 268
276 268 267
277 278 269
277 269 268
278 279 270
278 270 269
279 280 271
279 271 270
280 281 272
280 272 271
281 1 12
281 12 272
11 298 300
296 299 298
297 300 299
298 299 300
294 301 296
301 302 299
301 299 296
302 295 297
302 297 299
292 303 294
303 304 301
303 301 294
304 305 302
304 302 301
305 293 295
305 295 302
290 306 292
306 307 303
306 303 292
307 308 304
307 304 303
308 309 305
308 305 304
309 291 293
309 293 305
288 310 290
310 311 306
310 306 290
311 312 307
311 307 306
312 313 308
312 308 307
313 314 309
313 309 308
314 289 291
314 291 309
286 315 288
315 316 310
315 310 288
316 317 311
316 311 310
317 318 312
317 312 311
318 319 313
318 313 312
319 320 314
319 314 313
320 287 289
320 289 314
284 321 286
321 322 315
321 315 286
322 323 316
322 316 315
323 324 317
323 317 316
324 325 318
324 318 317
325 326 319
325 319 318
326 327 320
326 320 319
327 285 287
327 287 320
282 328 284
328 329 321
328 321 284
329 330 322
329 322 321
330 331 323
330 323 322
331 332 324
331 324 323
332 333 325
332 325 324
333 334 326
333 326 325
334 335 327
334 327 326
335 283 285
335 285 327
7 336 282
336 337 328
336 328 282
337 338 329
337 329 328
338 339 330
338 330 329
339 340 331
339 331 330
340 341 332
340 332 331
341 342 333
341 333 332
342 343 334
342 334 333
343 344 335
343 335 334
344 6 283
344 283 335
11 353 298
352 354 353
296 298 354
353 354 298
351 355 352
355 356 354
355 354 352
356 294 296
356 296 354
350 357 351
357 358 355
357 355 351
358 359 356
358 356 355
359 292 294
359 294 356
349 360 350
360 361 357
360 357 350
361 362 358
361 358 357
362 363 359
362 359 358
363 290 292
363 292 359
348 364 349
364 365 360
364 360 349
365 366 361
365 361 360
366 367 362
366 362 361
367 368 363
367 363 362
368 288 290
368 290 363
347 369 348
369 370 364
369 364 348
370 371 365
370 365 364
371 372 366
371 366 365
372 373 367
372 367 366
373 374 368
373 368 367
374 286 288
374 288 368
346 375 347
375 376 369
375 369 347
376 377 370
376 370 369
377 378 371
377 371 370
378 379 372
378 372 371
379 380 373
379 373 372
380 381 374
380 374 373
381 284 286
381 286 374
345 382 346
382 383 375
382 375 346
383 384 376
383 376 375
384 385 377
384 377 376
385 386 378
385 378 377
386 387 379
386 379 378
387 388 380
387 380 379
388 389 381
388 381 380
389 282 284
389 284 381
8 390 345
390 391 382
390 382 345
391 392 383
391 383 382
392 393 384
392 384 383
393 394 385
393 385 384
394 395 386
394 386 385
395 396 387
395 387 386
396 397 388
396 388 387
397 398 389
397 389 388
398 7 282
398 282 389
11 407 353
406 408 407
352 353 408
407 408 353
405 409 406
409 410 408
409 408 406
410 351 352
410 352 408
404 411 405
411 412 409
411 409 405
412 413 410
412 410 409
413 350 351
413 351 410
403 414 404
414 415 411
414 411 404
415 416 412
415 412 411
416 417 413
416 413 412
417 349 350
417 350 413
402 418 403
418 419 414
418 414 403
419 420 415
419 415 414
420 421 416
420 416 415
421 422 417
421 417 416
422 348 349
422 349 417
401 423 402
423 424 418
423 418 402
424 425 419
424 419 418
425 426 420
425 420 419
426 427 421
426 421 420
427 428 422
427 422 421
428 347 348
428 348 422
400 429 401
429 430 423
429 423 401
430 431 424
430 424 423
431 432 425
431 425 424
432 433 426
432 426 425
433 434 427
433 427 426
434 435 428
434 428 427
435 346 347
435 347 428
399 436 400
436 437 429
436 429 400
437 438 430
437 430 429
438 439 431
438 431 430
439 440 432
439 432 431
440 441 433
440 433 432
441 442 434
441 434 433
442 443 435
442 435 434
443 345 346
443 346 435
9 444 399
444 445 436
444 436 399
445 446 437
445 437 436
446 447 438
446 438 437
447 448 439
447 439 438
448 449 440
448 440 439
449 450 441
449 441 440
450 451 442
450 442 441
451 452 443
451 443 442
452 8 345
452 345 443
11 461 407
460 462 461
406 407 462
461 462 407
459 463 460
463 464 462
463 462 460
464 405 406
464 406 462
458 465 459
465 466 463
465 463 459
466 467 464
466 464 463
467 404 405
467 405 464
457 468 458
468 469 465
468 465 458
469 470 466
469 466 465
470 471 467
470 467 466
471 403 404
471 404 467
456 472 457
472 473 468
472 468 457
473 474 469
473 469 468
474 475 470
474 470 469
475 476 471
475 471 470
476 402 403
476 403 471
455 477 456
477 478 472
477 472 456
478 479 473
478 473 472
479 480 474
479 474 473
480 481 475
480 475 474
481 482 476
481 476 475
482 401 402
482 402 476
454 483 455
483 484 477
483 477 455
484 485 478
484 478 477
485 486 479
485 479 478
486 487 480
486 480 479
487 488 481
487 481 480
488 489 482
488 482 481
489 400 401
489 401 482
453 490 454
490 491 483
490 483 454
491 492 484
491 484 483
492 493 485
492 485 484
493 494 486
493 486 485
494 495 487
494 487 486
495 496 488
495 488 487
496 497 489
496 489 488
497 399 400
497 400 489
10 498 453
498 499 490
498 490 453
499 500 491
499 491 490
500 501 492
500 492 491
501 502 493
501 493 492
502 503 494
502 494 493
503 504 495
503 495 494
504 505 496
504 496 495
505 506 497
505 497 496
506 9 399
506 399 497
11 300 461
297 507 300
460 461 507
300 507 461
295 508 297
508 509 507
508 507 297
509 459 460
509 460 507
293 510 295
510 511 508
510 508 295
511 512 509
511 509 508
512 458 459
512 459 509
291 513 293
513 514 510
513 510 293
514 515 511
514 511 510
515 516 512
515 512 511
516 457 458
516 458 512
289 517 291
517 518 513
517 513 291
518 519 514
518 514 513
519 520 515
519 515 514
520 521 516
520 516 515
521 456 457
521 457 516
287 522 289
522 523 517
522 517 289
523 524 518
523 518 517
524 525 519
524 519 518
525 526 520
525 520 519
526 527 521
526 521 520
527 455 456
527 456 521
285 528 287
528 529 522
528 522 287
529 530 523
529 523 522
530 531 524
530 524 523
531 532 525
531 525 524
532 533 526
532 526 525
533 534 527
533 527 526
534 454 455
534 455 527
283 535 285
535 536 528
535 528 285
536 537 529
536 529 528
537 538 530
537 530 529
538 539 531
538 531 530
539 540 532
539 532 531
540 541 533
540 533 532
541 542 534
541 534 533
542 453 454
542 454 534
6 543 283
543 544 535
543 535 283
544 545 536
544 536 535
545 546 537
545 537 536
546 547 538
546 538 537
547 548 539
547 539 538
548 549 540
548 540 539
549 550 541
549 541 540
550 551 542
550 542 541
551 10 453
551 453 542
1 560 66
559 561 560
67 66 561
560 561 66
558 562 559
562 563 561
562 561 559
563 68 67
563 67 561
557 564 558
564 565 562
564 562 558
565 566 563
565 563 562
566 69 68
566 68 563
556 567 557
567 568 564
567 564 557
568 569 565
568 565 564
569 570 566
569 566 565
570 70 69
570 69 566
555 571 556
571 572 567
571 567 556
572 573 568
572 568 567
573 574 569
573 569 568
574 575 570
574 570 569
575 71 70
575 70 570
554 576 555
576 577 571
576 571 555
577 578 572
577 572 571
578 579 573
578 573 572
579 580 574
579 574 573
580 581 575
580 575 574
581 72 71
581 71 575
553 582 554
582 583 576
582 576 554
583 584 577
583 577 576
584 585 578
584 578 577
585 586 579
585 579 578
586 587 580
586 580 579
587 588 581
587 581 580
588 73 72
588 72 581
552 589 553
589 590 582
589 582 553
590 591 583
590 583 582
591 592 584
591 584 583
592 593 585
592 585 584
593 594 586
593 586 585
594 595 587
594 587 586
595 596 588
595 588 587
596 74 73
596 73 588
6 597 552
597 598 589
597 589 552
598 599 590
598 590 589
599 600 591
599 591 590
600 601 592
600 592 591
601 602 593
601 593 592
602 603 594
602 594 593
603 604 595
603 595 594
604 605 596
604 596 595
605 2 74
605 74 596
2 614 120
613 615 614
121 120 615
614 615 120
612 616 613
616 617 615
616 615 613
617 122 121
617 121 615
611 618 612
618 619 616
618 616 612
619 620 617
619 617 616
620 123 122
620 122 617
610 621 611
621 622 618
621 618 611
622 623 619
622 619 618
623 624 620
623 620 619
624 124 123
624 123 620
609 625 610
625 626 621
625 621 610
626 627 622
626 622 621
627 628 623
627 623 622
628 629 624
628 624 623
629 125 124
629 124 624
608 630 609
630 631 625
630 625 609
631 632 626
631 626 625
632 633 627
632 627 626
633 634 628
633 628 627
634 635 629
634 629 628
635 126 125
635 125 629
607 636 608
636 637 630
636 630 608
637 638 631
637 631 630
638 639 632
638 632 631
639 640 633
639 633 632
640 641 634
640 634 633
641 642 635
641 635 634
642 127 126
642 126 635
606 643 607
643 644 636
643 636 607
644 645 637
644 637 636
645 646 638
645 638 637
646 647 639
646 639 638
647 648 640
647 640 639
648 649 641
648 641 640
649 650 642
649 642 641
650 128 127
650 127 642
7 651 606
651 652 643
651 643 606
652 653 644
652 644 643
653 654 645
653 645 644
654 655 646
654 646 645
655 656 647
655 647 646
656 657 648
656 648 647
657 658 649
657 649 648
658 659 650
658 650 649
659 3 128
659 128 650
3 668 174
667 669 668
175 174 669
668 669 174
666 670 667
670 671 669
670 669 667
671 176 175
671 175 669
665 672 666
672 673 670
672 670 666
673 674 671
673 671 670
674 177 176
674 176 671
664 675 665
675 676 672
675 672 665
676 677 673
676 673 672
677 678 674
677 674 673
678 178 177
678 177 674
663 679 664
679 680 675
679 675 664
680 681 676
680 676 675
681 682 677
681 677 676
682 683 678
682 678 677
683 179 178
683 178 678
662 684 663
684 685 679
684 679 663
685 686 680
685 680 679
686 687 681
686 681 680
687 688 682
687 682 681
688 689 683
688 683 682
689 180 179
689 179 683
661 690 662
690 691 684
690 684 662
691 692 685
691 685 684
692 693 686
692 686 685
693 694 687
693 687 686
694 695 688
694 688 687
695 696 689
695 689 688
696 181 180
696 180 689
660 697 661
697 698 690
697 690 661
698 699 691
698 691 690
699 700 692
699 692 691
700 701 693
700 693 692
701 702 694
701 694 693
702 703 695
702 695 694
703 704 696
703 696 695
704 182 181
704 181 696
8 705 660
705 706 697
705 697 660
706 707 698
706 698 697
707 708 699
707 699 698
708 709 700
708 700 699
709 710 701
709 701 700
710 711 702
710 702 701
711 712 703
711 703 702
712 713 704
712 704 703
713 4 182
713 182 704
4 722 228
721 723 722
229 228 723
722 723 228
720 724 721
724 725 723
724 723 721
725 230 229
725 229 723
719 726 720
726 727 724
726 724 720
727 728 725
727 725 724
728 231 230
728 230 725
718 729 719
729 730 726
729 726 719
730 731 727
730 727 726
731 732 728
731 728 727
732 232 231
732 231 728
717 733 718
733 734 729
733 729 718
734 735 730
734 730 729
735 736 731
735 731 730
736 737 732
736 732 731
737 233 232
737 232 732
716 738 717
738 739 733
738 733 717
739 740 734
739 734 733
740 741 735
740 735 734
741 742 736
741 736 735
742 743 737
742 737 736
743 234 233
743 233 737
715 744 716
744 745 738
744 738 716
745 746 739
745 739 738
746 747 740
746 740 739
747 748 741
747 741 740
748 749 742
748 742 741
749 750 743
749 743 742
750 235 234
750 234 743
714 751 715
751 752 744
751 744 715
752 753 745
752 745 744
753 754 746
753 746 745
754 755 747
754 747 746
755 756 748
755 748 747
756 757 749
756 749 748
757 758 750
757 750 749
758 236 235
758 235 750
9 759 714
759 760 751
759 751 714
760 761 752
760 752 751
761 762 753
761 753 752
762 763 754
762 754 753
763 764 755
763 755 754
764 765 756
764 756 755
765 766 757
765 757 756
766 767 758
766 758 757
767 5 236
767 236 758
5 776 273
775 777 776
274 273 777
776 777 273
774 778 775
778 779 777
778 777 775
779 275 274
779 274 777
773 780 774
780 781 778
780 778 774
781 782 779
781 779 778
782 276 275
782 275 779
772 783 773
783 784 780
783 780 773
784 785 781
784 781 780
785 786 782
785 782 781
786 277 276
786 276 782
771 787 772
787 788 783
787 783 772
788 789 784
788 784 783
789 790 785
789 785 784
790 791 786
790 786 785
791 278 277
791 277 786
770 792 771
792 793 787
792 787 771
793 794 788
793 788 787
794 795 789
794 789 788
795 796 790
795 790 789
796 797 791
796 791 790
797 279 278
797 278 791
769 798 770
798 799 792
798 792 770
799 800 793
799 793 792
800 801 794
800 794 793
801 802 795
801 795 794
802 803 796
802 796 795
803 804 797
803 797 796
804 280 279
804 279 797
768 805 769
805 806 798
805 798 769
806 807 799
806 799 798
807 808 800
807 800 799
808 809 801
808 801 800
809 810 802
809 802 801
810 811 803
810 803 802
811 812 804
811 804 803
812 281 280
812 280 804
10 813 768
813 814 805
813 805 768
814 815 806
814 806 805
815 816 807
815 807 806
816 817 808
816 808 807
817 818 809
817 809 808
818 819 810
818 810 809
819 820 811
819 811 810
820 821 812
820 812 811
821 1 281
821 281 812
6 344 597
343 822 344
598 597 822
344 822 597
342 823 343
823 824 822
823 822 343
824 599 598
824 598 822
341 825 342
825 826 823
825 823 342
826 827 824
826 824 823
827 600 599
827 599 824
340 828 341
828 829 825
828 825 341
829 830 826
829 826 825
830 831 827
830 827 826
831 601 600
831 600 827
339 832 340
832 833 828
832 828 340
833 834 829
833 829 828
834 835 830
834 830 829
835 836 831
835 831 830
836 602 601
836 601 831
338 837 339
837 838 832
837 832 339
838 839 833
838 833 832
839 840 834
839 834 833
840 841 835
840 835 834
841 842 836
841 836 835
842 603 602
842 602 836
337 843 338
843 844 837
843 837 338
844 845 838
844 838 837
845 846 839
845 839 838
846 847 840
846 840 839
847 848 841
847 841 840
848 849 842
848 842 841
849 604 603
849 603 842
336 850 337
850 851 843
850 843 337
851 852 844
851 844 843
852 853 845
852 845 844
853 854 846
853 846 845
854 855 847
854 847 846
855 856 848
855 848 847
856 857 849
856 849 848
857 605 604
857 604 849
7 606 336
606 607 850
606 850 336
607 608 851
607 851 850
608 609 852
608 852 851
609 610 853
609 853 852
610 611 854
610 854 853
611 612 855
611 855 854
612 613 856
612 856 855
613 614 857
613 857 856
614 2 605
614 605 857
7 398 651
397 858 398
652 651 858
398 858 651
396 859 397
859 860 858
859 858 397
860 653 652
860 652 858
395 861 396
861 862 859
861 859 396
862 863 860
862 860 859
863 654 653
863 653 860
394 864 395
864 865 861
864 861 395
865 866 862
865 862 861
866 867 863
866 863 862
867 655 654
867 654 863
393 868 394
868 869 864
868 864 394
869 870 865
869 865 864
870 871 866
870 866 865
871 872 867
871 867 866
872 656 655
872 655 867
392 873 393
873 874 868
873 868 393
874 875 869
874 869 868
875 876 870
875 870 869
876 877 871
876 871 870
877 878 872
877 872 871
878 657 656
878 656 872
391 879 392
879 880 873
879 873 392
880 881 874
880 874 873
881 882 875
881 875 874
882 883 876
882 876 875
883 884 877
883 877 876
884 885 878
884 878 877
885 658 657
885 657 878
390 886 391
886 887 879
886 879 391
887 888 880
887 880 879
888 889 881
888 881 880
889 890 882
889 882 881
890 891 883
890 883 882
891 892 884
891 884 883
892 893 885
892 885 884
893 659 658
893 658 885
8 660 390
660 661 886
660 886 390
661 662 887
661 887 886
662 663 888
662 888 887
663 664 889
663 889 888
664 665 890
664 890 889
665 666 891
665 891 890
666 667 892
666 892 891
667 668 893
667 893 892
668 3 659
668 659 893
8 452 705
451 894 452
706 705 894
452 894 705
450 895 451
895 896 894
895 894 451
896 707 706
896 706 894
449 897 450
897 898 895
897 895 450
898 899 896
898 896 895
899 708 707
899 707 896
448 900 449
900 901 897
900 897 449
901 902 898
901 898 897
902 903 899
902 899 898
903 709 708
903 708 899
447 904 448
904 905 900
904 900 448
905 906 901
905 901 900
906 907 902
906 902 901
907 908 903
907 903 902
908 710 709
908 709 903
446 909 447
909 910 904
909 904 447
910 911 905
910 905 904
911 912 906
911 906 905
912 913 907
912 907 906
913 914 908
913 908 907
914 711 710
914 710 908
445 915 446
915 916 909
915 909 446
916 917 910
916 910 909
917 918 911
917 911 910
918 919 912
918 912 911
919 920 913
919 913 912
920 921 914
920 914 913
921 712 711
921 711 914
444 922 445
922 923 915
922 915 445
923 924 916
923 916 915
924 925 917
924 917 916
925 926 918
925 918 917
926 927 919
926 919 918
927 928 920
927 920 919
928 929 921
928 921 920
929 713 712
929 712 921
9 714 444
714 715 922
714 922 444
715 716 923
715 923 922
716 717 924
716 924 923
717 718 925
717 925 924
718 719 926
718 926 925
719 720 927
719 927 926
720 721 928
720 928 927
721 722 929
721 929 928
722 4 713
722 713 929
9 506 759
505 930 506
760 759 930
506 930 759
504 931 505
931 932 930
931 930 505
932 761 760
932 760 930
503 933 504
933 934 931
933 931 504
934 935 932
934 932 931
935 762 761
935 761 932
502 936 503
936 937 933
936 933 503
937 938 934
937 934 933
938 939 935
938 935 934
939 763 762
939 762 935
501 940 502
940 941 936
940 936 502
941 942 937
941 937 936
942 943 938
942 938 937
943 944 939
943 939 938
944 764 763
944 763 939
500 945 501
945 946 940
945 940 501
946 947 941
946 941 940
947 948 942
947 942 941
948 949 943
948 943 942
949 950 944
949 944 943
950 765 764
950 764 944
499 951 500
951 952 945
951 945 500
952 953 946
952 946 945
953 954 947
953 947 946
954 955 948
954 948 947
955 956 949
955 949 948
956 957 950
956 950 949
957 766 765
957 765 950
498 958 499
958 959 951
958 951 499
959 960 952
959 952 951
960 961 953
960 953 952
961 962 954
961 954 953
962 963 955
962 955 954
963 964 956
963 956 955
964 965 957
964 957 956
965 767 766
965 766 957
10 768 498
768 769 958
768 958 498
769 770 959
769 959 958
770 771 960
770 960 959
771 772 961
771 961 960
772 773 962
772 962 961
773 774 963
773 963 962
774 775 964
774 964 963
775 776 965
775 965 964
776 5 767
776 767 965
10 551 813
550 966 551
814 813 966
551 966 813
549 967 550
967 968 966
967 966 550
968 815 814
968 814 966
548 969 549
969 970 967
969 967 549
970 971 968
970 968 967
971 816 815
971 815 968
547 972 548
972 973 969
972 969 548
973 974 970
973 970 969
974 975 971
974 971 970
975 817 816
975 816 971
546 976 547
976 977 972
976 972 547
977 978 973
977 973 972
978 979 974
978 974 973
979 980 975
979 975 974
980 818 817
980 817 975
545 981 546
981 982 976
981 976 546
982 983 977
982 977 976
983 984 978
983 978 977
984 985 979
984 979 978
985 986 980
985 980 979
986 819 818
986 818 980
544 987 545
987 988 981
987 981 545
988 989 982
988 982 981
989 990 983
989 983 982
990 991 984
990 984 983
991 992 985
991 985 984
992 993 986
992 986 985
993 820 819
993 819 986
543 994 544
994 995 987
994 987 544
995 996 988
995 988 987
996 997 989
996 989 988
997 998 990
997 990 989
998 999 991
998 991 990
999 1000 992
999 992 991
1000 1001 993
1000 993 992
1001 821 820
1001 820 993
6 552 543
552 553 994
552 994 543
553 554 995
553 995 994
554 555 996
554 996 995
555 556 997
555 997 996
556 557 998
556 998 997
557 558 999
557 999 998
558 559 1000
558 1000 999
559 560 1001
559 1001 1000
560 1 821
560 821 1001
