0 16 18
14 16 17
15 18 17
16 17 18
12 14 19
19 20 17
19 14 17
20 13 15
20 17 15
1 12 21
21 22 19
21 12 19
22 23 20
22 19 20
23 2 13
23 20 13
0 18 27
15 18 26
25 27 26
18 26 27
13 15 28
28 29 26
28 15 26
29 24 25
29 26 25
2 13 30
30 31 28
30 13 28
31 32 29
31 28 29
32 3 24
32 29 24
0 27 36
25 27 35
34 36 35
27 35 36
24 25 37
37 38 35
37 25 35
38 33 34
38 35 34
3 24 39
39 40 37
39 24 37
40 41 38
40 37 38
41 4 33
41 38 33
0 36 45
34 36 44
43 45 44
36 44 45
33 34 46
46 47 44
46 34 44
47 42 43
47 44 43
4 33 48
48 49 46
48 33 46
49 50 47
49 46 47
50 5 42
50 47 42
0 45 16
43 45 51
14 16 51
45 51 16
42 43 52
52 53 51
52 43 51
53 12 14
53 51 14
5 42 54
54 55 52
54 42 52
55 56 53
55 52 53
56 1 12
56 53 12
11 61 63
59 61 62
60 63 62
61 62 63
57 59 64
64 65 62
64 59 62
65 58 60
65 62 60
6 57 66
66 67 64
66 57 64
67 68 65
67 64 65
68 7 58
68 65 58
11 63 72
60 63 71
70 72 71
63 71 72
58 60 73
73 74 71
73 60 71
74 69 70
74 71 70
7 58 75
75 76 73
75 58 73
76 77 74
76 73 74
77 8 69
77 74 69
11 72 81
70 72 80
79 81 80
72 80 81
69 70 82
82 83 80
82 70 80
83 78 79
83 80 79
8 69 84
84 85 82
84 69 82
85 86 83
85 82 83
86 9 78
86 83 78
11 81 90
79 81 89
88 90 89
81 89 90
78 79 91
91 92 89
91 79 89
92 87 88
92 89 88
9 78 93
93 94 91
93 78 91
94 95 92
94 91 92
95 10 87
95 92 87
11 90 61
88 90 96
59 61 96
90 96 61
87 88 97
97 98 96
97 88 96
98 57 59
98 96 59
10 87 99
99 100 97
99 87 97
100 101 98
100 97 98
101 6 57
101 98 57
1 21 105
22 21 104
103 105 104
21 104 105
23 22 106
106 107 104
106 22 104
107 102 103
107 104 103
2 23 108
108 109 106
108 23 106
109 110 107
109 106 107
110 6 102
110 107 102
2 30 114
31 30 113
112 114 113
30 113 114
32 31 115
115 116 113
115 31 113
116 111 112
116 113 112
3 32 117
117 118 115
117 32 115
118 119 116
118 115 116
119 7 111
119 116 111
3 39 123
40 39 122
121 123 122
39 122 123
41 40 124
124 125 122
124 40 122
125 120 121
125 122 121
4 41 126
126 127 124
126 41 124
127 128 125
127 124 125
128 8 120
128 125 120
4 48 132
49 48 131
130 132 131
48 131 132
50 49 133
133 134 131
133 49 131
134 129 130
134 131 130
5 50 135
135 136 133
135 50 133
136 137 134
136 133 134
137 9 129
137 134 129
5 54 141
55 54 140
139 141 140
54 140 141
56 55 142
142 143 140
142 55 140
143 138 139
143 140 139
1 56 144
144 145 142
144 56 142
145 146 143
145 142 143
146 10 138
146 143 138
6 66 110
67 66 147
109 110 147
66 147 110
68 67 148
148 149 147
148 67 147
149 108 109
149 147 109
7 68 111
111 112 148
111 68 148
112 114 149
112 148 149
114 2 108
114 149 108
7 75 119
76 75 150
118 119 150
75 150 119
77 76 151
151 152 150
151 76 150
152 117 118
152 150 118
8 77 120
120 121 151
120 77 151
121 123 152
121 151 152
123 3 117
123 152 117
8 84 128
85 84 153
127 128 153
84 153 128
86 85 154
154 155 153
154 85 153
155 126 127
155 153 127
9 86 129
129 130 154
129 86 154
130 132 155
130 154 155
132 4 126
132 155 126
9 93 137
94 93 156
136 137 156
93 156 137
95 94 157
157 158 156
157 94 156
158 135 136
158 156 136
10 95 138
138 139 157
138 95 157
139 141 158
139 157 158
141 5 135
141 158 135
10 99 146
100 99 159
145 146 159
99 159 146
101 100 160
160 161 159
160 100 159
161 144 145
161 159 145
6 101 102
102 103 160
102 101 160
103 105 161
103 160 161
105 1 144
105 161 144
