0 24 26
22 24 25
23 26 25
24 25 26
20 22 27
27 28 25
27 22 25
28 21 23
28 25 23
18 20 29
29 30 27
29 20 27
30 31 28
30 27 28
31 19 21
31 28 21
16 18 32
32 33 29
32 18 29
33 34 30
33 29 30
34 35 31
34 30 31
35 17 19
35 31 19
14 16 36
36 37 32
36 16 32
37 38 33
37 32 33
38 39 34
38 33 34
39 40 35
39 34 35
40 15 17
40 35 17
12 14 41
41 42 36
41 14 36
42 43 37
42 36 37
43 44 38
43 37 38
44 45 39
44 38 39
45 46 40
45 39 40
46 13 15
46 40 15
1 12 47
47 48 41
47 12 41
48 49 42
48 41 42
49 50 43
49 42 43
50 51 44
50 43 44
51 52 45
51 44 45
52 53 46
52 45 46
53 2 13
53 46 13
0 26 61
23 26 60
59 61 60
26 60 61
21 23 62
62 63 60
62 23 60
63 58 59
63 60 59
19 21 64
64 65 62
64 21 62
65 66 63
65 62 63
66 57 58
66 63 58
17 19 67
67 68 64
67 19 64
68 69 65
68 64 65
69 70 66
69 65 66
70 56 57
70 66 57
15 17 71
71 72 67
71 17 67
72 73 68
72 67 68
73 74 69
73 68 69
74 75 70
74 69 70
75 55 56
75 70 56
13 15 76
76 77 71
76 15 71
77 78 72
77 71 72
78 79 73
78 72 73
79 80 74
79 73 74
80 81 75
80 74 75
81 54 55
81 75 55
2 13 82
82 83 76
82 13 76
83 84 77
83 76 77
84 85 78
84 77 78
85 86 79
85 78 79
86 87 80
86 79 80
87 88 81
87 80 81
88 3 54
88 81 54
0 61 96
59 61 95
94 96 95
61 95 96
58 59 97
97 98 95
97 59 95
98 93 94
98 95 94
57 58 99
99 100 97
99 58 97
100 101 98
100 97 98
101 92 93
101 98 93
56 57 102
102 103 99
102 57 99
103 104 100
103 99 100
104 105 101
104 100 101
105 91 92
105 101 92
55 56 106
106 107 102
106 56 102
107 108 103
107 102 103
108 109 104
108 103 104
109 110 105
109 104 105
110 90 91
110 105 91
54 55 111
111 112 106
111 55 106
112 113 107
112 106 107
113 114 108
113 107 108
114 115 109
114 108 109
115 116 110
115 109 110
116 89 90
116 110 90
3 54 117
117 118 111
117 54 111
118 119 112
118 111 112
119 120 113
119 112 113
120 121 114
120 113 114
121 122 115
121 114 115
122 123 116
122 115 116
123 4 89
123 116 89
0 96 131
94 96 130
129 131 130
96 130 131
93 94 132
132 133 130
132 94 130
133 128 129
133 130 129
92 93 134
134 135 132
134 93 132
135 136 133
135 132 133
136 127 128
136 133 128
91 92 137
137 138 134
137 92 134
138 139 135
138 134 135
139 140 136
139 135 136
140 126 127
140 136 127
90 91 141
141 142 137
141 91 137
142 143 138
142 137 138
143 144 139
143 138 139
144 145 140
144 139 140
145 125 126
145 140 126
89 90 146
146 147 141
146 90 141
147 148 142
147 141 142
148 149 143
148 142 143
149 150 144
149 143 144
150 151 145
150 144 145
151 124 125
151 145 125
4 89 152
152 153 146
152 89 146
153 154 147
153 146 147
154 155 148
154 147 148
155 156 149
155 148 149
156 157 150
156 149 150
157 158 151
157 150 151
158 5 124
158 151 124
0 131 24
129 131 159
22 24 159
131 159 24
128 129 160
160 161 159
160 129 159
161 20 22
161 159 22
127 128 162
162 163 160
162 128 160
163 164 161
163 160 161
164 18 20
164 161 20
126 127 165
165 166 162
165 127 162
166 167 163
166 162 163
167 168 164
167 163 164
168 16 18
168 164 18
125 126 169
169 170 165
169 126 165
170 171 166
170 165 166
171 172 167
171 166 167
172 173 168
172 167 168
173 14 16
173 168 16
124 125 174
174 175 169
174 125 169
175 176 170
175 169 170
176 177 171
176 170 171
177 178 172
177 171 172
178 179 173
178 172 173
179 12 14
179 173 14
5 124 180
180 181 174
180 124 174
181 182 175
181 174 175
182 183 176
182 175 176
183 184 177
183 176 177
184 185 178
184 177 178
185 186 179
185 178 179
186 1 12
186 179 12
11 199 201
197 199 200
198 201 200
199 200 201
195 197 202
202 203 200
202 197 200
203 196 198
203 200 198
193 195 204
204 205 202
204 195 202
205 206 203
205 202 203
206 194 196
206 203 196
191 193 207
207 208 204
207 193 204
208 209 205
208 204 205
209 210 206
209 205 206
210 192 194
210 206 194
189 191 211
211 212 207
211 191 207
212 213 208
212 207 208
213 214 209
213 208 209
214 215 210
214 209 210
215 190 192
215 210 192
187 189 216
216 217 211
216 189 211
217 218 212
217 211 212
218 219 213
218 212 213
219 220 214
219 213 214
220 221 215
220 214 215
221 188 190
221 215 190
6 187 222
222 223 216
222 187 216
223 224 217
223 216 217
224 225 218
224 217 218
225 226 219
225 218 219
226 227 220
226 219 220
227 228 221
227 220 221
228 7 188
228 221 188
11 201 236
198 201 235
234 236 235
201 235 236
196 198 237
237 238 235
237 198 235
238 233 234
238 235 234
194 196 239
239 240 237
239 196 237
240 241 238
240 237 238
241 232 233
241 238 233
192 194 242
242 243 239
242 194 239
243 244 240
243 239 240
244 245 241
244 240 241
245 231 232
245 241 232
190 192 246
246 247 242
246 192 242
247 248 243
247 242 243
248 249 244
248 243 244
249 250 245
249 244 245
250 230 231
250 245 231
188 190 251
251 252 246
251 190 246
252 253 247
252 246 247
253 254 248
253 247 248
254 255 249
254 248 249
255 256 250
255 249 250
256 229 230
256 250 230
7 188 257
257 258 251
257 188 251
258 259 252
258 251 252
259 260 253
259 252 253
260 261 254
260 253 254
261 262 255
261 254 255
262 263 256
262 255 256
263 8 229
263 256 229
11 236 271
234 236 270
269 271 270
236 270 271
233 234 272
272 273 270
272 234 270
273 268 269
273 270 269
232 233 274
274 275 272
274 233 272
275 276 273
275 272 273
276 267 268
276 273 268
231 232 277
277 278 274
277 232 274
278 279 275
278 274 275
279 280 276
279 275 276
280 266 267
280 276 267
230 231 281
281 282 277
281 231 277
282 283 278
282 277 278
283 284 279
283 278 279
284 285 280
284 279 280
285 265 266
285 280 266
229 230 286
286 287 281
286 230 281
287 288 282
287 281 282
288 289 283
288 282 283
289 290 284
289 283 284
290 291 285
290 284 285
291 264 265
291 285 265
8 229 292
292 293 286
292 229 286
293 294 287
293 286 287
294 295 288
294 287 288
295 296 289
295 288 289
296 297 290
296 289 290
297 298 291
297 290 291
298 9 264
298 291 264
11 271 306
269 271 305
304 306 305
271 305 306
268 269 307
307 308 305
307 269 305
308 303 304
308 305 304
267 268 309
309 310 307
309 268 307
310 311 308
310 307 308
311 302 303
311 308 303
266 267 312
312 313 309
312 267 309
313 314 310
313 309 310
314 315 311
314 310 311
315 301 302
315 311 302
265 266 316
316 317 312
316 266 312
317 318 313
317 312 313
318 319 314
318 313 314
319 320 315
319 314 315
320 300 301
320 315 301
264 265 321
321 322 316
321 265 316
322 323 317
322 316 317
323 324 318
323 317 318
324 325 319
324 318 319
325 326 320
325 319 320
326 299 300
326 320 300
9 264 327
327 328 321
327 264 321
328 329 322
328 321 322
329 330 323
329 322 323
330 331 324
330 323 324
331 332 325
331 324 325
332 333 326
332 325 326
333 10 299
333 326 299
11 306 199
304 306 334
197 199 334
306 334 199
303 304 335
335 336 334
335 304 334
336 195 197
336 334 197
302 303 337
337 338 335
337 303 335
338 339 336
338 335 336
339 193 195
339 336 195
301 302 340
340 341 337
340 302 337
341 342 338
341 337 338
342 343 339
342 338 339
343 191 193
343 339 193
300 301 344
344 345 340
344 301 340
345 346 341
345 340 341
346 347 342
346 341 342
347 348 343
347 342 343
348 189 191
348 343 191
299 300 349
349 350 344
349 300 344
350 351 345
350 344 345
351 352 346
351 345 346
352 353 347
352 346 347
353 354 348
353 347 348
354 187 189
354 348 189
10 299 355
355 356 349
355 299 349
356 357 350
356 349 350
357 358 351
357 350 351
358 359 352
358 351 352
359 360 353
359 352 353
360 361 354
360 353 354
361 6 187
361 354 187
1 47 369
48 47 368
367 369 368
47 368 369
49 48 370
370 371 368
370 48 368
371 366 367
371 368 367
50 49 372
372 373 370
372 49 370
373 374 371
373 370 371
374 365 366
374 371 366
51 50 375
375 376 372
375 50 372
376 377 373
376 372 373
377 378 374
377 373 374
378 364 365
378 374 365
52 51 379
379 380 375
379 51 375
380 381 376
380 375 376
381 382 377
381 376 377
382 383 378
382 377 378
383 363 364
383 378 364
53 52 384
384 385 379
384 52 379
385 386 380
385 379 380
386 387 381
386 380 381
387 388 382
387 381 382
388 389 383
388 382 383
389 362 363
389 383 363
2 53 390
390 391 384
390 53 384
391 392 385
391 384 385
392 393 386
392 385 386
393 394 387
393 386 387
394 395 388
394 387 388
395 396 389
395 388 389
396 6 362
396 389 362
2 82 404
83 82 403
402 404 403
82 403 404
84 83 405
405 406 403
405 83 403
406 401 402
406 403 402
85 84 407
407 408 405
407 84 405
408 409 406
408 405 406
409 400 401
409 406 401
86 85 410
410 411 407
410 85 407
411 412 408
411 407 408
412 413 409
412 408 409
413 399 400
413 409 400
87 86 414
414 415 410
414 86 410
415 416 411
415 410 411
416 417 412
416 411 412
417 418 413
417 412 413
418 398 399
418 413 399
88 87 419
419 420 414
419 87 414
420 421 415
420 414 415
421 422 416
421 415 416
422 423 417
422 416 417
423 424 418
423 417 418
424 397 398
424 418 398
3 88 425
425 426 419
425 88 419
426 427 420
426 419 420
427 428 421
427 420 421
428 429 422
428 421 422
429 430 423
429 422 423
430 431 424
430 423 424
431 7 397
431 424 397
3 117 439
118 117 438
437 439 438
117 438 439
119 118 440
440 441 438
440 118 438
441 436 437
441 438 437
120 119 442
442 443 440
442 119 440
443 444 441
443 440 441
444 435 436
444 441 436
121 120 445
445 446 442
445 120 442
446 447 443
446 442 443
447 448 444
447 443 444
448 434 435
448 444 435
122 121 449
449 450 445
449 121 445
450 451 446
450 445 446
451 452 447
451 446 447
452 453 448
452 447 448
453 433 434
453 448 434
123 122 454
454 455 449
454 122 449
455 456 450
455 449 450
456 457 451
456 450 451
457 458 452
457 451 452
458 459 453
458 452 453
459 432 433
459 453 433
4 123 460
460 461 454
460 123 454
461 462 455
461 454 455
462 463 456
462 455 456
463 464 457
463 456 457
464 465 458
464 457 458
465 466 459
465 458 459
466 8 432
466 459 432
4 152 474
153 152 473
472 474 473
152 473 474
154 153 475
475 476 473
475 153 473
476 471 472
476 473 472
155 154 477
477 478 475
477 154 475
478 479 476
478 475 476
479 470 471
479 476 471
156 155 480
480 481 477
480 155 477
481 482 478
481 477 478
482 483 479
482 478 479
483 469 470
483 479 470
157 156 484
484 485 480
484 156 480
485 486 481
485 480 481
486 487 482
486 481 482
487 488 483
487 482 483
488 468 469
488 483 469
158 157 489
489 490 484
489 157 484
490 491 485
490 484 485
491 492 486
491 485 486
492 493 487
492 486 487
493 494 488
493 487 488
494 467 468
494 488 468
5 158 495
495 496 489
495 158 489
496 497 490
496 489 490
497 498 491
497 490 491
498 499 492
498 491 492
499 500 493
499 492 493
500 501 494
500 493 494
501 9 467
501 494 467
5 180 509
181 180 508
507 509 508
180 508 509
182 181 510
510 511 508
510 181 508
511 506 507
511 508 507
183 182 512
512 513 510
512 182 510
513 514 511
513 510 511
514 505 506
514 511 506
184 183 515
515 516 512
515 183 512
516 517 513
516 512 513
517 518 514
517 513 514
518 504 505
518 514 505
185 184 519
519 520 515
519 184 515
520 521 516
520 515 516
521 522 517
521 516 517
522 523 518
522 517 518
523 503 504
523 518 504
186 185 524
524 525 519
524 185 519
525 526 520
525 519 520
526 527 521
526 520 521
527 528 522
527 521 522
528 529 523
528 522 523
529 502 503
529 523 503
1 186 530
530 531 524
530 186 524
531 532 525
531 524 525
532 533 526
532 525 526
533 534 527
533 526 527
534 535 528
534 527 528
535 536 529
535 528 529
536 10 502
536 529 502
6 222 396
223 222 537
395 396 537
222 537 396
224 223 538
538 539 537
538 223 537
539 394 395
539 537 395
225 224 540
540 541 538
540 224 538
541 542 539
541 538 539
542 393 394
542 539 394
226 225 543
543 544 540
543 225 540
544 545 541
544 540 541
545 546 542
545 541 542
546 392 393
546 542 393
227 226 547
547 548 543
547 226 543
548 549 544
548 543 544
549 550 545
549 544 545
550 551 546
550 545 546
551 391 392
551 546 392
228 227 552
552 553 547
552 227 547
553 554 548
553 547 548
554 555 549
554 548 549
555 556 550
555 549 550
556 557 551
556 550 551
557 390 391
557 551 391
7 228 397
397 398 552
397 228 552
398 399 553
398 552 553
399 400 554
399 553 554
400 401 555
400 554 555
401 402 556
401 555 556
402 404 557
402 556 557
404 2 390
404 557 390
7 257 431
258 257 558
430 431 558
257 558 431
259 258 559
559 560 558
559 258 558
560 429 430
560 558 430
260 259 561
561 562 559
561 259 559
562 563 560
562 559 560
563 428 429
563 560 429
261 260 564
564 565 561
564 260 561
565 566 562
565 561 562
566 567 563
566 562 563
567 427 428
567 563 428
262 261 568
568 569 564
568 261 564
569 570 565
569 564 565
570 571 566
570 565 566
571 572 567
571 566 567
572 426 427
572 567 427
263 262 573
573 574 568
573 262 568
574 575 569
574 568 569
575 576 570
575 569 570
576 577 571
576 570 571
577 578 572
577 571 572
578 425 426
578 572 426
8 263 432
432 433 573
432 263 573
433 434 574
433 573 574
434 435 575
434 574 575
435 436 576
435 575 576
436 437 577
436 576 577
437 439 578
437 577 578
439 3 425
439 578 425
8 292 466
293 292 579
465 466 579
292 579 466
294 293 580
580 581 579
580 293 579
581 464 465
581 579 465
295 294 582
582 583 580
582 294 580
583 584 581
583 580 581
584 463 464
584 581 464
296 295 585
585 586 582
585 295 582
586 587 583
586 582 583
587 588 584
587 583 584
588 462 463
588 584 463
297 296 589
589 590 585
589 296 585
590 591 586
590 585 586
591 592 587
591 586 587
592 593 588
592 587 588
593 461 462
593 588 462
298 297 594
594 595 589
594 297 589
595 596 590
595 589 590
596 597 591
596 590 591
597 598 592
597 591 592
598 599 593
598 592 593
599 460 461
599 593 461
9 298 467
467 468 594
467 298 594
468 469 595
468 594 595
469 470 596
469 595 596
470 471 597
470 596 597
471 472 598
471 597 598
472 474 599
472 598 599
474 4 460
474 599 460
9 327 501
328 327 600
500 501 600
327 600 501
329 328 601
601 602 600
601 328 600
602 499 500
602 600 500
330 329 603
603 604 601
603 329 601
604 605 602
604 601 602
605 498 499
605 602 499
331 330 606
606 607 603
606 330 603
607 608 604
607 603 604
608 609 605
608 604 605
609 497 498
609 605 498
332 331 610
610 611 606
610 331 606
611 612 607
611 606 607
612 613 608
612 607 608
613 614 609
613 608 609
614 496 497
614 609 497
333 332 615
615 616 610
615 332 610
616 617 611
616 610 611
617 618 612
617 611 612
618 619 613
618 612 613
619 620 614
619 613 614
620 495 496
620 614 496
10 333 502
502 503 615
502 333 615
503 504 616
503 615 616
504 505 617
504 616 617
505 506 618
505 617 618
506 507 619
506 618 619
507 509 620
507 619 620
509 5 495
509 620 495
10 355 536
356 355 621
535 536 621
355 621 536
357 356 622
622 623 621
622 356 621
623 534 535
623 621 535
358 357 624
624 625 622
624 357 622
625 626 623
625 622 623
626 533 534
626 623 534
359 358 627
627 628 624
627 358 624
628 629 625
628 624 625
629 630 626
629 625 626
630 532 533
630 626 533
360 359 631
631 632 627
631 359 627
632 633 628
632 627 628
633 634 629
633 628 629
634 635 630
634 629 630
635 531 532
635 630 532
361 360 636
636 637 631
636 360 631
637 638 632
637 631 632
638 639 633
638 632 633
639 640 634
639 633 634
640 641 635
640 634 635
641 530 531
641 635 531
6 361 362
362 363 636
362 361 636
363 364 637
363 636 637
364 365 638
364 637 638
365 366 639
365 638 639
366 367 640
366 639 640
367 369 641
367 640 641
369 1 530
369 641 530
