0 0 1
0.8944272 0 0.44721358
0.27639321 0.85065082 0.44721358
-0.72360681 0.52573112 0.44721358
-0.72360681 -0.52573112 0.44721358
0.27639321 -0.85065082 0.44721358
0.72360681 0.52573112 -0.44721358
-0.27639321 0.85065082 -0.44721358
-0.8944272 1.0953574e-16 -0.44721358
-0.27639321 -0.85065082 -0.44721358
0.72360681 -0.52573112 -0.44721358
0 0 -1
0.84829327 0 0.52952669
0.26213704 0.80677485 0.52952669
0.78869027 0 0.61479074
0.2437187 0.75008902 0.61479074
0.71451374 0 0.69962141
0.22079689 0.67954295 0.69962141
0.6261124 0 0.77973281
0.19347937 0.59546828 0.77973281
0.52573112 0 0.8506508
0.16245985 0.50000001 0.8506508
0.41740827 0 0.90871906
0.12898625 0.39697885 0.90871906
0.30622017 0 0.95196072
0.094627238 0.29123269 0.95196072
0.19717257 0 0.9803688
0.060929674 0.18752226 0.9803688
0.094254808 0 0.99554811
0.12992664 0.094397227 0.98701987
0.029126338 0.08964165 0.99554811
0.23915791 0.098506285 0.96597102
0.1675889 0.19701257 0.96597102
0.35337157 0.1015638 0.9299534
0.28181067 0.20474744 0.93736932
0.20579073 0.30469139 0.9299534
0.4675904 0.10320333 0.87789993
0.39915809 0.20984983 0.8925446
0.32292568 0.31477474 0.8925446
0.24264558 0.41281332 0.87789993
0.5761048 0.10320333 0.81083434
0.51382241 0.21163731 0.83138209
0.44072698 0.32020689 0.83858647
0.3600589 0.42327462 0.83138209
0.27617837 0.51601664 0.81083434
0.67374306 0.1015638 0.73195293
0.61980726 0.20984983 0.75617592
0.55295547 0.32020689 0.76922545
0.47540749 0.42694253 0.76922545
0.39111002 0.52462457 0.75617592
0.30479097 0.60938278 0.73195293
0.75703609 0.098506285 0.64590469
0.71237906 0.20474744 0.67126341
0.65389943 0.31477474 0.68799157
0.58258754 0.42327462 0.69385183
0.5014346 0.52462457 0.68799157
0.41486362 0.61424231 0.67126341
0.32762206 0.68954399 0.64590469
0.82471247 0.094397227 0.55761861
0.78904272 0.19701257 0.58189142
0.73974321 0.30469139 0.59995261
0.67670318 0.41281331 0.60963757
0.60172158 0.51601664 0.60963757
0.51837196 0.60938278 0.59995261
0.4311977 0.68954399 0.58189142
0.34462727 0.75517782 0.55761861
0.87741961 0.08964165 0.47127402
0.84961994 0.18752225 0.49293139
0.80914097 0.29123269 0.51036693
0.75509865 0.39697885 0.52176031
0.68819097 0.50000001 0.52573109
0.61088764 0.59546828 0.52176031
0.52701706 0.67954295 0.51036693
0.44089126 0.75008902 0.49293139
0.35639185 0.80677485 0.47127402
-0.68628368 0.49861428 0.52952669
-0.63806383 0.46358051 0.61479074
-0.57805376 0.41998064 0.69962141
-0.50653557 0.36801964 0.77973281
-0.42532541 0.309017 0.8506508
-0.33769038 0.24534642 0.90871906
-0.24773732 0.1799917 0.95196072
-0.15951596 0.11589513 0.9803688
-0.049627559 0.15273792 0.98701987
-0.076253742 0.055401586 0.99554811
-0.019781186 0.2578928 0.96597102
-0.13558227 0.22026675 0.96597102
0.012604908 0.36746127 0.9299534
-0.1076421 0.33128831 0.93736932
-0.2261859 0.28987343 0.9299534
0.046341182 0.47659648 0.87789993
-0.076232412 0.44446907 0.8925446
-0.19957905 0.40439132 0.8925446
-0.31762719 0.35833599 0.87789993
0.079873976 0.57979981 0.81083434
-0.042499188 0.55407367 0.83138209
-0.16834273 0.51810564 0.83858647
-0.29129377 0.47323541 0.83138209
-0.40541718 0.42211915 0.81083434
0.11160514 0.67215266 0.73195293
-0.0080480698 0.65431889 0.75617592
-0.13366222 0.62484127 0.76922545
-0.25913748 0.58407189 0.76922545
-0.37808797 0.53408564 0.75617592
-0.48537188 0.47818307 0.73195293
0.14025197 0.75042422 0.64590469
0.025410852 0.74078318 0.67126341
-0.097302532 0.71916605 0.68799157
-0.22252864 0.68487272 0.69385183
-0.3439958 0.63901055 0.68799157
-0.45597924 0.58437006 0.67126341
-0.55455452 0.52466791 0.64590469
0.16507307 0.81351851 0.55761861
0.056457523 0.81130446 0.58189142
-0.06118551 0.79769242 0.59995261
-0.18349601 0.7711493 0.60963757
-0.3048188 0.73172914 0.60963757
-0.41937172 0.68131066 0.59995261
-0.52254789 0.62317419 0.58189142
-0.6117211 0.56112279 0.55761861
0.1858833 0.86217643 0.47127402
0.084202739 0.86598415 0.49293139
-0.026940437 0.85953465 0.51036693
-0.14421101 0.8408147 0.52176031
-0.26286556 0.80901701 0.52573109
-0.37754933 0.76499849 0.52176031
-0.48342652 0.71121333 0.51036693
-0.57713416 0.65110276 0.49293139
-0.65715734 0.58825593 0.47127402
-0.68628368 -0.49861428 0.52952669
-0.63806383 -0.46358051 0.61479074
-0.57805376 -0.41998064 0.69962141
-0.50653557 -0.36801964 0.77973281
-0.42532541 -0.309017 0.8506508
-0.33769038 -0.24534642 0.90871906
-0.24773732 -0.1799917 0.95196072
-0.15951596 -0.11589513 0.9803688
-0.16059816 2.3100396e-17 0.98701987
-0.076253742 -0.055401586 0.99554811
-0.25138335 0.060880232 0.96597102
-0.25138335 -0.060880232 0.96597102
-0.34558131 0.12553976 0.9299534
-0.34833714 3.3403147e-17 0.93736932
-0.34558131 -0.12553976 0.9299534
-0.43894998 0.1913495 0.87789993
-0.44627231 0.064847163 0.8925446
-0.44627231 -0.064847163 0.8925446
-0.43894998 -0.1913495 0.87789993
-0.52673997 0.25513266 0.81083434
-0.54008835 0.13079905 0.83138209
-0.54476851 3.482638e-17 0.83858647
-0.54008835 -0.13079905 0.83138209
-0.52673997 -0.25513266 0.81083434
-0.60476728 0.31384939 0.73195293
-0.62478124 0.19454149 0.75617592
-0.63556326 0.065966248 0.76922545
-0.63556326 -0.065966248 0.76922545
-0.62478124 -0.19454149 0.75617592
-0.60476728 -0.31384939 0.73195293
-0.6703556 0.36528139 0.64590469
-0.69667429 0.25308175 0.67126341
-0.7140357 0.12969433 0.68799157
-0.7201178 1.0358155e-16 0.69385183
-0.7140357 -0.12969433 0.68799157
-0.69667429 -0.25308175 0.67126341
-0.6703556 -0.36528139 0.64590469
-0.7226917 0.40838486 0.55761861
-0.75415005 0.30440116 0.58189142
-0.77755794 0.18830964 0.59995261
-0.79010996 0.063783165 0.60963757
-0.79010996 -0.063783165 0.60963757
-0.77755794 -0.18830964 0.59995261
-0.75415005 -0.30440116 0.58189142
-0.7226917 -0.40838486 0.55761861
-0.76253742 0.44321269 0.47127402
-0.79757979 0.34768538 0.49293139
-0.82579108 0.23998894 0.51036693
-0.84422596 0.12267321 0.52176031
-0.85065082 9.7885908e-17 0.52573109
-0.84422596 -0.12267321 0.52176031
-0.82579108 -0.23998894 0.51036693
-0.79757979 -0.34768538 0.49293139
-0.76253742 -0.44321269 0.47127402
0.26213704 -0.80677485 0.52952669
0.2437187 -0.75008902 0.61479074
0.22079689 -0.67954295 0.69962141
0.19347937 -0.59546828 0.77973281
0.16245985 -0.50000001 0.8506508
0.12898625 -0.39697885 0.90871906
0.094627238 -0.29123269 0.95196072
0.060929674 -0.18752226 0.9803688
-0.049627559 -0.15273792 0.98701987
0.029126338 -0.08964165 0.99554811
-0.13558227 -0.22026675 0.96597102
-0.019781186 -0.2578928 0.96597102
-0.2261859 -0.28987343 0.9299534
-0.1076421 -0.33128831 0.93736932
0.012604908 -0.36746127 0.9299534
-0.31762719 -0.35833599 0.87789993
-0.19957905 -0.40439132 0.8925446
-0.076232412 -0.44446907 0.8925446
0.046341182 -0.47659648 0.87789993
-0.40541718 -0.42211915 0.81083434
-0.29129377 -0.47323541 0.83138209
-0.16834273 -0.51810564 0.83858647
-0.042499188 -0.55407367 0.83138209
0.079873976 -0.57979981 0.81083434
-0.48537188 -0.47818307 0.73195293
-0.37808797 -0.53408564 0.75617592
-0.25913748 -0.58407189 0.76922545
-0.13366222 -0.62484127 0.76922545
-0.0080480698 -0.65431889 0.75617592
0.11160514 -0.67215266 0.73195293
-0.55455452 -0.52466791 0.64590469
-0.45597924 -0.58437006 0.67126341
-0.3439958 -0.63901055 0.68799157
-0.22252864 -0.68487272 0.69385183
-0.097302532 -0.71916605 0.68799157
0.025410852 -0.74078318 0.67126341
0.14025197 -0.75042422 0.64590469
-0.6117211 -0.56112279 0.55761861
-0.52254789 -0.62317419 0.58189142
-0.41937172 -0.68131066 0.59995261
-0.3048188 -0.73172914 0.60963757
-0.18349601 -0.7711493 0.60963757
-0.06118551 -0.79769242 0.59995261
0.056457523 -0.81130446 0.58189142
0.16507307 -0.81351851 0.55761861
-0.65715734 -0.58825593 0.47127402
-0.57713416 -0.65110276 0.49293139
-0.48342652 -0.71121333 0.51036693
-0.37754933 -0.76499849 0.52176031
-0.26286556 -0.80901701 0.52573109
-0.14421101 -0.8408147 0.52176031
-0.026940437 -0.85953465 0.51036693
0.084202739 -0.86598415 0.49293139
0.1858833 -0.86217643 0.47127402
0.12992664 -0.094397227 0.98701987
0.1675889 -0.19701257 0.96597102
0.23915791 -0.098506285 0.96597102
0.20579073 -0.30469139 0.9299534
0.28181067 -0.20474744 0.93736932
0.35337157 -0.1015638 0.9299534
0.24264558 -0.41281332 0.87789993
0.32292568 -0.31477474 0.8925446
0.39915809 -0.20984983 0.8925446
0.4675904 -0.10320333 0.87789993
0.27617837 -0.51601664 0.81083434
0.3600589 -0.42327462 0.83138209
0.44072698 -0.32020689 0.83858647
0.51382241 -0.21163731 0.83138209
0.5761048 -0.10320333 0.81083434
0.30479097 -0.60938278 0.73195293
0.39111002 -0.52462457 0.75617592
0.47540749 -0.42694253 0.76922545
0.55295547 -0.32020689 0.76922545
0.61980726 -0.20984983 0.75617592
0.67374306 -0.1015638 0.73195293
0.32762206 -0.68954399 0.64590469
0.41486362 -0.61424231 0.67126341
0.5014346 -0.52462457 0.68799157
0.58258754 -0.42327462 0.69385183
0.65389943 -0.31477474 0.68799157
0.71237906 -0.20474744 0.67126341
0.75703609 -0.098506285 0.64590469
0.34462727 -0.75517782 0.55761861
0.4311977 -0.68954399 0.58189142
0.51837196 -0.60938278 0.59995261
0.60172158 -0.51601664 0.60963757
0.67670318 -0.41281331 0.60963757
0.73974321 -0.30469139 0.59995261
0.78904272 -0.19701257 0.58189142
0.82471247 -0.094397227 0.55761861
0.35639185 -0.80677485 0.47127402
0.44089126 -0.75008902 0.49293139
0.52701706 -0.67954295 0.51036693
0.61088764 -0.59546828 0.52176031
0.68819097 -0.50000001 0.52573109
0.75509865 -0.39697885 0.52176031
0.80914097 -0.29123269 0.51036693
0.84961994 -0.18752225 0.49293139
0.87741961 -0.08964165 0.47127402
-0.26213704 0.80677485 -0.52952669
0.68628368 0.49861428 -0.52952669
-0.2437187 0.75008902 -0.61479074
0.63806383 0.46358051 -0.61479074
-0.22079689 0.67954295 -0.69962141
0.57805376 0.41998064 -0.69962141
-0.19347937 0.59546828 -0.77973281
0.50653557 0.36801964 -0.77973281
-0.16245985 0.50000001 -0.8506508
0.42532541 0.309017 -0.8506508
-0.12898625 0.39697885 -0.90871906
0.33769038 0.24534642 -0.90871906
-0.094627238 0.29123269 -0.95196072
0.24773732 0.1799917 -0.95196072
-0.060929674 0.18752226 -0.9803688
0.15951596 0.11589513 -0.9803688
-0.029126338 0.08964165 -0.99554811
0.049627559 0.15273792 -0.98701987
0.076253742 0.055401586 -0.99554811
0.019781186 0.2578928 -0.96597102
0.13558227 0.22026675 -0.96597102
-0.012604908 0.36746127 -0.9299534
0.1076421 0.33128831 -0.93736932
0.2261859 0.28987343 -0.9299534
-0.046341182 0.47659648 -0.87789993
0.076232412 0.44446907 -0.8925446
0.19957905 0.40439132 -0.8925446
0.31762719 0.35833599 -0.87789993
-0.079873976 0.57979981 -0.81083434
0.042499188 0.55407367 -0.83138209
0.16834273 0.51810564 -0.83858647
0.29129377 0.47323541 -0.83138209
0.40541718 0.42211915 -0.81083434
-0.11160514 0.67215266 -0.73195293
0.0080480698 0.65431889 -0.75617592
0.13366222 0.62484127 -0.76922545
0.25913748 0.58407189 -0.76922545
0.37808797 0.53408564 -0.75617592
0.48537188 0.47818307 -0.73195293
-0.14025197 0.75042422 -0.64590469
-0.025410852 0.74078318 -0.67126341
0.097302532 0.71916605 -0.68799157
0.22252864 0.68487272 -0.69385183
0.3439958 0.63901055 -0.68799157
0.45597924 0.58437006 -0.67126341
0.55455452 0.52466791 -0.64590469
-0.16507307 0.81351851 -0.55761861
-0.056457523 0.81130446 -0.58189142
0.06118551 0.79769242 -0.59995261
0.18349601 0.7711493 -0.60963757
0.3048188 0.73172914 -0.60963757
0.41937172 0.68131066 -0.59995261
0.52254789 0.62317419 -0.58189142
0.6117211 0.56112279 -0.55761861
-0.1858833 0.86217643 -0.47127402
-0.084202739 0.86598415 -0.49293139
0.026940437 0.85953465 -0.51036693
0.14421101 0.8408147 -0.52176031
0.26286556 0.80901701 -0.52573109
0.37754933 0.76499849 -0.52176031
0.48342652 0.71121333 -0.51036693
0.57713416 0.65110276 -0.49293139
0.65715734 0.58825593 -0.47127402
-0.84829327 1.0388596e-16 -0.52952669
-0.78869027 9.6586701e-17 -0.61479074
-0.71451374 8.7502696e-17 -0.69962141
-0.6261124 7.6676655e-17 -0.77973281
-0.52573112 6.4383493e-17 -0.8506508
-0.41740827 5.111777e-17 -0.90871906
-0.30622017 3.7501156e-17 -0.95196072
-0.19717257 2.4146675e-17 -0.9803688
-0.094254808 1.1542885e-17 -0.99554811
-0.12992664 0.094397227 -0.98701987
-0.23915791 0.098506285 -0.96597102
-0.1675889 0.19701257 -0.96597102
-0.35337157 0.1015638 -0.9299534
-0.28181067 0.20474744 -0.93736932
-0.20579073 0.30469139 -0.9299534
-0.4675904 0.10320333 -0.87789993
-0.39915809 0.20984983 -0.8925446
-0.32292568 0.31477474 -0.8925446
-0.24264558 0.41281332 -0.87789993
-0.5761048 0.10320333 -0.81083434
-0.51382241 0.21163731 -0.83138209
-0.44072698 0.32020689 -0.83858647
-0.3600589 0.42327462 -0.83138209
-0.27617837 0.51601664 -0.81083434
-0.67374306 0.1015638 -0.73195293
-0.61980726 0.20984983 -0.75617592
-0.55295547 0.32020689 -0.76922545
-0.47540749 0.42694253 -0.76922545
-0.39111002 0.52462457 -0.75617592
-0.30479097 0.60938278 -0.73195293
-0.75703609 0.098506285 -0.64590469
-0.71237906 0.20474744 -0.67126341
-0.65389943 0.31477474 -0.68799157
-0.58258754 0.42327462 -0.69385183
-0.5014346 0.52462457 -0.68799157
-0.41486362 0.61424231 -0.67126341
-0.32762206 0.68954399 -0.64590469
-0.82471247 0.094397227 -0.55761861
-0.78904272 0.19701257 -0.58189142
-0.73974321 0.30469139 -0.59995261
-0.67670318 0.41281331 -0.60963757
-0.60172158 0.51601664 -0.60963757
-0.51837196 0.60938278 -0.59995261
-0.4311977 0.68954399 -0.58189142
-0.34462727 0.75517782 -0.55761861
-0.87741961 0.08964165 -0.47127402
-0.84961994 0.18752225 -0.49293139
-0.80914097 0.29123269 -0.51036693
-0.75509865 0.39697885 -0.52176031
-0.68819097 0.50000001 -0.52573109
-0.61088764 0.59546828 -0.52176031
-0.52701706 0.67954295 -0.51036693
-0.44089126 0.75008902 -0.49293139
-0.35639185 0.80677485 -0.47127402
-0.26213704 -0.80677485 -0.52952669
-0.2437187 -0.75008902 -0.61479074
-0.22079689 -0.67954295 -0.69962141
-0.19347937 -0.59546828 -0.77973281
-0.16245985 -0.50000001 -0.8506508
-0.12898625 -0.39697885 -0.90871906
-0.094627238 -0.29123269 -0.95196072
-0.060929674 -0.18752226 -0.9803688
-0.029126338 -0.08964165 -0.99554811
-0.12992664 -0.094397227 -0.98701987
-0.1675889 -0.19701257 -0.96597102
-0.23915791 -0.098506285 -0.96597102
-0.20579073 -0.30469139 -0.9299534
-0.28181067 -0.20474744 -0.93736932
-0.35337157 -0.1015638 -0.9299534
-0.24264558 -0.41281332 -0.87789993
-0.32292568 -0.31477474 -0.8925446
-0.39915809 -0.20984983 -0.8925446
-0.4675904 -0.10320333 -0.87789993
-0.27617837 -0.51601664 -0.81083434
-0.3600589 -0.42327462 -0.83138209
-0.44072698 -0.32020689 -0.83858647
-0.51382241 -0.21163731 -0.83138209
-0.5761048 -0.10320333 -0.81083434
-0.30479097 -0.60938278 -0.73195293
-0.39111002 -0.52462457 -0.75617592
-0.47540749 -0.42694253 -0.76922545
-0.55295547 -0.32020689 -0.76922545
-0.61980726 -0.20984983 -0.75617592
-0.67374306 -0.1015638 -0.73195293
-0.32762206 -0.68954399 -0.64590469
-0.41486362 -0.61424231 -0.67126341
-0.5014346 -0.52462457 -0.68799157
-0.58258754 -0.42327462 -0.69385183
-0.65389943 -0.31477474 -0.68799157
-0.71237906 -0.20474744 -0.67126341
-0.75703609 -0.098506285 -0.64590469
-0.34462727 -0.75517782 -0.55761861
-0.4311977 -0.68954399 -0.58189142
-0.51837196 -0.60938278 -0.59995261
-0.60172158 -0.51601664 -0.60963757
-0.67670318 -0.41281331 -0.60963757
-0.73974321 -0.30469139 -0.59995261
-0.78904272 -0.19701257 -0.58189142
-0.82471247 -0.094397227 -0.55761861
-0.35639185 -0.80677485 -0.47127402
-0.44089126 -0.75008902 -0.49293139
-0.52701706 -0.67954295 -0.51036693
-0.61088764 -0.59546828 -0.52176031
-0.68819097 -0.50000001 -0.52573109
-0.75509865 -0.39697885 -0.52176031
-0.80914097 -0.29123269 -0.51036693
-0.84961994 -0.18752225 -0.49293139
-0.87741961 -0.08964165 -0.47127402
0.68628368 -0.49861428 -0.52952669
0.63806383 -0.46358051 -0.61479074
0.57805376 -0.41998064 -0.69962141
0.50653557 -0.36801964 -0.77973281
0.42532541 -0.309017 -0.8506508
0.33769038 -0.24534642 -0.90871906
0.24773732 -0.1799917 -0.95196072
0.15951596 -0.11589513 -0.9803688
0.076253742 -0.055401586 -0.99554811
0.049627559 -0.15273792 -0.98701987
0.13558227 -0.22026675 -0.96597102
0.019781186 -0.2578928 -0.96597102
0.2261859 -0.28987343 -0.9299534
0.1076421 -0.33128831 -0.93736932
-0.012604908 -0.36746127 -0.9299534
0.31762719 -0.35833599 -0.87789993
0.19957905 -0.40439132 -0.8925446
0.076232412 -0.44446907 -0.8925446
-0.046341182 -0.47659648 -0.87789993
0.40541718 -0.42211915 -0.81083434
0.29129377 -0.47323541 -0.83138209
0.16834273 -0.51810564 -0.83858647
0.042499188 -0.55407367 -0.83138209
-0.079873976 -0.57979981 -0.81083434
0.48537188 -0.47818307 -0.73195293
0.37808797 -0.53408564 -0.75617592
0.25913748 -0.58407189 -0.76922545
0.13366222 -0.62484127 -0.76922545
0.0080480698 -0.65431889 -0.75617592
-0.11160514 -0.67215266 -0.73195293
0.55455452 -0.52466791 -0.64590469
0.45597924 -0.58437006 -0.67126341
0.3439958 -0.63901055 -0.68799157
0.22252864 -0.68487272 -0.69385183
0.097302532 -0.71916605 -0.68799157
-0.025410852 -0.74078318 -0.67126341
-0.14025197 -0.75042422 -0.64590469
0.6117211 -0.56112279 -0.55761861
0.52254789 -0.62317419 -0.58189142
0.41937172 -0.68131066 -0.59995261
0.3048188 -0.73172914 -0.60963757
0.18349601 -0.7711493 -0.60963757
0.06118551 -0.79769242 -0.59995261
-0.056457523 -0.81130446 -0.58189142
-0.16507307 -0.81351851 -0.55761861
0.65715734 -0.58825593 -0.47127402
0.57713416 -0.65110276 -0.49293139
0.48342652 -0.71121333 -0.51036693
0.37754933 -0.76499849 -0.52176031
0.26286556 -0.80901701 -0.52573109
0.14421101 -0.8408147 -0.52176031
0.026940437 -0.85953465 -0.51036693
-0.084202739 -0.86598415 -0.49293139
-0.1858833 -0.86217643 -0.47127402
0.16059816 -7.7001319e-18 -0.98701987
0.25138335 0.060880232 -0.96597102
0.25138335 -0.060880232 -0.96597102
0.34558131 0.12553976 -0.9299534
0.34833714 0 -0.93736932
0.34558131 -0.12553976 -0.9299534
0.43894998 0.1913495 -0.87789993
0.44627231 0.064847163 -0.8925446
0.44627231 -0.064847163 -0.8925446
0.43894998 -0.1913495 -0.87789993
0.52673997 0.25513266 -0.81083434
0.54008835 0.13079905 -0.83138209
0.54476851 -3.482638e-17 -0.83858647
0.54008835 -0.13079905 -0.83138209
0.52673997 -0.25513266 -0.81083434
0.60476728 0.31384939 -0.73195293
0.62478124 0.19454149 -0.75617592
0.63556326 0.065966248 -0.76922545
0.63556326 -0.065966248 -0.76922545
0.62478124 -0.19454149 -0.75617592
0.60476728 -0.31384939 -0.73195293
0.6703556 0.36528139 -0.64590469
0.69667429 0.25308175 -0.67126341
0.7140357 0.12969433 -0.68799157
0.7201178 -6.9054367e-17 -0.69385183
0.7140357 -0.12969433 -0.68799157
0.69667429 -0.25308175 -0.67126341
0.6703556 -0.36528139 -0.64590469
0.7226917 0.40838486 -0.55761861
0.75415005 0.30440116 -0.58189142
0.77755794 0.18830964 -0.59995261
0.79010996 0.063783165 -0.60963757
0.79010996 -0.063783165 -0.60963757
0.77755794 -0.18830964 -0.59995261
0.75415005 -0.30440116 -0.58189142
0.7226917 -0.40838486 -0.55761861
0.76253742 0.44321269 -0.47127402
0.79757979 0.34768538 -0.49293139
0.82579108 0.23998894 -0.51036693
0.84422596 0.12267321 -0.52176031
0.85065082 -3.2628636e-17 -0.52573109
0.84422596 -0.12267321 -0.52176031
0.82579108 -0.23998894 -0.51036693
0.79757979 -0.34768538 -0.49293139
0.76253742 -0.44321269 -0.47127402
0.78053848 0.49861427 -0.37701921
0.83523639 0.4635805 -0.29575883
0.88427392 0.41998063 -0.20414677
0.92394383 0.36801963 -0.10435206
0.95105652 0.30901699 1.6314318e-17
0.96380277 0.24534642 0.10435206
0.96225105 0.1799917 0.20414677
0.94820622 0.11589513 0.29575883
0.92454701 0.055401586 0.37701921
0.90501154 0.15273792 0.39702045
0.92462498 0.22026675 0.31072689
0.87283717 0.2578928 0.41430252
0.93292902 0.28987343 0.21358098
0.88654762 0.33128831 0.32292627
0.82613853 0.36746127 0.42716196
0.92726477 0.35833598 0.10851439
0.88757063 0.40439131 0.22064915
0.83240834 0.44446906 0.33097373
0.76449317 0.47659648 0.43405758
0.90654036 0.42211915 3.3673838e-17
0.87388129 0.4732354 0.11126431
0.82533971 0.51810563 0.22445695
0.76261698 0.55407366 0.33379293
0.68951157 0.5797998 0.43405758
0.87174351 0.47818306 -0.10679049
0.84543039 0.53408563 3.4235567e-17
0.80390597 0.58407188 0.11222848
0.74779173 0.62484126 0.22445695
0.67994352 0.65431888 0.33097373
0.60476728 0.67215266 0.42716196
0.82571905 0.5246679 -0.20715126
0.80431637 0.58437005 -0.10764209
0.76919798 0.63901054 3.4235567e-17
0.72011778 0.68487271 0.11126431
0.6588734 0.71916604 0.22064915
0.58903218 0.74078317 0.32292627
0.51499215 0.75042422 0.41430252
0.77231925 0.56112278 -0.29776534
0.75415005 0.62317418 -0.20715126
0.72416268 0.68131065 -0.10679049
0.68159554 0.73172913 0
0.62733834 0.77114929 0.10851439
0.56397694 0.79769241 0.21358098
0.49521096 0.81130445 0.31072689
0.42492634 0.81351851 0.39702045
0.71541001 0.58825592 -0.37701921
0.6989935 0.65110276 -0.29575883
0.67268099 0.71121332 -0.20414677
0.63552181 0.76499848 -0.10435206
0.58778525 0.80901699 3.2628636e-17
0.53116975 0.84081469 0.10435206
0.46853421 0.85953464 0.20414677
0.40323465 0.86598414 0.29575883
0.33839078 0.86217643 0.37701921
-0.2330107 0.89641649 -0.37701921
-0.18278902 0.93761127 -0.29575883
-0.12616965 0.97077563 -0.20414677
-0.064493123 0.99244712 -0.10435206
4.0785795e-17 1 1.6314318e-17
0.064493123 0.99244712 0.10435206
0.12616965 0.97077563 0.20414677
0.18278902 0.93761127 0.29575883
0.2330107 0.89641649 0.37701921
0.13440155 0.90791574 0.39702045
0.076238709 0.94743678 0.31072689
0.024450891 0.90981073 0.41430252
0.012604908 0.97684404 0.21358098
-0.041115622 0.94553061 0.32292627
-0.094185587 0.89925621 0.42716196
-0.0542572 0.99261311 0.10851439
-0.11032458 0.96909362 0.22064915
-0.16548687 0.92901587 0.33097373
-0.2170288 0.87435263 0.43405758
-0.12132279 0.99261311 3.3673838e-17
-0.18002945 0.97734828 0.11126431
-0.23770374 0.94504815 0.22445695
-0.29129376 0.89651002 0.33379293
-0.33835159 0.83493246 0.43405758
-0.18539556 0.97684404 -0.10679049
-0.24669326 0.96909361 3.4235567e-17
-0.30706476 0.94504815 0.11222848
-0.363179 0.90427877 0.22445695
-0.41218014 0.84886037 0.33097373
-0.4523718 0.78287446 0.42716196
-0.24382761 0.94743678 -0.20715126
-0.30722152 0.9455306 -0.10764209
-0.37003989 0.92901586 3.4235567e-17
-0.42882402 0.89651002 0.11126431
-0.48036448 0.84886037 0.22064915
-0.52250571 0.78911749 0.32292627
-0.55455452 0.72168047 0.41430252
-0.2949997 0.90791573 -0.29776534
-0.35962869 0.90981073 -0.20715126
-0.42418636 0.8992562 -0.10679049
-0.48529115 0.87435262 0
-0.53954835 0.83493246 0.10851439
-0.58437211 0.78287445 0.21358098
-0.61856778 0.72168047 0.31072689
-0.64239262 0.65552001 0.39702045
-0.33839078 0.86217643 -0.37701921
-0.40323465 0.86598414 -0.29575883
-0.46853421 0.85953464 -0.20414677
-0.53116975 0.84081469 -0.10435206
-0.58778525 0.80901699 3.2628636e-17
-0.63552181 0.76499848 0.10435206
-0.67268099 0.71121332 0.20414677
-0.6989935 0.65110276 0.29575883
-0.71541001 0.58825592 0.37701921
-0.92454701 0.055401586 -0.37701921
-0.94820622 0.11589513 -0.29575883
-0.96225105 0.1799917 -0.20414677
-0.96380277 0.24534642 -0.10435206
-0.95105652 0.30901699 1.6314318e-17
-0.92394383 0.36801963 0.10435206
-0.88427392 0.41998063 0.20414677
-0.83523639 0.4635805 0.29575883
-0.78053848 0.49861427 0.37701921
-0.82194681 0.40838486 0.39702045
-0.87750687 0.36528139 0.31072689
-0.85772569 0.30440116 0.41430252
-0.92513876 0.31384939 0.21358098
-0.91195847 0.25308175 0.32292627
-0.88434843 0.18830964 0.42716196
-0.96079756 0.25513266 0.10851439
-0.95575497 0.19454149 0.22064915
-0.93468485 0.12969432 0.33097373
-0.89862435 0.063783165 0.43405758
-0.98152197 0.19134949 3.3673838e-17
-0.9851456 0.13079905 0.11126431
-0.9722487 0.065966247 0.22445695
-0.94264642 8.6317958e-17 0.33379293
-0.89862435 -0.063783165 0.43405758
-0.98632427 0.12553976 -0.10679049
-0.99789521 0.064847162 3.4235567e-17
-0.99368243 1.2189233e-16 0.11222848
-0.9722487 -0.065966247 0.22445695
-0.93468485 -0.12969432 0.33097373
-0.88434843 -0.18830964 0.42716196
-0.9764128 0.060880231 -0.20715126
-0.99418971 1.1691101e-16 -0.10764209
-0.99789521 -0.064847162 3.4235567e-17
-0.9851456 -0.13079905 0.11126431
-0.95575497 -0.19454149 0.22064915
-0.91195847 -0.25308175 0.32292627
-0.85772569 -0.30440116 0.41430252
-0.9546391 1.1550198e-16 -0.29776534
-0.9764128 -0.060880231 -0.20715126
-0.98632427 -0.12553976 -0.10679049
-0.98152197 -0.19134949 0
-0.96079756 -0.25513266 0.10851439
-0.92513876 -0.31384939 0.21358098
-0.87750687 -0.36528139 0.31072689
-0.82194681 -0.40838486 0.39702045
-0.92454701 -0.055401586 -0.37701921
-0.94820622 -0.11589513 -0.29575883
-0.96225105 -0.1799917 -0.20414677
-0.96380277 -0.24534642 -0.10435206
-0.95105652 -0.30901699 3.2628636e-17
-0.92394383 -0.36801963 0.10435206
-0.88427392 -0.41998063 0.20414677
-0.83523639 -0.4635805 0.29575883
-0.78053848 -0.49861427 0.37701921
-0.33839078 -0.86217643 -0.37701921
-0.40323465 -0.86598414 -0.29575883
-0.46853421 -0.85953464 -0.20414677
-0.53116975 -0.84081469 -0.10435206
-0.58778525 -0.80901699 1.6314318e-17
-0.63552181 -0.76499848 0.10435206
-0.67268099 -0.71121332 0.20414677
-0.6989935 -0.65110276 0.29575883
-0.71541001 -0.58825592 0.37701921
-0.64239262 -0.65552001 0.39702045
-0.61856778 -0.72168047 0.31072689
-0.55455452 -0.72168047 0.41430252
-0.58437211 -0.78287445 0.21358098
-0.52250571 -0.78911749 0.32292627
-0.4523718 -0.78287446 0.42716196
-0.53954835 -0.83493246 0.10851439
-0.48036448 -0.84886037 0.22064915
-0.41218014 -0.84886037 0.33097373
-0.33835159 -0.83493246 0.43405758
-0.48529115 -0.87435262 3.3673838e-17
-0.42882402 -0.89651002 0.11126431
-0.363179 -0.90427877 0.22445695
-0.29129376 -0.89651002 0.33379293
-0.2170288 -0.87435263 0.43405758
-0.42418636 -0.8992562 -0.10679049
-0.37003989 -0.92901586 3.4235567e-17
-0.30706476 -0.94504815 0.11222848
-0.23770374 -0.94504815 0.22445695
-0.16548687 -0.92901587 0.33097373
-0.094185587 -0.89925621 0.42716196
-0.35962869 -0.90981073 -0.20715126
-0.30722152 -0.9455306 -0.10764209
-0.24669326 -0.96909361 3.4235567e-17
-0.18002945 -0.97734828 0.11126431
-0.11032458 -0.96909362 0.22064915
-0.041115622 -0.94553061 0.32292627
0.024450891 -0.90981073 0.41430252
-0.2949997 -0.90791573 -0.29776534
-0.24382761 -0.94743678 -0.20715126
-0.18539556 -0.97684404 -0.10679049
-0.12132279 -0.99261311 0
-0.0542572 -0.99261311 0.10851439
0.012604908 -0.97684404 0.21358098
0.076238709 -0.94743678 0.31072689
0.13440155 -0.90791574 0.39702045
-0.2330107 -0.89641649 -0.37701921
-0.18278902 -0.93761127 -0.29575883
-0.12616965 -0.97077563 -0.20414677
-0.064493123 -0.99244712 -0.10435206
-1.794575e-16 -1 3.2628636e-17
0.064493123 -0.99244712 0.10435206
0.12616965 -0.97077563 0.20414677
0.18278902 -0.93761127 0.29575883
0.2330107 -0.89641649 0.37701921
0.71541001 -0.58825592 -0.37701921
0.6989935 -0.65110276 -0.29575883
0.67268099 -0.71121332 -0.20414677
0.63552181 -0.76499848 -0.10435206
0.58778525 -0.80901699 1.6314318e-17
0.53116975 -0.84081469 0.10435206
0.46853421 -0.85953464 0.20414677
0.40323465 -0.86598414 0.29575883
0.33839078 -0.86217643 0.37701921
0.42492634 -0.81351851 0.39702045
0.49521096 -0.81130445 0.31072689
0.51499215 -0.75042422 0.41430252
0.56397694 -0.79769241 0.21358098
0.58903218 -0.74078317 0.32292627
0.60476728 -0.67215266 0.42716196
0.62733834 -0.77114929 0.10851439
0.6588734 -0.71916604 0.22064915
0.67994352 -0.65431888 0.33097373
0.68951157 -0.5797998 0.43405758
0.68159554 -0.73172913 3.3673838e-17
0.72011778 -0.68487271 0.11126431
0.74779173 -0.62484126 0.22445695
0.76261698 -0.55407366 0.33379293
0.76449317 -0.47659648 0.43405758
0.72416268 -0.68131065 -0.10679049
0.76919798 -0.63901054 3.4235567e-17
0.80390597 -0.58407188 0.11222848
0.82533971 -0.51810563 0.22445695
0.83240834 -0.44446906 0.33097373
0.82613853 -0.36746127 0.42716196
0.75415005 -0.62317418 -0.20715126
0.80431637 -0.58437005 -0.10764209
0.84543039 -0.53408563 3.4235567e-17
0.87388129 -0.4732354 0.11126431
0.88757063 -0.40439131 0.22064915
0.88654762 -0.33128831 0.32292627
0.87283717 -0.2578928 0.41430252
0.77231925 -0.56112278 -0.29776534
0.82571905 -0.5246679 -0.20715126
0.87174351 -0.47818306 -0.10679049
0.90654036 -0.42211915 0
0.92726477 -0.35833598 0.10851439
0.93292902 -0.28987343 0.21358098
0.92462498 -0.22026675 0.31072689
0.90501154 -0.15273792 0.39702045
0.78053848 -0.49861427 -0.37701921
0.83523639 -0.4635805 -0.29575883
0.88427392 -0.41998063 -0.20414677
0.92394383 -0.36801963 -0.10435206
0.95105652 -0.30901699 3.2628636e-17
0.96380277 -0.24534642 0.10435206
0.96225105 -0.1799917 0.20414677
0.94820622 -0.11589513 0.29575883
0.92454701 -0.055401586 0.37701921
0.64239262 0.65552001 -0.39702045
0.55455452 0.72168047 -0.41430252
0.61856778 0.72168047 -0.31072689
0.4523718 0.78287446 -0.42716196
0.52250571 0.78911749 -0.32292627
0.58437211 0.78287445 -0.21358098
0.33835159 0.83493246 -0.43405758
0.41218014 0.84886037 -0.33097373
0.48036448 0.84886037 -0.22064915
0.53954835 0.83493246 -0.10851439
0.2170288 0.87435263 -0.43405758
0.29129376 0.89651002 -0.33379293
0.363179 0.90427877 -0.22445695
0.42882402 0.89651002 -0.11126431
0.48529115 0.87435262 6.7347675e-17
0.094185587 0.89925621 -0.42716196
0.16548687 0.92901587 -0.33097373
0.23770374 0.94504815 -0.22445695
0.30706476 0.94504815 -0.11222848
0.37003989 0.92901586 3.4235567e-17
0.42418636 0.8992562 0.10679049
-0.024450891 0.90981073 -0.41430252
0.041115622 0.94553061 -0.32292627
0.11032458 0.96909362 -0.22064915
0.18002945 0.97734828 -0.11126431
0.24669326 0.96909361 6.8471134e-17
0.30722152 0.9455306 0.10764209
0.35962869 0.90981073 0.20715126
-0.13440155 0.90791574 -0.39702045
-0.076238709 0.94743678 -0.31072689
-0.012604908 0.97684404 -0.21358098
0.0542572 0.99261311 -0.10851439
0.12132279 0.99261311 6.7347675e-17
0.18539556 0.97684404 0.10679049
0.24382761 0.94743678 0.20715126
0.2949997 0.90791573 0.29776534
-0.42492634 0.81351851 -0.39702045
-0.51499215 0.75042422 -0.41430252
-0.49521096 0.81130445 -0.31072689
-0.60476728 0.67215266 -0.42716196
-0.58903218 0.74078317 -0.32292627
-0.56397694 0.79769241 -0.21358098
-0.68951157 0.5797998 -0.43405758
-0.67994352 0.65431888 -0.33097373
-0.6588734 0.71916604 -0.22064915
-0.62733834 0.77114929 -0.10851439
-0.76449317 0.47659648 -0.43405758
-0.76261698 0.55407366 -0.33379293
-0.74779173 0.62484126 -0.22445695
-0.72011778 0.68487271 -0.11126431
-0.68159554 0.73172913 6.7347675e-17
-0.82613853 0.36746127 -0.42716196
-0.83240834 0.44446906 -0.33097373
-0.82533971 0.51810563 -0.22445695
-0.80390597 0.58407188 -0.11222848
-0.76919798 0.63901054 3.4235567e-17
-0.72416268 0.68131065 0.10679049
-0.87283717 0.2578928 -0.41430252
-0.88654762 0.33128831 -0.32292627
-0.88757063 0.40439131 -0.22064915
-0.87388129 0.4732354 -0.11126431
-0.84543039 0.53408563 6.8471134e-17
-0.80431637 0.58437005 0.10764209
-0.75415005 0.62317418 0.20715126
-0.90501154 0.15273792 -0.39702045
-0.92462498 0.22026675 -0.31072689
-0.93292902 0.28987343 -0.21358098
-0.92726477 0.35833598 -0.10851439
-0.90654036 0.42211915 6.7347675e-17
-0.87174351 0.47818306 0.10679049
-0.82571905 0.5246679 0.20715126
-0.77231925 0.56112278 0.29776534
-0.90501154 -0.15273792 -0.39702045
-0.87283717 -0.2578928 -0.41430252
-0.92462498 -0.22026675 -0.31072689
-0.82613853 -0.36746127 -0.42716196
-0.88654762 -0.33128831 -0.32292627
-0.93292902 -0.28987343 -0.21358098
-0.76449317 -0.47659648 -0.43405758
-0.83240834 -0.44446906 -0.33097373
-0.88757063 -0.40439131 -0.22064915
-0.92726477 -0.35833598 -0.10851439
-0.68951157 -0.5797998 -0.43405758
-0.76261698 -0.55407366 -0.33379293
-0.82533971 -0.51810563 -0.22445695
-0.87388129 -0.4732354 -0.11126431
-0.90654036 -0.42211915 6.7347675e-17
-0.60476728 -0.67215266 -0.42716196
-0.67994352 -0.65431888 -0.33097373
-0.74779173 -0.62484126 -0.22445695
-0.80390597 -0.58407188 -0.11222848
-0.84543039 -0.53408563 3.4235567e-17
-0.87174351 -0.47818306 0.10679049
-0.51499215 -0.75042422 -0.41430252
-0.58903218 -0.74078317 -0.32292627
-0.6588734 -0.71916604 -0.22064915
-0.72011778 -0.68487271 -0.11126431
-0.76919798 -0.63901054 6.8471134e-17
-0.80431637 -0.58437005 0.10764209
-0.82571905 -0.5246679 0.20715126
-0.42492634 -0.81351851 -0.39702045
-0.49521096 -0.81130445 -0.31072689
-0.56397694 -0.79769241 -0.21358098
-0.62733834 -0.77114929 -0.10851439
-0.68159554 -0.73172913 6.7347675e-17
-0.72416268 -0.68131065 0.10679049
-0.75415005 -0.62317418 0.20715126
-0.77231925 -0.56112278 0.29776534
-0.13440155 -0.90791574 -0.39702045
-0.024450891 -0.90981073 -0.41430252
-0.076238709 -0.94743678 -0.31072689
0.094185587 -0.89925621 -0.42716196
0.041115622 -0.94553061 -0.32292627
-0.012604908 -0.97684404 -0.21358098
0.2170288 -0.87435263 -0.43405758
0.16548687 -0.92901587 -0.33097373
0.11032458 -0.96909362 -0.22064915
0.0542572 -0.99261311 -0.10851439
0.33835159 -0.83493246 -0.43405758
0.29129376 -0.89651002 -0.33379293
0.23770374 -0.94504815 -0.22445695
0.18002945 -0.97734828 -0.11126431
0.12132279 -0.99261311 6.7347675e-17
0.4523718 -0.78287446 -0.42716196
0.41218014 -0.84886037 -0.33097373
0.363179 -0.90427877 -0.22445695
0.30706476 -0.94504815 -0.11222848
0.24669326 -0.96909361 3.4235567e-17
0.18539556 -0.97684404 0.10679049
0.55455452 -0.72168047 -0.41430252
0.52250571 -0.78911749 -0.32292627
0.48036448 -0.84886037 -0.22064915
0.42882402 -0.89651002 -0.11126431
0.37003989 -0.92901586 6.8471134e-17
0.30722152 -0.9455306 0.10764209
0.24382761 -0.94743678 0.20715126
0.64239262 -0.65552001 -0.39702045
0.61856778 -0.72168047 -0.31072689
0.58437211 -0.78287445 -0.21358098
0.53954835 -0.83493246 -0.10851439
0.48529115 -0.87435262 6.7347675e-17
0.42418636 -0.8992562 0.10679049
0.35962869 -0.90981073 0.20715126
0.2949997 -0.90791573 0.29776534
0.82194681 -0.40838486 -0.39702045
0.85772569 -0.30440116 -0.41430252
0.87750687 -0.36528139 -0.31072689
0.88434843 -0.18830964 -0.42716196
0.91195847 -0.25308175 -0.32292627
0.92513876 -0.31384939 -0.21358098
0.89862435 -0.063783165 -0.43405758
0.93468485 -0.12969432 -0.33097373
0.95575497 -0.19454149 -0.22064915
0.96079756 -0.25513266 -0.10851439
0.89862435 0.063783165 -0.43405758
0.94264642 0 -0.33379293
0.9722487 -0.065966247 -0.22445695
0.9851456 -0.13079905 -0.11126431
0.98152197 -0.19134949 6.7347675e-17
0.88434843 0.18830964 -0.42716196
0.93468485 0.12969432 -0.33097373
0.9722487 0.065966247 -0.22445695
0.99368243 5.223957e-17 -0.11222848
0.99789521 -0.064847162 3.4235567e-17
0.98632427 -0.12553976 0.10679049
0.85772569 0.30440116 -0.41430252
0.91195847 0.25308175 -0.32292627
0.95575497 0.19454149 -0.22064915
0.9851456 0.13079905 -0.11126431
0.99789521 0.064847162 6.8471134e-17
0.99418971 8.3507867e-17 0.10764209
0.9764128 -0.060880231 0.20715126
0.82194681 0.40838486 -0.39702045
0.87750687 0.36528139 -0.31072689
0.92513876 0.31384939 -0.21358098
0.96079756 0.25513266 -0.10851439
0.98152197 0.19134949 6.7347675e-17
0.98632427 0.12553976 0.10679049
0.9764128 0.060880231 0.20715126
0.9546391 1.3860237e-16 0.29776534
