0 20 22
18 20 21
19 22 21
20 21 22
16 18 23
23 24 21
23 18 21
24 17 19
24 21 19
14 16 25
25 26 23
25 16 23
26 27 24
26 23 24
27 15 17
27 24 17
12 14 28
28 29 25
28 14 25
29 30 26
29 25 26
30 31 27
30 26 27
31 13 15
31 27 15
1 12 32
32 33 28
32 12 28
33 34 29
33 28 29
34 35 30
34 29 30
35 36 31
35 30 31
36 2 13
36 31 13
0 22 42
19 22 41
40 42 41
22 41 42
17 19 43
43 44 41
43 19 41
44 39 40
44 41 40
15 17 45
45 46 43
45 17 43
46 47 44
46 43 44
47 38 39
47 44 39
13 15 48
48 49 45
48 15 45
49 50 46
49 45 46
50 51 47
50 46 47
51 37 38
51 47 38
2 13 52
52 53 48
52 13 48
53 54 49
53 48 49
54 55 50
54 49 50
55 56 51
55 50 51
56 3 37
56 51 37
0 42 62
40 42 61
60 62 61
42 61 62
39 40 63
63 64 61
63 40 61
64 59 60
64 61 60
38 39 65
65 66 63
65 39 63
66 67 64
66 63 64
67 58 59
67 64 59
37 38 68
68 69 65
68 38 65
69 70 66
69 65 66
70 71 67
70 66 67
71 57 58
71 67 58
3 37 72
72 73 68
72 37 68
73 74 69
73 68 69
74 75 70
74 69 70
75 76 71
75 70 71
76 4 57
76 71 57
0 62 82
60 62 81
80 82 81
62 81 82
59 60 83
83 84 81
83 60 81
84 79 80
84 81 80
58 59 85
85 86 83
85 59 83
86 87 84
86 83 84
87 78 79
87 84 79
57 58 88
88 89 85
88 58 85
89 90 86
89 85 86
90 91 87
90 86 87
91 77 78
91 87 78
4 57 92
92 93 88
92 57 88
93 94 89
93 88 89
94 95 90
94 89 90
95 96 91
95 90 91
96 5 77
96 91 77
0 82 20
80 82 97
18 20 97
82 97 20
79 80 98
98 99 97
98 80 97
99 16 18
99 97 18
78 79 100
100 101 98
100 79 98
101 102 99
101 98 99
102 14 16
102 99 16
77 78 103
103 104 100
103 78 100
104 105 101
104 100 101
105 106 102
105 101 102
106 12 14
106 102 14
5 77 107
107 108 103
107 77 103
108 109 104
108 103 104
109 110 105
109 104 105
110 111 106
110 105 106
111 1 12
111 106 12
11 120 122
118 120 121
119 122 121
120 121 122
116 118 123
123 124 121
123 118 121
124 117 119
124 121 119
114 116 125
125 126 123
125 116 123
126 127 124
126 123 124
127 115 117
127 124 117
112 114 128
128 129 125
128 114 125
129 130 126
129 125 126
130 131 127
130 126 127
131 113 115
131 127 115
6 112 132
132 133 128
132 112 128
133 134 129
133 128 129
134 135 130
134 129 130
135 136 131
135 130 131
136 7 113
136 131 113
11 122 142
119 122 141
140 142 141
122 141 142
117 119 143
143 144 141
143 119 141
144 139 140
144 141 140
115 117 145
145 146 143
145 117 143
146 147 144
146 143 144
147 138 139
147 144 139
113 115 148
148 149 145
148 115 145
149 150 146
149 145 146
150 151 147
150 146 147
151 137 138
151 147 138
7 113 152
152 153 148
152 113 148
153 154 149
153 148 149
154 155 150
154 149 150
155 156 151
155 150 151
156 8 137
156 151 137
11 142 162
140 142 161
160 162 161
142 161 162
139 140 163
163 164 161
163 140 161
164 159 160
164 161 160
138 139 165
165 166 163
165 139 163
166 167 164
166 163 164
167 158 159
167 164 159
137 138 168
168 169 165
168 138 165
169 170 166
169 165 166
170 171 167
170 166 167
171 157 158
171 167 158
8 137 172
172 173 168
172 137 168
173 174 169
173 168 169
174 175 170
174 169 170
175 176 171
175 170 171
176 9 157
176 171 157
11 162 182
160 162 181
180 182 181
162 181 182
159 160 183
183 184 181
183 160 181
184 179 180
184 181 180
158 159 185
185 186 183
185 159 183
186 187 184
186 183 184
187 178 179
187 184 179
157 158 188
188 189 185
188 158 185
189 190 186
189 185 186
190 191 187
190 186 187
191 177 178
191 187 178
9 157 192
192 193 188
192 157 188
193 194 189
193 188 189
194 195 190
194 189 190
195 196 191
195 190 191
196 10 177
196 191 177
11 182 120
180 182 197
118 120 197
182 197 120
179 180 198
198 199 197
198 180 197
199 116 118
199 197 118
178 179 200
200 201 198
200 179 198
201 202 199
201 198 199
202 114 116
202 199 116
177 178 203
203 204 200
203 178 200
204 205 201
204 200 201
205 206 202
205 201 202
206 112 114
206 202 114
10 177 207
207 208 203
207 177 203
208 209 204
208 203 204
209 210 205
209 204 205
210 211 206
210 205 206
211 6 112
211 206 112
1 32 217
33 32 216
215 217 216
32 216 217
34 33 218
218 219 216
218 33 216
219 214 215
219 216 215
35 34 220
220 221 218
220 34 218
221 222 219
221 218 219
222 213 214
222 219 214
36 35 223
223 224 220
223 35 220
224 225 221
224 220 221
225 226 222
225 221 222
226 212 213
226 222 213
2 36 227
227 228 223
227 36 223
228 229 224
228 223 224
229 230 225
229 224 225
230 231 226
230 225 226
231 6 212
231 226 212
2 52 237
53 52 236
235 237 236
52 236 237
54 53 238
238 239 236
238 53 236
239 234 235
239 236 235
55 54 240
240 241 238
240 54 238
241 242 239
241 238 239
242 233 234
242 239 234
56 55 243
243 244 240
243 55 240
244 245 241
244 240 241
245 246 242
245 241 242
246 232 233
246 242 233
3 56 247
247 248 243
247 56 243
248 249 244
248 243 244
249 250 245
249 244 245
250 251 246
250 245 246
251 7 232
251 246 232
3 72 257
73 72 256
255 257 256
72 256 257
74 73 258
258 259 256
258 73 256
259 254 255
259 256 255
75 74 260
260 261 258
260 74 258
261 262 259
261 258 259
262 253 254
262 259 254
76 75 263
263 264 260
263 75 260
264 265 261
264 260 261
265 266 262
265 261 262
266 252 253
266 262 253
4 76 267
267 268 263
267 76 263
268 269 264
268 263 264
269 270 265
269 264 265
270 271 266
270 265 266
271 8 252
271 266 252
4 92 277
93 92 276
275 277 276
92 276 277
94 93 278
278 279 276
278 93 276
279 274 275
279 276 275
95 94 280
280 281 278
280 94 278
281 282 279
281 278 279
282 273 274
282 279 274
96 95 283
283 284 280
283 95 280
284 285 281
284 280 281
285 286 282
285 281 282
286 272 273
286 282 273
5 96 287
287 288 283
287 96 283
288 289 284
288 283 284
289 290 285
289 284 285
290 291 286
290 285 286
291 9 272
291 286 272
5 107 297
108 107 296
295 297 296
107 296 297
109 108 298
298 299 296
298 108 296
299 294 295
299 296 295
110 109 300
300 301 298
300 109 298
301 302 299
301 298 299
302 293 294
302 299 294
111 110 303
303 304 300
303 110 300
304 305 301
304 300 301
305 306 302
305 301 302
306 292 293
306 302 293
1 111 307
307 308 303
307 111 303
308 309 304
308 303 304
309 310 305
309 304 305
310 311 306
310 305 306
311 10 292
311 306 292
6 132 231
133 132 312
230 231 312
132 312 231
134 133 313
313 314 312
313 133 312
314 229 230
314 312 230
135 134 315
315 316 313
315 134 313
316 317 314
316 313 314
317 228 229
317 314 229
136 135 318
318 319 315
318 135 315
319 320 316
319 315 316
320 321 317
320 316 317
321 227 228
321 317 228
7 136 232
232 233 318
232 136 318
233 234 319
233 318 319
234 235 320
234 319 320
235 237 321
235 320 321
237 2 227
237 321 227
7 152 251
153 152 322
250 251 322
152 322 251
154 153 323
323 324 322
323 153 322
324 249 250
324 322 250
155 154 325
325 326 323
325 154 323
326 327 324
326 323 324
327 248 249
327 324 249
156 155 328
328 329 325
328 155 325
329 330 326
329 325 326
330 331 327
330 326 327
331 247 248
331 327 248
8 156 252
252 253 328
252 156 328
253 254 329
253 328 329
254 255 330
254 329 330
255 257 331
255 330 331
257 3 247
257 331 247
8 172 271
173 172 332
270 271 332
172 332 271
174 173 333
333 334 332
333 173 332
334 269 270
334 332 270
175 174 335
335 336 333
335 174 333
336 337 334
336 333 334
337 268 269
337 334 269
176 175 338
338 339 335
338 175 335
339 340 336
339 335 336
340 341 337
340 336 337
341 267 268
341 337 268
9 176 272
272 273 338
272 176 338
273 274 339
273 338 339
274 275 340
274 339 340
275 277 341
275 340 341
277 4 267
277 341 267
9 192 291
193 192 342
290 291 342
192 342 291
194 193 343
343 344 342
343 193 342
344 289 290
344 342 290
195 194 345
345 346 343
345 194 343
346 347 344
346 343 344
347 288 289
347 344 289
196 195 348
348 349 345
348 195 345
349 350 346
349 345 346
350 351 347
350 346 347
351 287 288
351 347 288
10 196 292
292 293 348
292 196 348
293 294 349
293 348 349
294 295 350
294 349 350
295 297 351
295 350 351
297 5 287
297 351 287
10 207 311
208 207 352
310 311 352
207 352 311
209 208 353
353 354 352
353 208 352
354 309 310
354 352 310
210 209 355
355 356 353
355 209 353
356 357 354
356 353 354
357 308 309
357 354 309
211 210 358
358 359 355
358 210 355
359 360 356
359 355 356
360 361 357
360 356 357
361 307 308
361 357 308
6 211 212
212 213 358
212 211 358
213 214 359
213 358 359
214 215 360
214 359 360
215 217 361
215 360 361
217 1 307
217 361 307
