0.28209481 0 0.48860252 0 0 0 0.63078314 0 0
0.28209481 0 0.21850967 -0.43701938 0 0 -0.12615664 -0.43701935 0.43701938
0.28209481 -0.41563013 0.21850967 -0.13504641 0.25687355 -0.4156301 -0.12615664 -0.13504641 -0.3535561
0.28209481 -0.25687355 0.21850967 0.3535561 -0.41563013 -0.25687355 -0.12615664 0.3535561 0.13504642
0.28209481 0.25687355 0.21850967 0.3535561 0.41563013 0.25687355 -0.12615664 0.3535561 0.13504642
0.28209481 0.41563013 0.21850967 -0.13504641 -0.25687355 0.4156301 -0.12615664 -0.13504641 -0.3535561
0.28209481 -0.25687355 -0.21850967 -0.3535561 0.41563013 0.25687355 -0.12615664 0.3535561 0.13504642
0.28209481 -0.41563013 -0.21850967 0.13504641 -0.25687355 0.4156301 -0.12615664 -0.13504641 -0.3535561
0.28209481 -5.3519439e-17 -0.21850967 0.43701938 -1.0703888e-16 5.3519436e-17 -0.12615664 -0.43701935 0.43701938
0.28209481 0.41563013 -0.21850967 0.13504641 0.25687355 -0.4156301 -0.12615664 -0.13504641 -0.3535561
0.28209481 0.25687355 -0.21850967 -0.3535561 -0.41563013 -0.25687355 -0.12615664 0.3535561 0.13504642
0.28209481 0 -0.48860252 0 0 0 0.63078314 0 0
0.28209481 0 0.28643224 -0.3958396 0 0 0.0097733513 -0.51888418 0.35854018
0.28209481 -0.37646583 0.28643224 -0.12232117 0.21074462 -0.49348819 0.0097733513 -0.16034403 -0.29006508
0.28209481 0 0.35525104 -0.3354536 0 0 0.18479343 -0.54537737 0.25749227
0.28209481 -0.31903532 0.35525104 -0.10366086 0.15135016 -0.51868469 0.18479343 -0.16853088 -0.20831563
0.28209481 0 0.41563013 -0.25687355 0 0 0.36926687 -0.48860252 0.15098648
0.28209481 -0.24430126 0.41563013 -0.079378292 0.088747628 -0.4646886 0.36926687 -0.15098648 -0.12215063
0.28209481 0 0.4589119 -0.1677268 0 0 0.51928568 -0.35225818 0.064373069
0.28209481 -0.15951766 0.4589119 -0.05183043 0.037837539 -0.33501744 0.51928568 -0.10885376 -0.052078906
0.28209481 0 0.48214608 -0.079167925 0 0 0.60594273 -0.17468564 0.014341607
0.28209481 -0.081433751 0.46854898 -0.11208395 0.041771222 -0.1746179 0.55470997 -0.24034092 0.013572292
0.28209481 -0.075293168 0.48214608 -0.024464233 0.0084297853 -0.16613592 0.60594273 -0.053980831 -0.011602604
0.28209481 -0.085126691 0.43447852 -0.20667434 0.080515891 -0.16926351 0.43277198 -0.41094545 0.081158251
0.28209481 -0.17025338 0.43447852 -0.14482617 0.11284234 -0.33852702 0.43277198 -0.28796831 -0.018332351
0.28209481 -0.085126691 0.37915984 -0.29618183 0.11538609 -0.14771254 0.25438502 -0.51393718 0.18415003
0.28209481 -0.17434417 0.38827017 -0.23996417 0.19146223 -0.3097924 0.28209478 -0.42639267 0.062209852
0.28209481 -0.25538006 0.37915984 -0.17248552 0.20158997 -0.44313765 0.25438502 -0.29929832 -0.081158251
0.28209481 -0.081433751 0.3097924 -0.36895749 0.13750234 -0.11545281 0.064974219 -0.52308995 0.29632136
0.28209481 -0.17025338 0.32384115 -0.32384118 0.25232315 -0.25232315 0.10025484 -0.47994715 0.17364651
0.28209481 -0.25538006 0.32384115 -0.26199302 0.30620059 -0.37848473 0.10025484 -0.3882854 0.0078288484
0.28209481 -0.325735 0.3097924 -0.19146223 0.28541505 -0.46181124 0.064974219 -0.27144584 -0.15890716
0.28209481 -0.075293168 0.23750375 -0.42030385 0.14482656 -0.081838064 -0.091828071 -0.45683897 0.39125556
0.28209481 -0.15951766 0.25159019 -0.38728401 0.28272724 -0.18366727 -0.064522386 -0.44591549 0.28498286
0.28209481 -0.24430126 0.25687352 -0.33625183 0.37594098 -0.28719336 -0.053875331 -0.39528772 0.12215063
0.28209481 -0.31903532 0.25159019 -0.27138767 0.39623988 -0.36733454 -0.064522386 -0.31247342 -0.064373069
0.28209481 -0.37646583 0.23750375 -0.20148909 0.34714141 -0.40919033 -0.091828071 -0.21900363 -0.23140548
0.28209481 -0.23266868 0.28643224 0.32024097 -0.34099194 -0.30499247 0.0097733513 0.41978613 0.11079501
0.28209481 -0.19717467 0.35525104 0.27138767 -0.24488971 -0.32056478 0.18479343 0.44121957 0.079569489
0.28209481 -0.15098648 0.41563013 0.20781507 -0.14359668 -0.28719336 0.36926687 0.39528775 0.046657391
0.28209481 -0.098587334 0.4589119 0.13569383 -0.061222427 -0.20705216 0.51928568 0.28498286 0.019892372
0.28209481 -0.13176258 0.46854898 0.042812258 -0.025816035 -0.2825377 0.55470997 0.091802061 -0.035532724
0.28209481 -0.046533737 0.48214608 0.064048193 -0.013639678 -0.10267764 0.60594273 0.14132366 0.0044318
0.28209481 -0.22286457 0.43447852 0.017094411 -0.017435102 -0.44313765 0.43277198 0.033990048 -0.11298446
0.28209481 -0.19034907 0.43447852 0.11716684 -0.10206686 -0.37848473 0.43277198 0.23297125 -0.051495884
0.28209481 -0.30799127 0.37915984 -0.010564927 0.014891354 -0.53442901 0.25438502 -0.018332349 -0.21680275
0.28209481 -0.28209481 0.38827017 0.091658153 -0.11833017 -0.50125462 0.28209478 0.1628675 -0.16286752
0.28209481 -0.24296026 0.37915984 0.18957992 -0.21079335 -0.42158666 0.25438502 0.32896069 -0.052833211
0.28209481 -0.37606385 0.3097924 -0.036566034 0.062931597 -0.53316498 0.064974219 -0.051841542 -0.32055086
0.28209481 -0.36060244 0.32384115 0.06184816 -0.10206686 -0.53442901 0.10025484 0.091661751 -0.28879482
0.28209481 -0.32808694 0.32384115 0.16192059 -0.24311979 -0.48623958 0.10025484 0.23997357 -0.18631385
0.28209481 -0.28274906 0.3097924 0.25062731 -0.32430893 -0.40086785 0.064974219 0.35532722 -0.039204162
0.28209481 -0.42299959 0.23750375 -0.058272973 0.1128071 -0.45976904 -0.091828071 -0.063338384 -0.40165931
0.28209481 -0.41762266 0.25159019 0.032032967 -0.061222427 -0.48084715 -0.064522386 0.036882482 -0.39673889
0.28209481 -0.39528775 0.25687352 0.12843677 -0.23234431 -0.4646886 -0.053875331 0.15098648 -0.31979451
0.28209481 -0.35669234 0.25159019 0.21955723 -0.35840231 -0.41069248 -0.064522386 0.25279629 -0.18082504
0.28209481 -0.30796185 0.23750375 0.29577672 -0.41686001 -0.33473161 -0.091828071 0.32148728 -0.016833633
0.28209481 0.23266868 0.28643224 0.32024097 0.34099194 0.30499247 0.0097733513 0.41978613 0.11079501
0.28209481 0.19717467 0.35525104 0.27138767 0.24488971 0.32056478 0.18479343 0.44121957 0.079569489
0.28209481 0.15098648 0.41563013 0.20781507 0.14359668 0.28719336 0.36926687 0.39528775 0.046657391
0.28209481 0.098587334 0.4589119 0.13569383 0.061222427 0.20705216 0.51928568 0.28498286 0.019892372
0.28209481 -1.696667e-17 0.46854898 0.13854338 -1.0757509e-17 -3.6381528e-17 0.55470997 0.29707772 0.04392086
0.28209481 0.046533737 0.48214608 0.064048193 0.013639678 0.10267764 0.60594273 0.14132366 0.0044318
0.28209481 -0.052611187 0.43447852 0.21723926 -0.052305304 -0.10461061 0.43277198 0.43195245 0.10165444
0.28209481 0.052611187 0.43447852 0.21723926 0.052305304 0.10461061 0.43277198 0.43195245 0.10165444
0.28209481 -0.10522237 0.37915984 0.28965235 -0.13948081 -0.18258275 0.25438502 0.50260717 0.16664419
0.28209481 -3.6324495e-17 0.38827017 0.29661202 -4.9308031e-17 -6.4545049e-17 0.28209478 0.52705032 0.20131531
0.28209481 0.10522237 0.37915984 0.28965235 0.13948081 0.18258275 0.25438502 0.50260717 0.16664419
0.28209481 -0.15098648 0.3097924 0.34635845 -0.2393278 -0.21406129 0.064974219 0.49105012 0.22234084
0.28209481 -0.052611187 0.32384115 0.36206543 -0.087175503 -0.077972144 0.10025484 0.53659725 0.29363331
0.28209481 0.052611187 0.32384115 0.36206543 0.087175503 0.077972144 0.10025484 0.53659725 0.29363331
0.28209481 0.15098648 0.3097924 0.34635845 0.2393278 0.21406129 0.064974219 0.49105012 0.22234084
0.28209481 -0.18613495 0.23750375 0.38428918 -0.32735229 -0.20231482 -0.091828071 0.4176937 0.25864288
0.28209481 -0.098587334 0.25159019 0.40708148 -0.18366727 -0.11351261 -0.064522386 0.46871012 0.35695413
0.28209481 -5.090001e-17 0.25687352 0.41563013 -9.6817573e-17 -5.9836551e-17 -0.053875331 0.48860249 0.39528775
0.28209481 0.098587334 0.25159019 0.40708148 0.18366727 0.11351261 -0.064522386 0.46871012 0.35695413
0.28209481 0.18613495 0.23750375 0.38428918 0.32735229 0.20231482 -0.091828071 0.4176937 0.25864288
0.28209481 0.37646583 0.28643224 -0.12232117 -0.21074462 0.49348819 0.0097733513 -0.16034403 -0.29006508
0.28209481 0.31903532 0.35525104 -0.10366086 -0.15135016 0.51868469 0.18479343 -0.16853088 -0.20831563
0.28209481 0.24430126 0.41563013 -0.079378292 -0.088747628 0.4646886 0.36926687 -0.15098648 -0.12215063
0.28209481 0.15951766 0.4589119 -0.05183043 -0.037837539 0.33501744 0.51928568 -0.10885376 -0.052078906
0.28209481 0.13176258 0.46854898 0.042812258 0.025816035 0.2825377 0.55470997 0.091802061 -0.035532724
0.28209481 0.075293168 0.48214608 -0.024464233 -0.0084297853 0.16613592 0.60594273 -0.053980831 -0.011602604
0.28209481 0.19034907 0.43447852 0.11716684 0.10206686 0.37848473 0.43277198 0.23297125 -0.051495884
0.28209481 0.22286457 0.43447852 0.017094411 0.017435102 0.44313765 0.43277198 0.033990048 -0.11298446
0.28209481 0.24296026 0.37915984 0.18957992 0.21079335 0.42158666 0.25438502 0.32896069 -0.052833211
0.28209481 0.28209481 0.38827017 0.091658153 0.11833017 0.50125462 0.28209478 0.1628675 -0.16286752
0.28209481 0.30799127 0.37915984 -0.010564927 -0.014891354 0.53442901 0.25438502 -0.018332349 -0.21680275
0.28209481 0.28274906 0.3097924 0.25062731 0.32430893 0.40086785 0.064974219 0.35532722 -0.039204162
0.28209481 0.32808694 0.32384115 0.16192059 0.24311979 0.48623958 0.10025484 0.23997357 -0.18631385
0.28209481 0.36060244 0.32384115 0.06184816 0.10206686 0.53442901 0.10025484 0.091661751 -0.28879482
0.28209481 0.37606385 0.3097924 -0.036566034 -0.062931597 0.53316498 0.064974219 -0.051841542 -0.32055086
0.28209481 0.30796185 0.23750375 0.29577672 0.41686001 0.33473161 -0.091828071 0.32148728 -0.016833633
0.28209481 0.35669234 0.25159019 0.21955723 0.35840231 0.41069248 -0.064522386 0.25279629 -0.18082504
0.28209481 0.39528775 0.25687352 0.12843677 0.23234431 0.4646886 -0.053875331 0.15098648 -0.31979451
0.28209481 0.41762266 0.25159019 0.032032967 0.061222427 0.48084715 -0.064522386 0.036882482 -0.39673889
0.28209481 0.42299959 0.23750375 -0.058272973 -0.1128071 0.45976904 -0.091828071 -0.063338384 -0.40165931
0.28209481 0.081433751 0.46854898 -0.11208395 -0.041771222 0.1746179 0.55470997 -0.24034092 0.013572292
0.28209481 0.17025338 0.43447852 -0.14482617 -0.11284234 0.33852702 0.43277198 -0.28796831 -0.018332351
0.28209481 0.085126691 0.43447852 -0.20667434 -0.080515891 0.16926351 0.43277198 -0.41094545 0.081158251
0.28209481 0.25538006 0.37915984 -0.17248552 -0.20158997 0.44313765 0.25438502 -0.29929832 -0.081158251
0.28209481 0.17434417 0.38827017 -0.23996417 -0.19146223 0.3097924 0.28209478 -0.42639267 0.062209852
0.28209481 0.085126691 0.37915984 -0.29618183 -0.11538609 0.14771254 0.25438502 -0.51393718 0.18415003
0.28209481 0.325735 0.3097924 -0.19146223 -0.28541505 0.46181124 0.064974219 -0.27144584 -0.15890716
0.28209481 0.25538006 0.32384115 -0.26199302 -0.30620059 0.37848473 0.10025484 -0.3882854 0.0078288484
0.28209481 0.17025338 0.32384115 -0.32384118 -0.25232315 0.25232315 0.10025484 -0.47994715 0.17364651
0.28209481 0.081433751 0.3097924 -0.36895749 -0.13750234 0.11545281 0.064974219 -0.52308995 0.29632136
0.28209481 0.37646583 0.23750375 -0.20148909 -0.34714141 0.40919033 -0.091828071 -0.21900363 -0.23140548
0.28209481 0.31903532 0.25159019 -0.27138767 -0.39623988 0.36733454 -0.064522386 -0.31247342 -0.064373069
0.28209481 0.24430126 0.25687352 -0.33625183 -0.37594098 0.28719336 -0.053875331 -0.39528772 0.12215063
0.28209481 0.15951766 0.25159019 -0.38728401 -0.28272724 0.18366727 -0.064522386 -0.44591549 0.28498286
0.28209481 0.075293168 0.23750375 -0.42030385 -0.14482656 0.081838064 -0.091828071 -0.45683897 0.39125556
0.28209481 -0.37646583 -0.28643224 0.12232117 -0.21074462 0.49348819 0.0097733513 -0.16034403 -0.29006508
0.28209481 -0.23266868 -0.28643224 -0.32024097 0.34099194 0.30499247 0.0097733513 0.41978613 0.11079501
0.28209481 -0.31903532 -0.35525104 0.10366086 -0.15135016 0.51868469 0.18479343 -0.16853088 -0.20831563
0.28209481 -0.19717467 -0.35525104 -0.27138767 0.24488971 0.32056478 0.18479343 0.44121957 0.079569489
0.28209481 -0.24430126 -0.41563013 0.079378292 -0.088747628 0.4646886 0.36926687 -0.15098648 -0.12215063
0.28209481 -0.15098648 -0.41563013 -0.20781507 0.14359668 0.28719336 0.36926687 0.39528775 0.046657391
0.28209481 -0.15951766 -0.4589119 0.05183043 -0.037837539 0.33501744 0.51928568 -0.10885376 -0.052078906
0.28209481 -0.098587334 -0.4589119 -0.13569383 0.061222427 0.20705216 0.51928568 0.28498286 0.019892372
0.28209481 -0.075293168 -0.48214608 0.024464233 -0.0084297853 0.16613592 0.60594273 -0.053980831 -0.011602604
0.28209481 -0.13176258 -0.46854898 -0.042812258 0.025816035 0.2825377 0.55470997 0.091802061 -0.035532724
0.28209481 -0.046533737 -0.48214608 -0.064048193 0.013639678 0.10267764 0.60594273 0.14132366 0.0044318
0.28209481 -0.22286457 -0.43447852 -0.017094411 0.017435102 0.44313765 0.43277198 0.033990048 -0.11298446
0.28209481 -0.19034907 -0.43447852 -0.11716684 0.10206686 0.37848473 0.43277198 0.23297125 -0.051495884
0.28209481 -0.30799127 -0.37915984 0.010564927 -0.014891354 0.53442901 0.25438502 -0.018332349 -0.21680275
0.28209481 -0.28209481 -0.38827017 -0.091658153 0.11833017 0.50125462 0.28209478 0.1628675 -0.16286752
0.28209481 -0.24296026 -0.37915984 -0.18957992 0.21079335 0.42158666 0.25438502 0.32896069 -0.052833211
0.28209481 -0.37606385 -0.3097924 0.036566034 -0.062931597 0.53316498 0.064974219 -0.051841542 -0.32055086
0.28209481 -0.36060244 -0.32384115 -0.06184816 0.10206686 0.53442901 0.10025484 0.091661751 -0.28879482
0.28209481 -0.32808694 -0.32384115 -0.16192059 0.24311979 0.48623958 0.10025484 0.23997357 -0.18631385
0.28209481 -0.28274906 -0.3097924 -0.25062731 0.32430893 0.40086785 0.064974219 0.35532722 -0.039204162
0.28209481 -0.42299959 -0.23750375 0.058272973 -0.1128071 0.45976904 -0.091828071 -0.063338384 -0.40165931
0.28209481 -0.41762266 -0.25159019 -0.032032967 0.061222427 0.48084715 -0.064522386 0.036882482 -0.39673889
0.28209481 -0.39528775 -0.25687352 -0.12843677 0.23234431 0.4646886 -0.053875331 0.15098648 -0.31979451
0.28209481 -0.35669234 -0.25159019 -0.21955723 0.35840231 0.41069248 -0.064522386 0.25279629 -0.18082504
0.28209481 -0.30796185 -0.23750375 -0.29577672 0.41686001 0.33473161 -0.091828071 0.32148728 -0.016833633
0.28209481 -4.8476371e-17 -0.28643224 0.3958396 -8.7817014e-17 6.3544987e-17 0.0097733513 -0.51888418 0.35854018
0.28209481 -4.1081217e-17 -0.35525104 0.3354536 -6.306742e-17 6.6789468e-17 0.18479343 -0.54537737 0.25749227
0.28209481 -3.1457937e-17 -0.41563013 0.25687355 -3.6981022e-17 5.9836551e-17 0.36926687 -0.48860252 0.15098648
0.28209481 -2.0540609e-17 -0.4589119 0.1677268 -1.5766855e-17 4.3139186e-17 0.51928568 -0.35225818 0.064373069
0.28209481 -9.6952739e-18 -0.48214608 0.079167925 -3.5126804e-18 2.1392821e-17 0.60594273 -0.17468564 0.014341607
0.28209481 -0.081433751 -0.46854898 0.11208395 -0.041771222 0.1746179 0.55470997 -0.24034092 0.013572292
0.28209481 -0.085126691 -0.43447852 0.20667434 -0.080515891 0.16926351 0.43277198 -0.41094545 0.081158251
0.28209481 -0.17025338 -0.43447852 0.14482617 -0.11284234 0.33852702 0.43277198 -0.28796831 -0.018332351
0.28209481 -0.085126691 -0.37915984 0.29618183 -0.11538609 0.14771254 0.25438502 -0.51393718 0.18415003
0.28209481 -0.17434417 -0.38827017 0.23996417 -0.19146223 0.3097924 0.28209478 -0.42639267 0.062209852
0.28209481 -0.25538006 -0.37915984 0.17248552 -0.20158997 0.44313765 0.25438502 -0.29929832 -0.081158251
0.28209481 -0.081433751 -0.3097924 0.36895749 -0.13750234 0.11545281 0.064974219 -0.52308995 0.29632136
0.28209481 -0.17025338 -0.32384115 0.32384118 -0.25232315 0.25232315 0.10025484 -0.47994715 0.17364651
0.28209481 -0.25538006 -0.32384115 0.26199302 -0.30620059 0.37848473 0.10025484 -0.3882854 0.0078288484
0.28209481 -0.325735 -0.3097924 0.19146223 -0.28541505 0.46181124 0.064974219 -0.27144584 -0.15890716
0.28209481 -0.075293168 -0.23750375 0.42030385 -0.14482656 0.081838064 -0.091828071 -0.45683897 0.39125556
0.28209481 -0.15951766 -0.25159019 0.38728401 -0.28272724 0.18366727 -0.064522386 -0.44591549 0.28498286
0.28209481 -0.24430126 -0.25687352 0.33625183 -0.37594098 0.28719336 -0.053875331 -0.39528772 0.12215063
0.28209481 -0.31903532 -0.25159019 0.27138767 -0.39623988 0.36733454 -0.064522386 -0.31247342 -0.064373069
0.28209481 -0.37646583 -0.23750375 0.20148909 -0.34714141 0.40919033 -0.091828071 -0.21900363 -0.23140548
0.28209481 0.37646583 -0.28643224 0.12232117 0.21074462 -0.49348819 0.0097733513 -0.16034403 -0.29006508
0.28209481 0.31903532 -0.35525104 0.10366086 0.15135016 -0.51868469 0.18479343 -0.16853088 -0.20831563
0.28209481 0.24430126 -0.41563013 0.079378292 0.088747628 -0.4646886 0.36926687 -0.15098648 -0.12215063
0.28209481 0.15951766 -0.4589119 0.05183043 0.037837539 -0.33501744 0.51928568 -0.10885376 -0.052078906
0.28209481 0.075293168 -0.48214608 0.024464233 0.0084297853 -0.16613592 0.60594273 -0.053980831 -0.011602604
0.28209481 0.081433751 -0.46854898 0.11208395 0.041771222 -0.1746179 0.55470997 -0.24034092 0.013572292
0.28209481 0.17025338 -0.43447852 0.14482617 0.11284234 -0.33852702 0.43277198 -0.28796831 -0.018332351
0.28209481 0.085126691 -0.43447852 0.20667434 0.080515891 -0.16926351 0.43277198 -0.41094545 0.081158251
0.28209481 0.25538006 -0.37915984 0.17248552 0.20158997 -0.44313765 0.25438502 -0.29929832 -0.081158251
0.28209481 0.17434417 -0.38827017 0.23996417 0.19146223 -0.3097924 0.28209478 -0.42639267 0.062209852
0.28209481 0.085126691 -0.37915984 0.29618183 0.11538609 -0.14771254 0.25438502 -0.51393718 0.18415003
0.28209481 0.325735 -0.3097924 0.19146223 0.28541505 -0.46181124 0.064974219 -0.27144584 -0.15890716
0.28209481 0.25538006 -0.32384115 0.26199302 0.30620059 -0.37848473 0.10025484 -0.3882854 0.0078288484
0.28209481 0.17025338 -0.32384115 0.32384118 0.25232315 -0.25232315 0.10025484 -0.47994715 0.17364651
0.28209481 0.081433751 -0.3097924 0.36895749 0.13750234 -0.11545281 0.064974219 -0.52308995 0.29632136
0.28209481 0.37646583 -0.23750375 0.20148909 0.34714141 -0.40919033 -0.091828071 -0.21900363 -0.23140548
0.28209481 0.31903532 -0.25159019 0.27138767 0.39623988 -0.36733454 -0.064522386 -0.31247342 -0.064373069
0.28209481 0.24430126 -0.25687352 0.33625183 0.37594098 -0.28719336 -0.053875331 -0.39528772 0.12215063
0.28209481 0.15951766 -0.25159019 0.38728401 0.28272724 -0.18366727 -0.064522386 -0.44591549 0.28498286
0.28209481 0.075293168 -0.23750375 0.42030385 0.14482656 -0.081838064 -0.091828071 -0.45683897 0.39125556
0.28209481 0.23266868 -0.28643224 -0.32024097 -0.34099194 -0.30499247 0.0097733513 0.41978613 0.11079501
0.28209481 0.19717467 -0.35525104 -0.27138767 -0.24488971 -0.32056478 0.18479343 0.44121957 0.079569489
0.28209481 0.15098648 -0.41563013 -0.20781507 -0.14359668 -0.28719336 0.36926687 0.39528775 0.046657391
0.28209481 0.098587334 -0.4589119 -0.13569383 -0.061222427 -0.20705216 0.51928568 0.28498286 0.019892372
0.28209481 0.046533737 -0.48214608 -0.064048193 -0.013639678 -0.10267764 0.60594273 0.14132366 0.0044318
0.28209481 0.13176258 -0.46854898 -0.042812258 -0.025816035 -0.2825377 0.55470997 0.091802061 -0.035532724
0.28209481 0.19034907 -0.43447852 -0.11716684 -0.10206686 -0.37848473 0.43277198 0.23297125 -0.051495884
0.28209481 0.22286457 -0.43447852 -0.017094411 -0.017435102 -0.44313765 0.43277198 0.033990048 -0.11298446
0.28209481 0.24296026 -0.37915984 -0.18957992 -0.21079335 -0.42158666 0.25438502 0.32896069 -0.052833211
0.28209481 0.28209481 -0.38827017 -0.091658153 -0.11833017 -0.50125462 0.28209478 0.1628675 -0.16286752
0.28209481 0.30799127 -0.37915984 0.010564927 0.014891354 -0.53442901 0.25438502 -0.018332349 -0.21680275
0.28209481 0.28274906 -0.3097924 -0.25062731 -0.32430893 -0.40086785 0.064974219 0.35532722 -0.039204162
0.28209481 0.32808694 -0.32384115 -0.16192059 -0.24311979 -0.48623958 0.10025484 0.23997357 -0.18631385
0.28209481 0.36060244 -0.32384115 -0.06184816 -0.10206686 -0.53442901 0.10025484 0.091661751 -0.28879482
0.28209481 0.37606385 -0.3097924 0.036566034 0.062931597 -0.53316498 0.064974219 -0.051841542 -0.32055086
0.28209481 0.30796185 -0.23750375 -0.29577672 -0.41686001 -0.33473161 -0.091828071 0.32148728 -0.016833633
0.28209481 0.35669234 -0.25159019 -0.21955723 -0.35840231 -0.41069248 -0.064522386 0.25279629 -0.18082504
0.28209481 0.39528775 -0.25687352 -0.12843677 -0.23234431 -0.4646886 -0.053875331 0.15098648 -0.31979451
0.28209481 0.41762266 -0.25159019 -0.032032967 -0.061222427 -0.48084715 -0.064522386 0.036882482 -0.39673889
0.28209481 0.42299959 -0.23750375 0.058272973 0.1128071 -0.45976904 -0.091828071 -0.063338384 -0.40165931
0.28209481 3.3933341e-17 -0.46854898 -0.13854338 -2.1515017e-17 -7.2763055e-17 0.55470997 0.29707772 0.04392086
0.28209481 -0.052611187 -0.43447852 -0.21723926 0.052305304 0.10461061 0.43277198 0.43195245 0.10165444
0.28209481 0.052611187 -0.43447852 -0.21723926 -0.052305304 -0.10461061 0.43277198 0.43195245 0.10165444
0.28209481 -0.10522237 -0.37915984 -0.28965235 0.13948081 0.18258275 0.25438502 0.50260717 0.16664419
0.28209481 7.264899e-17 -0.38827017 -0.29661202 -9.8616062e-17 -1.290901e-16 0.28209478 0.52705032 0.20131531
0.28209481 0.10522237 -0.37915984 -0.28965235 -0.13948081 -0.18258275 0.25438502 0.50260717 0.16664419
0.28209481 -0.15098648 -0.3097924 -0.34635845 0.2393278 0.21406129 0.064974219 0.49105012 0.22234084
0.28209481 -0.052611187 -0.32384115 -0.36206543 0.087175503 0.077972144 0.10025484 0.53659725 0.29363331
0.28209481 0.052611187 -0.32384115 -0.36206543 -0.087175503 -0.077972144 0.10025484 0.53659725 0.29363331
0.28209481 0.15098648 -0.3097924 -0.34635845 -0.2393278 -0.21406129 0.064974219 0.49105012 0.22234084
0.28209481 -0.18613495 -0.23750375 -0.38428918 0.32735229 0.20231482 -0.091828071 0.4176937 0.25864288
0.28209481 -0.098587334 -0.25159019 -0.40708148 0.18366727 0.11351261 -0.064522386 0.46871012 0.35695413
0.28209481 -3.1884868e-17 -0.25687352 -0.41563013 6.0648624e-17 3.7482909e-17 -0.053875331 0.48860249 0.39528775
0.28209481 0.098587334 -0.25159019 -0.40708148 -0.18366727 -0.11351261 -0.064522386 0.46871012 0.35695413
0.28209481 0.18613495 -0.23750375 -0.38428918 -0.32735229 -0.20231482 -0.091828071 0.4176937 0.25864288
0.28209481 -0.23266868 -0.15833583 -0.39940888 0.42528981 0.16859569 -0.21603002 0.28941849 0.24116264
0.28209481 -0.19717467 -0.083863392 -0.43911445 0.39623985 0.075675078 -0.28751722 0.16853087 0.35225818
0.28209481 -0.15098648 2.9918276e-17 -0.4646886 0.32109192 -2.067302e-17 -0.31539157 -6.3625012e-17 0.44194514
0.28209481 -0.098587334 0.083863392 -0.47114742 0.21257257 -0.037837539 -0.28751722 -0.18082502 0.48570025
0.28209481 -0.046533737 0.15833583 -0.4598878 0.097937524 -0.033719137 -0.21603002 -0.33324254 0.47899798
0.28209481 -0.13176258 0.17124902 -0.43822917 0.26425469 -0.10326413 -0.19916213 -0.34344617 0.39971554
0.28209481 -0.19034906 0.08950749 -0.441008 0.38417271 -0.077972136 -0.28363901 -0.18064883 0.3621242
0.28209481 -0.22286457 0.17901498 -0.39625424 0.40415156 -0.18258274 -0.18838133 -0.32463297 0.24563858
0.28209481 -0.24296024 2.9918276e-17 -0.4239136 0.47134823 -3.3266038e-17 -0.31539157 -5.8042112e-17 0.27612746
0.28209481 -0.28209481 0.091658153 -0.38827017 0.50125462 -0.11833017 -0.28209481 -0.1628675 0.1628675
0.28209481 -0.30799127 0.17901498 -0.33440611 0.47134823 -0.25232315 -0.18838133 -0.2739636 0.038828541
0.28209481 -0.28274906 -0.085624509 -0.38917071 0.50358248 0.11079714 -0.28633422 0.15249918 0.16362387
0.28209481 -0.32808694 2.9918276e-17 -0.36206543 0.54363239 -4.4921555e-17 -0.31539157 -4.957388e-17 0.053659722
0.28209481 -0.36060244 0.08950749 -0.31731167 0.52365351 -0.14771254 -0.28363901 -0.12997948 -0.06715358
0.28209481 -0.37606382 0.17124902 -0.26073393 0.44873342 -0.29472634 -0.19916213 -0.20434073 -0.16805166
0.28209481 -0.30796185 -0.15833583 -0.34470519 0.48581851 0.2231544 -0.21603002 0.24977925 0.054874398
0.28209481 -0.35669234 -0.083863392 -0.32321808 0.52761692 0.13689749 -0.28751722 0.12405018 -0.052078906
0.28209481 -0.39528772 2.9918276e-17 -0.28719336 0.51953763 -5.4122669e-17 -0.31539157 -3.9322419e-17 -0.16880801
0.28209481 -0.41762266 0.083863392 -0.23935468 0.45746228 -0.16028237 -0.28751722 -0.09186364 -0.26799273
0.28209481 -0.42299956 0.15833583 -0.18636936 0.36078107 -0.30651268 -0.21603002 -0.13504641 -0.32995129
0.28209481 -0.45175901 -0.15833583 0.097856931 -0.20231484 0.32735226 -0.21603002 -0.0709088 -0.44508374
0.28209481 -0.47855297 -0.083863392 0.05183043 -0.11351262 0.18366726 -0.28751722 -0.01989237 -0.51788682
0.28209481 -0.48860252 2.9918276e-17 -2.9918276e-17 6.6899297e-17 -6.6899297e-17 -0.31539157 -4.0964005e-33 -0.54627424
0.28209481 -0.47855297 0.083863392 -0.05183043 0.11351262 -0.18366726 -0.28751722 -0.01989237 -0.51788682
0.28209481 -0.45175901 0.15833583 -0.097856931 0.20231484 -0.32735226 -0.21603002 -0.0709088 -0.44508374
0.28209481 -0.4574976 0.17124902 -0.010106603 0.021160373 -0.35854709 -0.19916213 -0.0079206824 -0.47870165
0.28209481 -0.47824463 0.08950749 0.044753749 -0.097950988 -0.19590198 -0.28363901 0.018332349 -0.5187757
0.28209481 -0.44572914 0.17901498 0.089507498 -0.18258275 -0.36516547 -0.18838133 0.073329397 -0.43628013
0.28209481 -0.47824463 2.9918276e-17 0.10007242 -0.21902508 -6.54811e-17 -0.31539157 1.3701884e-17 -0.50044334
0.28209481 -0.45643896 0.091658153 0.14830601 -0.3097924 -0.19146222 -0.28209481 0.062209848 -0.42639267
0.28209481 -0.41321364 0.17901498 0.18957992 -0.35850587 -0.33852702 -0.18838133 0.15531415 -0.3084645
0.28209481 -0.4574976 -0.085624509 0.14864998 -0.31123108 0.17927355 -0.28633422 -0.058249507 -0.42837283
0.28209481 -0.44572914 2.9918276e-17 0.20014484 -0.40826744 -6.1029088e-17 -0.31539157 2.7403767e-17 -0.36295071
0.28209481 -0.41321364 0.08950749 0.2448986 -0.4631165 -0.16926351 -0.28363901 0.10031711 -0.25346744
0.28209481 -0.3641828 0.17124902 0.27708673 -0.46181124 -0.28541502 -0.19916213 0.21715666 -0.12780224
0.28209481 -0.42299956 -0.15833583 0.18636936 -0.36078107 0.30651268 -0.21603002 -0.13504641 -0.32995129
0.28209481 -0.41762266 -0.083863392 0.23935468 -0.45746228 0.16028237 -0.28751722 -0.09186364 -0.26799273
0.28209481 -0.39528772 2.9918276e-17 0.28719336 -0.51953763 -5.4122669e-17 -0.31539157 3.9322419e-17 -0.16880801
0.28209481 -0.35669234 0.083863392 0.32321808 -0.52761692 -0.13689749 -0.28751722 0.12405018 -0.052078906
0.28209481 -0.30796185 0.15833583 0.34470519 -0.48581851 -0.2231544 -0.21603002 0.24977925 0.054874398
0.28209481 -0.046533737 -0.15833583 0.4598878 -0.097937524 0.033719137 -0.21603002 -0.33324254 0.47899798
0.28209481 -0.098587334 -0.083863392 0.47114742 -0.21257257 0.037837539 -0.28751722 -0.18082502 0.48570025
0.28209481 -0.15098648 2.9918276e-17 0.4646886 -0.32109192 -2.067302e-17 -0.31539157 6.3625012e-17 0.44194514
0.28209481 -0.19717467 0.083863392 0.43911445 -0.39623985 -0.075675078 -0.28751722 0.16853087 0.35225818
0.28209481 -0.23266868 0.15833583 0.39940888 -0.42528981 -0.16859569 -0.21603002 0.28941849 0.24116264
0.28209481 -0.15098648 0.17124902 0.43198296 -0.29849288 -0.11833017 -0.19916213 0.33855093 0.37484002
0.28209481 -0.10522237 0.08950749 0.46866733 -0.22568469 -0.043101937 -0.28363901 0.19197886 0.47727251
0.28209481 -0.052611187 0.17901498 0.45157292 -0.10872647 -0.043101937 -0.18838133 0.36995304 0.46027747
0.28209481 -0.052611187 2.9918276e-17 0.48576176 -0.11695821 -7.2035065e-18 -0.31539157 6.6510344e-17 0.53360689
0.28209481 -5.8774266e-17 0.091658153 0.47992831 -1.290901e-16 -2.4654014e-17 -0.28209481 0.2013153 0.52705032
0.28209481 0.052611187 0.17901498 0.45157292 0.10872647 0.043101937 -0.18838133 0.36995304 0.46027747
0.28209481 -5.8910586e-17 -0.085624509 0.48104143 -1.296896e-16 2.3084515e-17 -0.28633422 -0.18849936 0.52949792
0.28209481 0.052611187 2.9918276e-17 0.48576176 0.11695821 7.2035065e-18 -0.31539157 6.6510344e-17 0.53360689
0.28209481 0.10522237 0.08950749 0.46866733 0.22568469 0.043101937 -0.28363901 0.19197886 0.47727251
0.28209481 0.15098648 0.17124902 0.43198296 0.29849288 0.11833017 -0.19916213 0.33855093 0.37484002
0.28209481 0.046533737 -0.15833583 0.4598878 0.097937524 -0.033719137 -0.21603002 -0.33324254 0.47899798
0.28209481 0.098587334 -0.083863392 0.47114742 0.21257257 -0.037837539 -0.28751722 -0.18082502 0.48570025
0.28209481 0.15098648 2.9918276e-17 0.4646886 0.32109192 2.067302e-17 -0.31539157 6.3625012e-17 0.44194514
0.28209481 0.19717467 0.083863392 0.43911445 0.39623985 0.075675078 -0.28751722 0.16853087 0.35225818
0.28209481 0.23266868 0.15833583 0.39940888 0.42528981 0.16859569 -0.21603002 0.28941849 0.24116264
0.28209481 0.42299956 -0.15833583 0.18636936 0.36078107 -0.30651268 -0.21603002 -0.13504641 -0.32995129
0.28209481 0.41762266 -0.083863392 0.23935468 0.45746228 -0.16028237 -0.28751722 -0.09186364 -0.26799273
0.28209481 0.39528772 2.9918276e-17 0.28719336 0.51953763 5.4122669e-17 -0.31539157 3.9322419e-17 -0.16880801
0.28209481 0.35669234 0.083863392 0.32321808 0.52761692 0.13689749 -0.28751722 0.12405018 -0.052078906
0.28209481 0.30796185 0.15833583 0.34470519 0.48581851 0.2231544 -0.21603002 0.24977925 0.054874398
0.28209481 0.3641828 0.17124902 0.27708673 0.46181124 0.28541502 -0.19916213 0.21715666 -0.12780224
0.28209481 0.41321364 0.08950749 0.2448986 0.4631165 0.16926351 -0.28363901 0.10031711 -0.25346744
0.28209481 0.41321364 0.17901498 0.18957992 0.35850587 0.33852702 -0.18838133 0.15531415 -0.3084645
0.28209481 0.44572914 2.9918276e-17 0.20014484 0.40826744 6.1029088e-17 -0.31539157 2.7403767e-17 -0.36295071
0.28209481 0.45643896 0.091658153 0.14830601 0.3097924 0.19146222 -0.28209481 0.062209848 -0.42639267
0.28209481 0.44572914 0.17901498 0.089507498 0.18258275 0.36516547 -0.18838133 0.073329397 -0.43628013
0.28209481 0.4574976 -0.085624509 0.14864998 0.31123108 -0.17927355 -0.28633422 -0.058249507 -0.42837283
0.28209481 0.47824463 2.9918276e-17 0.10007242 0.21902508 6.54811e-17 -0.31539157 1.3701884e-17 -0.50044334
0.28209481 0.47824463 0.08950749 0.044753749 0.097950988 0.19590198 -0.28363901 0.018332349 -0.5187757
0.28209481 0.4574976 0.17124902 -0.010106603 -0.021160373 0.35854709 -0.19916213 -0.0079206824 -0.47870165
0.28209481 0.45175901 -0.15833583 0.097856931 0.20231484 -0.32735226 -0.21603002 -0.0709088 -0.44508374
0.28209481 0.47855297 -0.083863392 0.05183043 0.11351262 -0.18366726 -0.28751722 -0.01989237 -0.51788682
0.28209481 0.48860252 2.9918276e-17 8.9754827e-17 2.0069789e-16 6.6899297e-17 -0.31539157 1.2289201e-32 -0.54627424
0.28209481 0.47855297 0.083863392 -0.05183043 -0.11351262 0.18366726 -0.28751722 -0.01989237 -0.51788682
0.28209481 0.45175901 0.15833583 -0.097856931 -0.20231484 0.32735226 -0.21603002 -0.0709088 -0.44508374
0.28209481 0.30796185 -0.15833583 -0.34470519 -0.48581851 -0.2231544 -0.21603002 0.24977925 0.054874398
0.28209481 0.35669234 -0.083863392 -0.32321808 -0.52761692 -0.13689749 -0.28751722 0.12405018 -0.052078906
0.28209481 0.39528772 2.9918276e-17 -0.28719336 -0.51953763 5.4122669e-17 -0.31539157 -3.9322419e-17 -0.16880801
0.28209481 0.41762266 0.083863392 -0.23935468 -0.45746228 0.16028237 -0.28751722 -0.09186364 -0.26799273
0.28209481 0.42299956 0.15833583 -0.18636936 -0.36078107 0.30651268 -0.21603002 -0.13504641 -0.32995129
0.28209481 0.37606382 0.17124902 -0.26073393 -0.44873342 0.29472634 -0.19916213 -0.20434073 -0.16805166
0.28209481 0.36060244 0.08950749 -0.31731167 -0.52365351 0.14771254 -0.28363901 -0.12997948 -0.06715358
0.28209481 0.30799127 0.17901498 -0.33440611 -0.47134823 0.25232315 -0.18838133 -0.2739636 0.038828541
0.28209481 0.32808694 2.9918276e-17 -0.36206543 -0.54363239 4.4921555e-17 -0.31539157 -4.957388e-17 0.053659722
0.28209481 0.28209481 0.091658153 -0.38827017 -0.50125462 0.11833017 -0.28209481 -0.1628675 0.1628675
0.28209481 0.22286457 0.17901498 -0.39625424 -0.40415156 0.18258274 -0.18838133 -0.32463297 0.24563858
0.28209481 0.28274906 -0.085624509 -0.38917071 -0.50358248 -0.11079714 -0.28633422 0.15249918 0.16362387
0.28209481 0.24296024 2.9918276e-17 -0.4239136 -0.47134823 3.3266038e-17 -0.31539157 -5.8042112e-17 0.27612746
0.28209481 0.19034906 0.08950749 -0.441008 -0.38417271 0.077972136 -0.28363901 -0.18064883 0.3621242
0.28209481 0.13176258 0.17124902 -0.43822917 -0.26425469 0.10326413 -0.19916213 -0.34344617 0.39971554
0.28209481 0.23266868 -0.15833583 -0.39940888 -0.42528981 -0.16859569 -0.21603002 0.28941849 0.24116264
0.28209481 0.19717467 -0.083863392 -0.43911445 -0.39623985 -0.075675078 -0.28751722 0.16853087 0.35225818
0.28209481 0.15098648 2.9918276e-17 -0.4646886 -0.32109192 2.067302e-17 -0.31539157 -6.3625012e-17 0.44194514
0.28209481 0.098587334 0.083863392 -0.47114742 -0.21257257 0.037837539 -0.28751722 -0.18082502 0.48570025
0.28209481 0.046533737 0.15833583 -0.4598878 -0.097937524 0.033719137 -0.21603002 -0.33324254 0.47899798
0.28209481 -0.3641828 -0.17124902 -0.27708673 0.46181124 0.28541502 -0.19916213 0.21715666 -0.12780224
0.28209481 -0.41321364 -0.17901498 -0.18957992 0.35850587 0.33852702 -0.18838133 0.15531415 -0.3084645
0.28209481 -0.41321364 -0.08950749 -0.2448986 0.4631165 0.16926351 -0.28363901 0.10031711 -0.25346744
0.28209481 -0.44572914 -0.17901498 -0.089507498 0.18258275 0.36516547 -0.18838133 0.073329397 -0.43628013
0.28209481 -0.45643896 -0.091658153 -0.14830601 0.3097924 0.19146222 -0.28209481 0.062209848 -0.42639267
0.28209481 -0.44572914 2.9918276e-17 -0.20014484 0.40826744 -6.1029088e-17 -0.31539157 -2.7403767e-17 -0.36295071
0.28209481 -0.4574976 -0.17124902 0.010106603 -0.021160373 0.35854709 -0.19916213 -0.0079206824 -0.47870165
0.28209481 -0.47824463 -0.08950749 -0.044753749 0.097950988 0.19590198 -0.28363901 0.018332349 -0.5187757
0.28209481 -0.47824463 2.9918276e-17 -0.10007242 0.21902508 -6.54811e-17 -0.31539157 -1.3701884e-17 -0.50044334
0.28209481 -0.4574976 0.085624509 -0.14864998 0.31123108 -0.17927355 -0.28633422 -0.058249507 -0.42837283
0.28209481 -0.37606382 -0.17124902 0.26073393 -0.44873342 0.29472634 -0.19916213 -0.20434073 -0.16805166
0.28209481 -0.30799127 -0.17901498 0.33440611 -0.47134823 0.25232315 -0.18838133 -0.2739636 0.038828541
0.28209481 -0.36060244 -0.08950749 0.31731167 -0.52365351 0.14771254 -0.28363901 -0.12997948 -0.06715358
0.28209481 -0.22286457 -0.17901498 0.39625424 -0.40415156 0.18258274 -0.18838133 -0.32463297 0.24563858
0.28209481 -0.28209481 -0.091658153 0.38827017 -0.50125462 0.11833017 -0.28209481 -0.1628675 0.1628675
0.28209481 -0.32808694 2.9918276e-17 0.36206543 -0.54363239 -4.4921555e-17 -0.31539157 4.957388e-17 0.053659722
0.28209481 -0.13176258 -0.17124902 0.43822917 -0.26425469 0.10326413 -0.19916213 -0.34344617 0.39971554
0.28209481 -0.19034906 -0.08950749 0.441008 -0.38417271 0.077972136 -0.28363901 -0.18064883 0.3621242
0.28209481 -0.24296024 2.9918276e-17 0.4239136 -0.47134823 -3.3266038e-17 -0.31539157 5.8042112e-17 0.27612746
0.28209481 -0.28274906 0.085624509 0.38917071 -0.50358248 -0.11079714 -0.28633422 0.15249918 0.16362387
0.28209481 0.13176258 -0.17124902 0.43822917 0.26425469 -0.10326413 -0.19916213 -0.34344617 0.39971554
0.28209481 0.22286457 -0.17901498 0.39625424 0.40415156 -0.18258274 -0.18838133 -0.32463297 0.24563858
0.28209481 0.19034906 -0.08950749 0.441008 0.38417271 -0.077972136 -0.28363901 -0.18064883 0.3621242
0.28209481 0.30799127 -0.17901498 0.33440611 0.47134823 -0.25232315 -0.18838133 -0.2739636 0.038828541
0.28209481 0.28209481 -0.091658153 0.38827017 0.50125462 -0.11833017 -0.28209481 -0.1628675 0.1628675
0.28209481 0.24296024 2.9918276e-17 0.4239136 0.47134823 3.3266038e-17 -0.31539157 5.8042112e-17 0.27612746
0.28209481 0.37606382 -0.17124902 0.26073393 0.44873342 -0.29472634 -0.19916213 -0.20434073 -0.16805166
0.28209481 0.36060244 -0.08950749 0.31731167 0.52365351 -0.14771254 -0.28363901 -0.12997948 -0.06715358
0.28209481 0.32808694 2.9918276e-17 0.36206543 0.54363239 4.4921555e-17 -0.31539157 4.957388e-17 0.053659722
0.28209481 0.28274906 0.085624509 0.38917071 0.50358248 0.11079714 -0.28633422 0.15249918 0.16362387
0.28209481 0.4574976 -0.17124902 0.010106603 0.021160373 -0.35854709 -0.19916213 -0.0079206824 -0.47870165
0.28209481 0.44572914 -0.17901498 -0.089507498 -0.18258275 -0.36516547 -0.18838133 0.073329397 -0.43628013
0.28209481 0.47824463 -0.08950749 -0.044753749 -0.097950988 -0.19590198 -0.28363901 0.018332349 -0.5187757
0.28209481 0.41321364 -0.17901498 -0.18957992 -0.35850587 -0.33852702 -0.18838133 0.15531415 -0.3084645
0.28209481 0.45643896 -0.091658153 -0.14830601 -0.3097924 -0.19146222 -0.28209481 0.062209848 -0.42639267
0.28209481 0.47824463 2.9918276e-17 -0.10007242 -0.21902508 6.54811e-17 -0.31539157 -1.3701884e-17 -0.50044334
0.28209481 0.3641828 -0.17124902 -0.27708673 -0.46181124 -0.28541502 -0.19916213 0.21715666 -0.12780224
0.28209481 0.41321364 -0.08950749 -0.2448986 -0.4631165 -0.16926351 -0.28363901 0.10031711 -0.25346744
0.28209481 0.44572914 2.9918276e-17 -0.20014484 -0.40826744 6.1029088e-17 -0.31539157 -2.7403767e-17 -0.36295071
0.28209481 0.4574976 0.085624509 -0.14864998 -0.31123108 0.17927355 -0.28633422 -0.058249507 -0.42837283
0.28209481 0.15098648 -0.17124902 -0.43198296 -0.29849288 -0.11833017 -0.19916213 0.33855093 0.37484002
0.28209481 0.052611187 -0.17901498 -0.45157292 -0.10872647 -0.043101937 -0.18838133 0.36995304 0.46027747
0.28209481 0.10522237 -0.08950749 -0.46866733 -0.22568469 -0.043101937 -0.28363901 0.19197886 0.47727251
0.28209481 -0.052611187 -0.17901498 -0.45157292 0.10872647 0.043101937 -0.18838133 0.36995304 0.46027747
0.28209481 -1.7065838e-17 -0.091658153 -0.47992831 3.7482909e-17 7.158598e-18 -0.28209481 0.2013153 0.52705032
0.28209481 0.052611187 2.9918276e-17 -0.48576176 -0.11695821 7.2035065e-18 -0.31539157 -6.6510344e-17 0.53360689
0.28209481 -0.15098648 -0.17124902 -0.43198296 0.29849288 0.11833017 -0.19916213 0.33855093 0.37484002
0.28209481 -0.10522237 -0.08950749 -0.46866733 0.22568469 0.043101937 -0.28363901 0.19197886 0.47727251
0.28209481 -0.052611187 2.9918276e-17 -0.48576176 0.11695821 -7.2035065e-18 -0.31539157 -6.6510344e-17 0.53360689
0.28209481 -4.7827302e-17 0.085624509 -0.48104143 1.0529013e-16 -1.8741454e-17 -0.28633422 -0.18849936 0.52949792
