0.28209481 0 0.48860252 0 0 0 0.63078314 0 0 0 0 0 0.74635267 0 0 0
0.28209481 0 0.21850967 -0.43701938 0 0 -0.12615664 -0.43701935 0.43701938 0 0 0 -0.33377907 3.3592887e-08 0.51708829 -0.42220083
0.28209481 -0.41563013 0.21850967 -0.13504641 0.25687355 -0.4156301 -0.12615664 -0.13504641 -0.3535561 0.24816343 0.30393687 3.1948733e-08 -0.33377907 1.0380773e-08 -0.4183332 0.34156767
0.28209481 -0.25687355 0.21850967 0.3535561 -0.41563013 -0.25687355 -0.12615664 0.3535561 0.13504642 -0.40153685 -0.49178019 1.9745404e-08 -0.33377907 -2.7177215e-08 0.15978907 -0.13046724
0.28209481 0.25687355 0.21850967 0.3535561 0.41563013 0.25687355 -0.12615664 0.3535561 0.13504642 0.40153685 0.49178019 -1.9745404e-08 -0.33377907 -2.7177215e-08 0.15978907 -0.13046724
0.28209481 0.41563013 0.21850967 -0.13504641 -0.25687355 0.4156301 -0.12615664 -0.13504641 -0.3535561 -0.24816343 -0.30393687 -3.1948733e-08 -0.33377907 1.0380773e-08 -0.4183332 0.34156767
0.28209481 -0.25687355 -0.21850967 -0.3535561 0.41563013 0.25687355 -0.12615664 0.3535561 0.13504642 -0.40153685 -0.49178019 1.9745404e-08 0.33377907 2.7177215e-08 -0.15978907 0.13046724
0.28209481 -0.41563013 -0.21850967 0.13504641 -0.25687355 0.4156301 -0.12615664 -0.13504641 -0.3535561 0.24816343 0.30393687 3.1948733e-08 0.33377907 -1.0380773e-08 0.4183332 -0.34156767
0.28209481 -5.3519439e-17 -0.21850967 0.43701938 -1.0703888e-16 5.3519436e-17 -0.12615664 -0.43701935 0.43701938 -1.5511407e-16 1.266501e-16 4.113942e-24 0.33377907 -3.3592887e-08 -0.51708829 0.42220083
0.28209481 0.41563013 -0.21850967 0.13504641 0.25687355 -0.4156301 -0.12615664 -0.13504641 -0.3535561 -0.24816343 -0.30393687 -3.1948733e-08 0.33377907 -1.0380773e-08 0.4183332 -0.34156767
0.28209481 0.25687355 -0.21850967 -0.3535561 -0.41563013 -0.25687355 -0.12615664 0.3535561 0.13504642 0.40153685 0.49178019 -1.9745404e-08 0.33377907 2.7177215e-08 -0.15978907 0.13046724
0.28209481 0 -0.48860252 0 0 0 0.63078314 0 0 0 0 0 -0.74635267 0 0 0
0.28209481 0 0.28643224 -0.3958396 0 0 0.0097733513 -0.51888418 0.35854018 0 0 0 -0.28038976 -0.26597279 0.55610013 -0.31374353
0.28209481 -0.37646583 0.28643224 -0.12232117 0.21074462 -0.49348819 0.0097733513 -0.16034403 -0.29006508 0.18441381 0.32686746 -0.25295514 -0.28038976 -0.082190111 -0.44989446 0.25382385
0.28209481 0 0.35525104 -0.3354536 0 0 0.18479343 -0.54537737 0.25749227 0 0 0 -0.09681078 -0.51561528 0.49532801 -0.19094767
0.28209481 -0.31903532 0.35525104 -0.10366086 0.15135016 -0.51868469 0.18479343 -0.16853088 -0.20831563 0.11223622 0.29114649 -0.49037927 -0.09681078 -0.15933388 -0.40072876 0.15447991
0.28209481 0 0.41563013 -0.25687355 0 0 0.36926687 -0.48860252 0.15098648 0 0 0 0.19619039 -0.62906957 0.33981177 -0.085738353
0.28209481 -0.24430126 0.41563013 -0.079378292 0.088747628 -0.4646886 0.36926687 -0.15098648 -0.12215063 0.050395742 0.19973634 -0.59828073 0.19619039 -0.19439319 -0.27491349 0.069363788
0.28209481 0 0.4589119 -0.1677268 0 0 0.51928568 -0.35225818 0.064373069 0 0 0 0.49448469 -0.53513408 0.15996569 -0.023868458
0.28209481 -0.15951766 0.4589119 -0.05183043 0.037837539 -0.33501744 0.51928568 -0.10885376 -0.052078906 0.014029527 0.094025478 -0.50894272 0.49448469 -0.16536552 -0.12941496 0.019309988
0.28209481 0 0.48214608 -0.079167925 0 0 0.60594273 -0.17468564 0.014341607 0 0 0 0.68815172 -0.28649825 0.037442926 -0.0025099481
0.28209481 -0.081433751 0.46854898 -0.11208395 0.041771222 -0.1746179 0.55470997 -0.24034092 0.013572292 -0.012793243 0.10598038 -0.27407485 0.57185924 -0.37723166 0.034435116 0.0041567767
0.28209481 -0.075293168 0.48214608 -0.024464233 0.0084297853 -0.16613592 0.60594273 -0.053980831 -0.011602604 0.0014753105 0.0220084 -0.27247602 0.68815172 -0.088532828 -0.030291963 0.0020305908
0.28209481 -0.085126691 0.43447852 -0.20667434 0.080515891 -0.16926351 0.43277198 -0.41094545 0.081158251 -0.052058987 0.18942758 -0.23519322 0.31644869 -0.5710125 0.19093885 -0.021927932
0.28209481 -0.17025338 0.43447852 -0.14482617 0.11284234 -0.33852702 0.43277198 -0.28796831 -0.018332351 -0.029227691 0.26548117 -0.47038645 0.31644869 -0.40013459 -0.043130033 0.048339576
0.28209481 -0.085126691 0.37915984 -0.29618183 0.11538609 -0.14771254 0.25438502 -0.51393718 0.18415003 -0.1102033 0.23690222 -0.16012923 0.0031704418 -0.55713868 0.37808323 -0.098858543
0.28209481 -0.17434417 0.38827017 -0.23996417 0.19146223 -0.3097924 0.28209478 -0.42639267 0.062209852 -0.12554216 0.40254134 -0.35183403 0.046670027 -0.48425797 0.13079362 0.04079112
0.28209481 -0.25538006 0.37915984 -0.17248552 0.20158997 -0.44313765 0.25438502 -0.29929832 -0.081158251 -0.031048749 0.41388968 -0.48038772 0.0031704418 -0.32445729 -0.16662814 0.14475411
0.28209481 -0.081433751 0.3097924 -0.36895749 0.13750234 -0.11545281 0.064974219 -0.52308995 0.29632136 -0.16549519 0.230661 -0.076937474 -0.23423733 -0.3485859 0.49708086 -0.21693581
0.28209481 -0.17025338 0.32384115 -0.32384118 0.25232315 -0.25232315 0.10025484 -0.47994715 0.17364651 -0.24599217 0.44246861 -0.19054469 -0.19874653 -0.36243755 0.3045029 -0.02934627
0.28209481 -0.25538006 0.32384115 -0.26199302 0.30620059 -0.37848473 0.10025484 -0.3882854 0.0078288484 -0.18176255 0.53694695 -0.28581706 -0.19874653 -0.29321814 0.013728505 0.1683322
0.28209481 -0.325735 0.3097924 -0.19146223 0.28541505 -0.46181124 0.064974219 -0.27144584 -0.15890716 -0.0063767559 0.47878546 -0.3077499 -0.23423733 -0.18089086 -0.26656774 0.27278039
0.28209481 -0.075293168 0.23750375 -0.42030385 0.14482656 -0.081838064 -0.091828071 -0.45683897 0.39125556 -0.19968703 0.18625677 -0.012776556 -0.32988638 -0.071321689 0.5031811 -0.33942533
0.28209481 -0.15951766 0.25159019 -0.38728401 0.28272724 -0.18366727 -0.064522386 -0.44591549 0.28498286 -0.34255067 0.38517195 -0.048599694 -0.32172498 -0.11799248 0.3882449 -0.14428686
0.28209481 -0.24430126 0.25687352 -0.33625183 0.37594098 -0.28719336 -0.053875331 -0.39528772 0.12215063 -0.34541756 0.5229165 -0.087287955 -0.31744274 -0.12014157 0.16990587 0.11223297
0.28209481 -0.31903532 0.25159019 -0.27138767 0.39623988 -0.36733454 -0.064522386 -0.31247342 -0.064373069 -0.19231962 0.53981531 -0.097199388 -0.32172498 -0.082682736 -0.087698311 0.31807673
0.28209481 -0.37646583 0.23750375 -0.20148909 0.34714141 -0.40919033 -0.091828071 -0.21900363 -0.23140548 0.037958987 0.44644731 -0.063882783 -0.32988638 -0.034190841 -0.2976031 0.39197394
0.28209481 -0.23266868 0.28643224 0.32024097 -0.34099194 -0.30499247 0.0097733513 0.41978613 0.11079501 -0.29838783 -0.52888268 -0.15633488 -0.28038976 0.21517651 0.17184439 -0.096952081
0.28209481 -0.19717467 0.35525104 0.27138767 -0.24488971 -0.32056478 0.18479343 0.44121957 0.079569489 -0.18160202 -0.47108492 -0.30307105 -0.09681078 0.41714153 0.15306477 -0.059006073
0.28209481 -0.15098648 0.41563013 0.20781507 -0.14359668 -0.28719336 0.36926687 0.39528775 0.046657391 -0.081542023 -0.3231802 -0.36975783 0.19619039 0.508928 0.10500761 -0.026494609
0.28209481 -0.098587334 0.4589119 0.13569383 -0.061222427 -0.20705216 0.51928568 0.28498286 0.019892372 -0.022700252 -0.15213642 -0.3145439 0.49448469 0.43293256 0.049432117 -0.0073757591
0.28209481 -0.13176258 0.46854898 0.042812258 -0.025816035 -0.2825377 0.55470997 0.091802061 -0.035532724 0.0079066586 -0.065499477 -0.44346243 0.57185924 0.14408967 -0.090152301 -0.010882583
0.28209481 -0.046533737 0.48214608 0.064048193 -0.013639678 -0.10267764 0.60594273 0.14132366 0.0044318 -0.0023871025 -0.035610341 -0.16839945 0.68815172 0.23178196 0.0115705 -0.00077561662
0.28209481 -0.22286457 0.43447852 0.017094411 -0.017435102 -0.44313765 0.43277198 0.033990048 -0.11298446 0.055005521 -0.041019097 -0.61574382 0.31644869 0.047229484 -0.26581553 -0.012859436
0.28209481 -0.19034907 0.43447852 0.11716684 -0.10206686 -0.37848473 0.43277198 0.23297125 -0.051495884 -0.0047675907 -0.24012998 -0.52590805 0.31644869 0.32371569 -0.121153 -0.056287143
0.28209481 -0.30799127 0.37915984 -0.010564927 0.014891354 -0.53442901 0.25438502 -0.018332349 -0.21680275 0.14726393 0.03057383 -0.57935303 0.0031704418 -0.019873364 -0.4451234 0.015202366
0.28209481 -0.28209481 0.38827017 0.091658153 -0.11833017 -0.50125462 0.28209478 0.1628675 -0.16286752 0.077589318 -0.24878423 -0.56927937 0.046670027 0.1849701 -0.34242213 -0.10679254
0.28209481 -0.24296026 0.37915984 0.18957992 -0.21079335 -0.42158666 0.25438502 0.32896069 -0.052833211 -0.059965368 -0.43278533 -0.45702517 0.0031704418 0.35661304 -0.10847325 -0.13535853
0.28209481 -0.37606385 0.3097924 -0.036566034 0.062931597 -0.53316498 0.064974219 -0.051841542 -0.32055086 0.2614001 0.10556813 -0.35529989 -0.23423733 -0.034547079 -0.53772599 0.078229122
0.28209481 -0.36060244 0.32384115 0.06184816 -0.10206686 -0.53442901 0.10025484 0.091661751 -0.28879482 0.21626115 -0.17898232 -0.40358013 -0.19874653 0.06921941 -0.50642455 -0.12084894
0.28209481 -0.32808694 0.32384115 0.16192059 -0.24311979 -0.48623958 0.10025484 0.23997357 -0.18631385 0.048105799 -0.42632979 -0.36718935 -0.19874653 0.18121877 -0.3267161 -0.24302095
0.28209481 -0.28274906 0.3097924 0.25062731 -0.32430893 -0.40086785 0.064974219 0.35532722 -0.039204162 -0.15517738 -0.54403013 -0.26713738 -0.23423733 0.2367892 -0.065765217 -0.22443214
0.28209481 -0.42299959 0.23750375 -0.058272973 0.1128071 -0.45976904 -0.091828071 -0.063338384 -0.40165931 0.3610594 0.14507756 -0.071779132 -0.32988638 -0.0098883864 -0.51656103 0.15722775
0.28209481 -0.41762266 0.25159019 0.032032967 -0.061222427 -0.48084715 -0.064522386 0.036882482 -0.39673889 0.36193898 -0.083406046 -0.12723565 -0.32172498 0.009759373 -0.5404951 -0.084615707
0.28209481 -0.39528775 0.25687352 0.12843677 -0.23234431 -0.4646886 -0.053875331 0.15098648 -0.31979451 0.21347979 -0.32318017 -0.14123489 -0.31744274 0.045889996 -0.44481936 -0.29382971
0.28209481 -0.35669234 0.25159019 0.21955723 -0.35840231 -0.41069248 -0.064522386 0.25279629 -0.18082504 -0.031370975 -0.48826751 -0.10867222 -0.32172498 0.066891737 -0.24634604 -0.37037212
0.28209481 -0.30796185 0.23750375 0.29577672 -0.41686001 -0.33473161 -0.091828071 0.32148728 -0.016833633 -0.26110595 -0.53611016 -0.05225829 -0.32988638 0.050190587 -0.021649191 -0.29480186
0.28209481 0.23266868 0.28643224 0.32024097 0.34099194 0.30499247 0.0097733513 0.41978613 0.11079501 0.29838783 0.52888268 0.15633488 -0.28038976 0.21517651 0.17184439 -0.096952081
0.28209481 0.19717467 0.35525104 0.27138767 0.24488971 0.32056478 0.18479343 0.44121957 0.079569489 0.18160202 0.47108492 0.30307105 -0.09681078 0.41714153 0.15306477 -0.059006073
0.28209481 0.15098648 0.41563013 0.20781507 0.14359668 0.28719336 0.36926687 0.39528775 0.046657391 0.081542023 0.3231802 0.36975783 0.19619039 0.508928 0.10500761 -0.026494609
0.28209481 0.098587334 0.4589119 0.13569383 0.061222427 0.20705216 0.51928568 0.28498286 0.019892372 0.022700252 0.15213642 0.3145439 0.49448469 0.43293256 0.049432117 -0.0073757591
0.28209481 -1.696667e-17 0.46854898 0.13854338 -1.0757509e-17 -3.6381528e-17 0.55470997 0.29707772 0.04392086 -4.9420419e-18 -2.7293549e-17 -5.7103315e-17 0.57185924 0.46628398 0.11143437 0.013451612
0.28209481 0.046533737 0.48214608 0.064048193 0.013639678 0.10267764 0.60594273 0.14132366 0.0044318 0.0023871025 0.035610341 0.16839945 0.68815172 0.23178196 0.0115705 -0.00077561662
0.28209481 -0.052611187 0.43447852 0.21723926 -0.052305304 -0.10461061 0.43277198 0.43195245 0.10165444 -0.036941815 -0.1230573 -0.1453574 0.31644869 0.6002019 0.23915969 0.042734936
0.28209481 0.052611187 0.43447852 0.21723926 0.052305304 0.10461061 0.43277198 0.43195245 0.10165444 0.036941815 0.1230573 0.1453574 0.31644869 0.6002019 0.23915969 0.042734936
0.28209481 -0.10522237 0.37915984 0.28965235 -0.13948081 -0.18258275 0.25438502 0.50260717 0.16664419 -0.12807475 -0.28637171 -0.19793062 0.0031704418 0.54485625 0.34214154 0.074260592
0.28209481 -3.6324495e-17 0.38827017 0.29661202 -4.9308031e-17 -6.4545049e-17 0.28209478 0.52705032 0.20131531 -4.8497057e-17 -1.0366807e-16 -7.3304389e-17 0.046670027 0.59857577 0.42325702 0.13200283
0.28209481 0.10522237 0.37915984 0.28965235 0.13948081 0.18258275 0.25438502 0.50260717 0.16664419 0.12807475 0.28637171 0.19793062 0.0031704418 0.54485625 0.34214154 0.074260592
0.28209481 -0.15098648 0.3097924 0.34635845 -0.2393278 -0.21406129 0.064974219 0.49105012 0.22234084 -0.25745904 -0.40147382 -0.14264992 -0.23423733 0.32723463 0.37297809 0.090358429
0.28209481 -0.052611187 0.32384115 0.36206543 -0.087175503 -0.077972144 0.10025484 0.53659725 0.29363331 -0.10392572 -0.15286915 -0.058881547 -0.19874653 0.4052175 0.51490927 0.22488396
0.28209481 0.052611187 0.32384115 0.36206543 0.087175503 0.077972144 0.10025484 0.53659725 0.29363331 0.10392572 0.15286915 0.058881547 -0.19874653 0.4052175 0.51490927 0.22488396
0.28209481 0.15098648 0.3097924 0.34635845 0.2393278 0.21406129 0.064974219 0.49105012 0.22234084 0.25745904 0.40147382 0.14264992 -0.23423733 0.32723463 0.37297809 0.090358429
0.28209481 -0.18613495 0.23750375 0.38428918 -0.32735229 -0.20231482 -0.091828071 0.4176937 0.25864288 -0.38451934 -0.42099717 -0.031585384 -0.32988638 0.065210328 0.33263221 0.085025467
0.28209481 -0.098587334 0.25159019 0.40708148 -0.18366727 -0.11351261 -0.064522386 0.46871012 0.35695413 -0.24307893 -0.25021815 -0.030036261 -0.32172498 0.1240241 0.48629457 0.28119794
0.28209481 -5.090001e-17 0.25687352 0.41563013 -9.6817573e-17 -5.9836551e-17 -0.053875331 0.48860249 0.39528775 -1.3343513e-16 -1.3466876e-16 -1.818639e-17 -0.31744274 0.14850314 0.54982698 0.36319351
0.28209481 0.098587334 0.25159019 0.40708148 0.18366727 0.11351261 -0.064522386 0.46871012 0.35695413 0.24307893 0.25021815 0.030036261 -0.32172498 0.1240241 0.48629457 0.28119794
0.28209481 0.18613495 0.23750375 0.38428918 0.32735229 0.20231482 -0.091828071 0.4176937 0.25864288 0.38451934 0.42099717 0.031585384 -0.32988638 0.065210328 0.33263221 0.085025467
0.28209481 0.37646583 0.28643224 -0.12232117 -0.21074462 0.49348819 0.0097733513 -0.16034403 -0.29006508 -0.18441381 -0.32686746 0.25295514 -0.28038976 -0.082190111 -0.44989446 0.25382385
0.28209481 0.31903532 0.35525104 -0.10366086 -0.15135016 0.51868469 0.18479343 -0.16853088 -0.20831563 -0.11223622 -0.29114649 0.49037927 -0.09681078 -0.15933388 -0.40072876 0.15447991
0.28209481 0.24430126 0.41563013 -0.079378292 -0.088747628 0.4646886 0.36926687 -0.15098648 -0.12215063 -0.050395742 -0.19973634 0.59828073 0.19619039 -0.19439319 -0.27491349 0.069363788
0.28209481 0.15951766 0.4589119 -0.05183043 -0.037837539 0.33501744 0.51928568 -0.10885376 -0.052078906 -0.014029527 -0.094025478 0.50894272 0.49448469 -0.16536552 -0.12941496 0.019309988
0.28209481 0.13176258 0.46854898 0.042812258 0.025816035 0.2825377 0.55470997 0.091802061 -0.035532724 -0.0079066586 0.065499477 0.44346243 0.57185924 0.14408967 -0.090152301 -0.010882583
0.28209481 0.075293168 0.48214608 -0.024464233 -0.0084297853 0.16613592 0.60594273 -0.053980831 -0.011602604 -0.0014753105 -0.0220084 0.27247602 0.68815172 -0.088532828 -0.030291963 0.0020305908
0.28209481 0.19034907 0.43447852 0.11716684 0.10206686 0.37848473 0.43277198 0.23297125 -0.051495884 0.0047675907 0.24012998 0.52590805 0.31644869 0.32371569 -0.121153 -0.056287143
0.28209481 0.22286457 0.43447852 0.017094411 0.017435102 0.44313765 0.43277198 0.033990048 -0.11298446 -0.055005521 0.041019097 0.61574382 0.31644869 0.047229484 -0.26581553 -0.012859436
0.28209481 0.24296026 0.37915984 0.18957992 0.21079335 0.42158666 0.25438502 0.32896069 -0.052833211 0.059965368 0.43278533 0.45702517 0.0031704418 0.35661304 -0.10847325 -0.13535853
0.28209481 0.28209481 0.38827017 0.091658153 0.11833017 0.50125462 0.28209478 0.1628675 -0.16286752 -0.077589318 0.24878423 0.56927937 0.046670027 0.1849701 -0.34242213 -0.10679254
0.28209481 0.30799127 0.37915984 -0.010564927 -0.014891354 0.53442901 0.25438502 -0.018332349 -0.21680275 -0.14726393 -0.03057383 0.57935303 0.0031704418 -0.019873364 -0.4451234 0.015202366
0.28209481 0.28274906 0.3097924 0.25062731 0.32430893 0.40086785 0.064974219 0.35532722 -0.039204162 0.15517738 0.54403013 0.26713738 -0.23423733 0.2367892 -0.065765217 -0.22443214
0.28209481 0.32808694 0.32384115 0.16192059 0.24311979 0.48623958 0.10025484 0.23997357 -0.18631385 -0.048105799 0.42632979 0.36718935 -0.19874653 0.18121877 -0.3267161 -0.24302095
0.28209481 0.36060244 0.32384115 0.06184816 0.10206686 0.53442901 0.10025484 0.091661751 -0.28879482 -0.21626115 0.17898232 0.40358013 -0.19874653 0.06921941 -0.50642455 -0.12084894
0.28209481 0.37606385 0.3097924 -0.036566034 -0.062931597 0.53316498 0.064974219 -0.051841542 -0.32055086 -0.2614001 -0.10556813 0.35529989 -0.23423733 -0.034547079 -0.53772599 0.078229122
0.28209481 0.30796185 0.23750375 0.29577672 0.41686001 0.33473161 -0.091828071 0.32148728 -0.016833633 0.26110595 0.53611016 0.05225829 -0.32988638 0.050190587 -0.021649191 -0.29480186
0.28209481 0.35669234 0.25159019 0.21955723 0.35840231 0.41069248 -0.064522386 0.25279629 -0.18082504 0.031370975 0.48826751 0.10867222 -0.32172498 0.066891737 -0.24634604 -0.37037212
0.28209481 0.39528775 0.25687352 0.12843677 0.23234431 0.4646886 -0.053875331 0.15098648 -0.31979451 -0.21347979 0.32318017 0.14123489 -0.31744274 0.045889996 -0.44481936 -0.29382971
0.28209481 0.41762266 0.25159019 0.032032967 0.061222427 0.48084715 -0.064522386 0.036882482 -0.39673889 -0.36193898 0.083406046 0.12723565 -0.32172498 0.009759373 -0.5404951 -0.084615707
0.28209481 0.42299959 0.23750375 -0.058272973 -0.1128071 0.45976904 -0.091828071 -0.063338384 -0.40165931 -0.3610594 -0.14507756 0.071779132 -0.32988638 -0.0098883864 -0.51656103 0.15722775
0.28209481 0.081433751 0.46854898 -0.11208395 -0.041771222 0.1746179 0.55470997 -0.24034092 0.013572292 0.012793243 -0.10598038 0.27407485 0.57185924 -0.37723166 0.034435116 0.0041567767
0.28209481 0.17025338 0.43447852 -0.14482617 -0.11284234 0.33852702 0.43277198 -0.28796831 -0.018332351 0.029227691 -0.26548117 0.47038645 0.31644869 -0.40013459 -0.043130033 0.048339576
0.28209481 0.085126691 0.43447852 -0.20667434 -0.080515891 0.16926351 0.43277198 -0.41094545 0.081158251 0.052058987 -0.18942758 0.23519322 0.31644869 -0.5710125 0.19093885 -0.021927932
0.28209481 0.25538006 0.37915984 -0.17248552 -0.20158997 0.44313765 0.25438502 -0.29929832 -0.081158251 0.031048749 -0.41388968 0.48038772 0.0031704418 -0.32445729 -0.16662814 0.14475411
0.28209481 0.17434417 0.38827017 -0.23996417 -0.19146223 0.3097924 0.28209478 -0.42639267 0.062209852 0.12554216 -0.40254134 0.35183403 0.046670027 -0.48425797 0.13079362 0.04079112
0.28209481 0.085126691 0.37915984 -0.29618183 -0.11538609 0.14771254 0.25438502 -0.51393718 0.18415003 0.1102033 -0.23690222 0.16012923 0.0031704418 -0.55713868 0.37808323 -0.098858543
0.28209481 0.325735 0.3097924 -0.19146223 -0.28541505 0.46181124 0.064974219 -0.27144584 -0.15890716 0.0063767559 -0.47878546 0.3077499 -0.23423733 -0.18089086 -0.26656774 0.27278039
0.28209481 0.25538006 0.32384115 -0.26199302 -0.30620059 0.37848473 0.10025484 -0.3882854 0.0078288484 0.18176255 -0.53694695 0.28581706 -0.19874653 -0.29321814 0.013728505 0.1683322
0.28209481 0.17025338 0.32384115 -0.32384118 -0.25232315 0.25232315 0.10025484 -0.47994715 0.17364651 0.24599217 -0.44246861 0.19054469 -0.19874653 -0.36243755 0.3045029 -0.02934627
0.28209481 0.081433751 0.3097924 -0.36895749 -0.13750234 0.11545281 0.064974219 -0.52308995 0.29632136 0.16549519 -0.230661 0.076937474 -0.23423733 -0.3485859 0.49708086 -0.21693581
0.28209481 0.37646583 0.23750375 -0.20148909 -0.34714141 0.40919033 -0.091828071 -0.21900363 -0.23140548 -0.037958987 -0.44644731 0.063882783 -0.32988638 -0.034190841 -0.2976031 0.39197394
0.28209481 0.31903532 0.25159019 -0.27138767 -0.39623988 0.36733454 -0.064522386 -0.31247342 -0.064373069 0.19231962 -0.53981531 0.097199388 -0.32172498 -0.082682736 -0.087698311 0.31807673
0.28209481 0.24430126 0.25687352 -0.33625183 -0.37594098 0.28719336 -0.053875331 -0.39528772 0.12215063 0.34541756 -0.5229165 0.087287955 -0.31744274 -0.12014157 0.16990587 0.11223297
0.28209481 0.15951766 0.25159019 -0.38728401 -0.28272724 0.18366727 -0.064522386 -0.44591549 0.28498286 0.34255067 -0.38517195 0.048599694 -0.32172498 -0.11799248 0.3882449 -0.14428686
0.28209481 0.075293168 0.23750375 -0.42030385 -0.14482656 0.081838064 -0.091828071 -0.45683897 0.39125556 0.19968703 -0.18625677 0.012776556 -0.32988638 -0.071321689 0.5031811 -0.33942533
0.28209481 -0.37646583 -0.28643224 0.12232117 -0.21074462 0.49348819 0.0097733513 -0.16034403 -0.29006508 0.18441381 0.32686746 -0.25295514 0.28038976 0.082190111 0.44989446 -0.25382385
0.28209481 -0.23266868 -0.28643224 -0.32024097 0.34099194 0.30499247 0.0097733513 0.41978613 0.11079501 -0.29838783 -0.52888268 -0.15633488 0.28038976 -0.21517651 -0.17184439 0.096952081
0.28209481 -0.31903532 -0.35525104 0.10366086 -0.15135016 0.51868469 0.18479343 -0.16853088 -0.20831563 0.11223622 0.29114649 -0.49037927 0.09681078 0.15933388 0.40072876 -0.15447991
0.28209481 -0.19717467 -0.35525104 -0.27138767 0.24488971 0.32056478 0.18479343 0.44121957 0.079569489 -0.18160202 -0.47108492 -0.30307105 0.09681078 -0.41714153 -0.15306477 0.059006073
0.28209481 -0.24430126 -0.41563013 0.079378292 -0.088747628 0.4646886 0.36926687 -0.15098648 -0.12215063 0.050395742 0.19973634 -0.59828073 -0.19619039 0.19439319 0.27491349 -0.069363788
0.28209481 -0.15098648 -0.41563013 -0.20781507 0.14359668 0.28719336 0.36926687 0.39528775 0.046657391 -0.081542023 -0.3231802 -0.36975783 -0.19619039 -0.508928 -0.10500761 0.026494609
0.28209481 -0.15951766 -0.4589119 0.05183043 -0.037837539 0.33501744 0.51928568 -0.10885376 -0.052078906 0.014029527 0.094025478 -0.50894272 -0.49448469 0.16536552 0.12941496 -0.019309988
0.28209481 -0.098587334 -0.4589119 -0.13569383 0.061222427 0.20705216 0.51928568 0.28498286 0.019892372 -0.022700252 -0.15213642 -0.3145439 -0.49448469 -0.43293256 -0.049432117 0.0073757591
0.28209481 -0.075293168 -0.48214608 0.024464233 -0.0084297853 0.16613592 0.60594273 -0.053980831 -0.011602604 0.0014753105 0.0220084 -0.27247602 -0.68815172 0.088532828 0.030291963 -0.0020305908
0.28209481 -0.13176258 -0.46854898 -0.042812258 0.025816035 0.2825377 0.55470997 0.091802061 -0.035532724 0.0079066586 -0.065499477 -0.44346243 -0.57185924 -0.14408967 0.090152301 0.010882583
0.28209481 -0.046533737 -0.48214608 -0.064048193 0.013639678 0.10267764 0.60594273 0.14132366 0.0044318 -0.0023871025 -0.035610341 -0.16839945 -0.68815172 -0.23178196 -0.0115705 0.00077561662
0.28209481 -0.22286457 -0.43447852 -0.017094411 0.017435102 0.44313765 0.43277198 0.033990048 -0.11298446 0.055005521 -0.041019097 -0.61574382 -0.31644869 -0.047229484 0.26581553 0.012859436
0.28209481 -0.19034907 -0.43447852 -0.11716684 0.10206686 0.37848473 0.43277198 0.23297125 -0.051495884 -0.0047675907 -0.24012998 -0.52590805 -0.31644869 -0.32371569 0.121153 0.056287143
0.28209481 -0.30799127 -0.37915984 0.010564927 -0.014891354 0.53442901 0.25438502 -0.018332349 -0.21680275 0.14726393 0.03057383 -0.57935303 -0.0031704418 0.019873364 0.4451234 -0.015202366
0.28209481 -0.28209481 -0.38827017 -0.091658153 0.11833017 0.50125462 0.28209478 0.1628675 -0.16286752 0.077589318 -0.24878423 -0.56927937 -0.046670027 -0.1849701 0.34242213 0.10679254
0.28209481 -0.24296026 -0.37915984 -0.18957992 0.21079335 0.42158666 0.25438502 0.32896069 -0.052833211 -0.059965368 -0.43278533 -0.45702517 -0.0031704418 -0.35661304 0.10847325 0.13535853
0.28209481 -0.37606385 -0.3097924 0.036566034 -0.062931597 0.53316498 0.064974219 -0.051841542 -0.32055086 0.2614001 0.10556813 -0.35529989 0.23423733 0.034547079 0.53772599 -0.078229122
0.28209481 -0.36060244 -0.32384115 -0.06184816 0.10206686 0.53442901 0.10025484 0.091661751 -0.28879482 0.21626115 -0.17898232 -0.40358013 0.19874653 -0.06921941 0.50642455 0.12084894
0.28209481 -0.32808694 -0.32384115 -0.16192059 0.24311979 0.48623958 0.10025484 0.23997357 -0.18631385 0.048105799 -0.42632979 -0.36718935 0.19874653 -0.18121877 0.3267161 0.24302095
0.28209481 -0.28274906 -0.3097924 -0.25062731 0.32430893 0.40086785 0.064974219 0.35532722 -0.039204162 -0.15517738 -0.54403013 -0.26713738 0.23423733 -0.2367892 0.065765217 0.22443214
0.28209481 -0.42299959 -0.23750375 0.058272973 -0.1128071 0.45976904 -0.091828071 -0.063338384 -0.40165931 0.3610594 0.14507756 -0.071779132 0.32988638 0.0098883864 0.51656103 -0.15722775
0.28209481 -0.41762266 -0.25159019 -0.032032967 0.061222427 0.48084715 -0.064522386 0.036882482 -0.39673889 0.36193898 -0.083406046 -0.12723565 0.32172498 -0.009759373 0.5404951 0.084615707
0.28209481 -0.39528775 -0.25687352 -0.12843677 0.23234431 0.4646886 -0.053875331 0.15098648 -0.31979451 0.21347979 -0.32318017 -0.14123489 0.31744274 -0.045889996 0.44481936 0.29382971
0.28209481 -0.35669234 -0.25159019 -0.21955723 0.35840231 0.41069248 -0.064522386 0.25279629 -0.18082504 -0.031370975 -0.48826751 -0.10867222 0.32172498 -0.066891737 0.24634604 0.37037212
0.28209481 -0.30796185 -0.23750375 -0.29577672 0.41686001 0.33473161 -0.091828071 0.32148728 -0.016833633 -0.26110595 -0.53611016 -0.05225829 0.32988638 -0.050190587 0.021649191 0.29480186
0.28209481 -4.8476371e-17 -0.28643224 0.3958396 -8.7817014e-17 6.3544987e-17 0.0097733513 -0.51888418 0.35854018 -1.152675e-16 1.3620525e-16 -3.2572271e-17 0.28038976 0.26597279 -0.55610013 0.31374353
0.28209481 -4.1081217e-17 -0.35525104 0.3354536 -6.306742e-17 6.6789468e-17 0.18479343 -0.54537737 0.25749227 -7.0153036e-17 1.2132037e-16 -6.3144658e-17 0.09681078 0.51561528 -0.49532801 0.19094767
0.28209481 -3.1457937e-17 -0.41563013 0.25687355 -3.6981022e-17 5.9836551e-17 0.36926687 -0.48860252 0.15098648 -3.1499762e-17 8.3229881e-17 -7.7038805e-17 -0.19619039 0.62906957 -0.33981177 0.085738353
0.28209481 -2.0540609e-17 -0.4589119 0.1677268 -1.5766855e-17 4.3139186e-17 0.51928568 -0.35225818 0.064373069 -8.7691294e-18 3.9180296e-17 -6.5535019e-17 -0.49448469 0.53513408 -0.15996569 0.023868458
0.28209481 -9.6952739e-18 -0.48214608 0.079167925 -3.5126804e-18 2.1392821e-17 0.60594273 -0.17468564 0.014341607 -9.2214002e-19 9.170872e-18 -3.5085918e-17 -0.68815172 0.28649825 -0.037442926 0.0025099481
0.28209481 -0.081433751 -0.46854898 0.11208395 -0.041771222 0.1746179 0.55470997 -0.24034092 0.013572292 -0.012793243 0.10598038 -0.27407485 -0.57185924 0.37723166 -0.034435116 -0.0041567767
0.28209481 -0.085126691 -0.43447852 0.20667434 -0.080515891 0.16926351 0.43277198 -0.41094545 0.081158251 -0.052058987 0.18942758 -0.23519322 -0.31644869 0.5710125 -0.19093885 0.021927932
0.28209481 -0.17025338 -0.43447852 0.14482617 -0.11284234 0.33852702 0.43277198 -0.28796831 -0.018332351 -0.029227691 0.26548117 -0.47038645 -0.31644869 0.40013459 0.043130033 -0.048339576
0.28209481 -0.085126691 -0.37915984 0.29618183 -0.11538609 0.14771254 0.25438502 -0.51393718 0.18415003 -0.1102033 0.23690222 -0.16012923 -0.0031704418 0.55713868 -0.37808323 0.098858543
0.28209481 -0.17434417 -0.38827017 0.23996417 -0.19146223 0.3097924 0.28209478 -0.42639267 0.062209852 -0.12554216 0.40254134 -0.35183403 -0.046670027 0.48425797 -0.13079362 -0.04079112
0.28209481 -0.25538006 -0.37915984 0.17248552 -0.20158997 0.44313765 0.25438502 -0.29929832 -0.081158251 -0.031048749 0.41388968 -0.48038772 -0.0031704418 0.32445729 0.16662814 -0.14475411
0.28209481 -0.081433751 -0.3097924 0.36895749 -0.13750234 0.11545281 0.064974219 -0.52308995 0.29632136 -0.16549519 0.230661 -0.076937474 0.23423733 0.3485859 -0.49708086 0.21693581
0.28209481 -0.17025338 -0.32384115 0.32384118 -0.25232315 0.25232315 0.10025484 -0.47994715 0.17364651 -0.24599217 0.44246861 -0.19054469 0.19874653 0.36243755 -0.3045029 0.02934627
0.28209481 -0.25538006 -0.32384115 0.26199302 -0.30620059 0.37848473 0.10025484 -0.3882854 0.0078288484 -0.18176255 0.53694695 -0.28581706 0.19874653 0.29321814 -0.013728505 -0.1683322
0.28209481 -0.325735 -0.3097924 0.19146223 -0.28541505 0.46181124 0.064974219 -0.27144584 -0.15890716 -0.0063767559 0.47878546 -0.3077499 0.23423733 0.18089086 0.26656774 -0.27278039
0.28209481 -0.075293168 -0.23750375 0.42030385 -0.14482656 0.081838064 -0.091828071 -0.45683897 0.39125556 -0.19968703 0.18625677 -0.012776556 0.32988638 0.071321689 -0.5031811 0.33942533
0.28209481 -0.15951766 -0.25159019 0.38728401 -0.28272724 0.18366727 -0.064522386 -0.44591549 0.28498286 -0.34255067 0.38517195 -0.048599694 0.32172498 0.11799248 -0.3882449 0.14428686
0.28209481 -0.24430126 -0.25687352 0.33625183 -0.37594098 0.28719336 -0.053875331 -0.39528772 0.12215063 -0.34541756 0.5229165 -0.087287955 0.31744274 0.12014157 -0.16990587 -0.11223297
0.28209481 -0.31903532 -0.25159019 0.27138767 -0.39623988 0.36733454 -0.064522386 -0.31247342 -0.064373069 -0.19231962 0.53981531 -0.097199388 0.32172498 0.082682736 0.087698311 -0.31807673
0.28209481 -0.37646583 -0.23750375 0.20148909 -0.34714141 0.40919033 -0.091828071 -0.21900363 -0.23140548 0.037958987 0.44644731 -0.063882783 0.32988638 0.034190841 0.2976031 -0.39197394
0.28209481 0.37646583 -0.28643224 0.12232117 0.21074462 -0.49348819 0.0097733513 -0.16034403 -0.29006508 -0.18441381 -0.32686746 0.25295514 0.28038976 0.082190111 0.44989446 -0.25382385
0.28209481 0.31903532 -0.35525104 0.10366086 0.15135016 -0.51868469 0.18479343 -0.16853088 -0.20831563 -0.11223622 -0.29114649 0.49037927 0.09681078 0.15933388 0.40072876 -0.15447991
0.28209481 0.24430126 -0.41563013 0.079378292 0.088747628 -0.4646886 0.36926687 -0.15098648 -0.12215063 -0.050395742 -0.19973634 0.59828073 -0.19619039 0.19439319 0.27491349 -0.069363788
0.28209481 0.15951766 -0.4589119 0.05183043 0.037837539 -0.33501744 0.51928568 -0.10885376 -0.052078906 -0.014029527 -0.094025478 0.50894272 -0.49448469 0.16536552 0.12941496 -0.019309988
0.28209481 0.075293168 -0.48214608 0.024464233 0.0084297853 -0.16613592 0.60594273 -0.053980831 -0.011602604 -0.0014753105 -0.0220084 0.27247602 -0.68815172 0.088532828 0.030291963 -0.0020305908
0.28209481 0.081433751 -0.46854898 0.11208395 0.041771222 -0.1746179 0.55470997 -0.24034092 0.013572292 0.012793243 -0.10598038 0.27407485 -0.57185924 0.37723166 -0.034435116 -0.0041567767
0.28209481 0.17025338 -0.43447852 0.14482617 0.11284234 -0.33852702 0.43277198 -0.28796831 -0.018332351 0.029227691 -0.26548117 0.47038645 -0.31644869 0.40013459 0.043130033 -0.048339576
0.28209481 0.085126691 -0.43447852 0.20667434 0.080515891 -0.16926351 0.43277198 -0.41094545 0.081158251 0.052058987 -0.18942758 0.23519322 -0.31644869 0.5710125 -0.19093885 0.021927932
0.28209481 0.25538006 -0.37915984 0.17248552 0.20158997 -0.44313765 0.25438502 -0.29929832 -0.081158251 0.031048749 -0.41388968 0.48038772 -0.0031704418 0.32445729 0.16662814 -0.14475411
0.28209481 0.17434417 -0.38827017 0.23996417 0.19146223 -0.3097924 0.28209478 -0.42639267 0.062209852 0.12554216 -0.40254134 0.35183403 -0.046670027 0.48425797 -0.13079362 -0.04079112
0.28209481 0.085126691 -0.37915984 0.29618183 0.11538609 -0.14771254 0.25438502 -0.51393718 0.18415003 0.1102033 -0.23690222 0.16012923 -0.0031704418 0.55713868 -0.37808323 0.098858543
0.28209481 0.325735 -0.3097924 0.19146223 0.28541505 -0.46181124 0.064974219 -0.27144584 -0.15890716 0.0063767559 -0.47878546 0.3077499 0.23423733 0.18089086 0.26656774 -0.27278039
0.28209481 0.25538006 -0.32384115 0.26199302 0.30620059 -0.37848473 0.10025484 -0.3882854 0.0078288484 0.18176255 -0.53694695 0.28581706 0.19874653 0.29321814 -0.013728505 -0.1683322
0.28209481 0.17025338 -0.32384115 0.32384118 0.25232315 -0.25232315 0.10025484 -0.47994715 0.17364651 0.24599217 -0.44246861 0.19054469 0.19874653 0.36243755 -0.3045029 0.02934627
0.28209481 0.081433751 -0.3097924 0.36895749 0.13750234 -0.11545281 0.064974219 -0.52308995 0.29632136 0.16549519 -0.230661 0.076937474 0.23423733 0.3485859 -0.49708086 0.21693581
0.28209481 0.37646583 -0.23750375 0.20148909 0.34714141 -0.40919033 -0.091828071 -0.21900363 -0.23140548 -0.037958987 -0.44644731 0.063882783 0.32988638 0.034190841 0.2976031 -0.39197394
0.28209481 0.31903532 -0.25159019 0.27138767 0.39623988 -0.36733454 -0.064522386 -0.31247342 -0.064373069 0.19231962 -0.53981531 0.097199388 0.32172498 0.082682736 0.087698311 -0.31807673
0.28209481 0.24430126 -0.25687352 0.33625183 0.37594098 -0.28719336 -0.053875331 -0.39528772 0.12215063 0.34541756 -0.5229165 0.087287955 0.31744274 0.12014157 -0.16990587 -0.11223297
0.28209481 0.15951766 -0.25159019 0.38728401 0.28272724 -0.18366727 -0.064522386 -0.44591549 0.28498286 0.34255067 -0.38517195 0.048599694 0.32172498 0.11799248 -0.3882449 0.14428686
0.28209481 0.075293168 -0.23750375 0.42030385 0.14482656 -0.081838064 -0.091828071 -0.45683897 0.39125556 0.19968703 -0.18625677 0.012776556 0.32988638 0.071321689 -0.5031811 0.33942533
0.28209481 0.23266868 -0.28643224 -0.32024097 -0.34099194 -0.30499247 0.0097733513 0.41978613 0.11079501 0.29838783 0.52888268 0.15633488 0.28038976 -0.21517651 -0.17184439 0.096952081
0.28209481 0.19717467 -0.35525104 -0.27138767 -0.24488971 -0.32056478 0.18479343 0.44121957 0.079569489 0.18160202 0.47108492 0.30307105 0.09681078 -0.41714153 -0.15306477 0.059006073
0.28209481 0.15098648 -0.41563013 -0.20781507 -0.14359668 -0.28719336 0.36926687 0.39528775 0.046657391 0.081542023 0.3231802 0.36975783 -0.19619039 -0.508928 -0.10500761 0.026494609
0.28209481 0.098587334 -0.4589119 -0.13569383 -0.061222427 -0.20705216 0.51928568 0.28498286 0.019892372 0.022700252 0.15213642 0.3145439 -0.49448469 -0.43293256 -0.049432117 0.0073757591
0.28209481 0.046533737 -0.48214608 -0.064048193 -0.013639678 -0.10267764 0.60594273 0.14132366 0.0044318 0.0023871025 0.035610341 0.16839945 -0.68815172 -0.23178196 -0.0115705 0.00077561662
0.28209481 0.13176258 -0.46854898 -0.042812258 -0.025816035 -0.2825377 0.55470997 0.091802061 -0.035532724 -0.0079066586 0.065499477 0.44346243 -0.57185924 -0.14408967 0.090152301 0.010882583
0.28209481 0.19034907 -0.43447852 -0.11716684 -0.10206686 -0.37848473 0.43277198 0.23297125 -0.051495884 0.0047675907 0.24012998 0.52590805 -0.31644869 -0.32371569 0.121153 0.056287143
0.28209481 0.22286457 -0.43447852 -0.017094411 -0.017435102 -0.44313765 0.43277198 0.033990048 -0.11298446 -0.055005521 0.041019097 0.61574382 -0.31644869 -0.047229484 0.26581553 0.012859436
0.28209481 0.24296026 -0.37915984 -0.18957992 -0.21079335 -0.42158666 0.25438502 0.32896069 -0.052833211 0.059965368 0.43278533 0.45702517 -0.0031704418 -0.35661304 0.10847325 0.13535853
0.28209481 0.28209481 -0.38827017 -0.091658153 -0.11833017 -0.50125462 0.28209478 0.1628675 -0.16286752 -0.077589318 0.24878423 0.56927937 -0.046670027 -0.1849701 0.34242213 0.10679254
0.28209481 0.30799127 -0.37915984 0.010564927 0.014891354 -0.53442901 0.25438502 -0.018332349 -0.21680275 -0.14726393 -0.03057383 0.57935303 -0.0031704418 0.019873364 0.4451234 -0.015202366
0.28209481 0.28274906 -0.3097924 -0.25062731 -0.32430893 -0.40086785 0.064974219 0.35532722 -0.039204162 0.15517738 0.54403013 0.26713738 0.23423733 -0.2367892 0.065765217 0.22443214
0.28209481 0.32808694 -0.32384115 -0.16192059 -0.24311979 -0.48623958 0.10025484 0.23997357 -0.18631385 -0.048105799 0.42632979 0.36718935 0.19874653 -0.18121877 0.3267161 0.24302095
0.28209481 0.36060244 -0.32384115 -0.06184816 -0.10206686 -0.53442901 0.10025484 0.091661751 -0.28879482 -0.21626115 0.17898232 0.40358013 0.19874653 -0.06921941 0.50642455 0.12084894
0.28209481 0.37606385 -0.3097924 0.036566034 0.062931597 -0.53316498 0.064974219 -0.051841542 -0.32055086 -0.2614001 -0.10556813 0.35529989 0.23423733 0.034547079 0.53772599 -0.078229122
0.28209481 0.30796185 -0.23750375 -0.29577672 -0.41686001 -0.33473161 -0.091828071 0.32148728 -0.016833633 0.26110595 0.53611016 0.05225829 0.32988638 -0.050190587 0.021649191 0.29480186
0.28209481 0.35669234 -0.25159019 -0.21955723 -0.35840231 -0.41069248 -0.064522386 0.25279629 -0.18082504 0.031370975 0.48826751 0.10867222 0.32172498 -0.066891737 0.24634604 0.37037212
0.28209481 0.39528775 -0.25687352 -0.12843677 -0.23234431 -0.4646886 -0.053875331 0.15098648 -0.31979451 -0.21347979 0.32318017 0.14123489 0.31744274 -0.045889996 0.44481936 0.29382971
0.28209481 0.41762266 -0.25159019 -0.032032967 -0.061222427 -0.48084715 -0.064522386 0.036882482 -0.39673889 -0.36193898 0.083406046 0.12723565 0.32172498 -0.009759373 0.5404951 0.084615707
0.28209481 0.42299959 -0.23750375 0.058272973 0.1128071 -0.45976904 -0.091828071 -0.063338384 -0.40165931 -0.3610594 -0.14507756 0.071779132 0.32988638 0.0098883864 0.51656103 -0.15722775
0.28209481 3.3933341e-17 -0.46854898 -0.13854338 -2.1515017e-17 -7.2763055e-17 0.55470997 0.29707772 0.04392086 9.8840837e-18 5.4587098e-17 1.1420663e-16 -0.57185924 -0.46628398 -0.11143437 -0.013451612
0.28209481 -0.052611187 -0.43447852 -0.21723926 0.052305304 0.10461061 0.43277198 0.43195245 0.10165444 -0.036941815 -0.1230573 -0.1453574 -0.31644869 -0.6002019 -0.23915969 -0.042734936
0.28209481 0.052611187 -0.43447852 -0.21723926 -0.052305304 -0.10461061 0.43277198 0.43195245 0.10165444 0.036941815 0.1230573 0.1453574 -0.31644869 -0.6002019 -0.23915969 -0.042734936
0.28209481 -0.10522237 -0.37915984 -0.28965235 0.13948081 0.18258275 0.25438502 0.50260717 0.16664419 -0.12807475 -0.28637171 -0.19793062 -0.0031704418 -0.54485625 -0.34214154 -0.074260592
0.28209481 7.264899e-17 -0.38827017 -0.29661202 -9.8616062e-17 -1.290901e-16 0.28209478 0.52705032 0.20131531 9.6994113e-17 2.0733614e-16 1.4660878e-16 -0.046670027 -0.59857577 -0.42325702 -0.13200283
0.28209481 0.10522237 -0.37915984 -0.28965235 -0.13948081 -0.18258275 0.25438502 0.50260717 0.16664419 0.12807475 0.28637171 0.19793062 -0.0031704418 -0.54485625 -0.34214154 -0.074260592
0.28209481 -0.15098648 -0.3097924 -0.34635845 0.2393278 0.21406129 0.064974219 0.49105012 0.22234084 -0.25745904 -0.40147382 -0.14264992 0.23423733 -0.32723463 -0.37297809 -0.090358429
0.28209481 -0.052611187 -0.32384115 -0.36206543 0.087175503 0.077972144 0.10025484 0.53659725 0.29363331 -0.10392572 -0.15286915 -0.058881547 0.19874653 -0.4052175 -0.51490927 -0.22488396
0.28209481 0.052611187 -0.32384115 -0.36206543 -0.087175503 -0.077972144 0.10025484 0.53659725 0.29363331 0.10392572 0.15286915 0.058881547 0.19874653 -0.4052175 -0.51490927 -0.22488396
0.28209481 0.15098648 -0.3097924 -0.34635845 -0.2393278 -0.21406129 0.064974219 0.49105012 0.22234084 0.25745904 0.40147382 0.14264992 0.23423733 -0.32723463 -0.37297809 -0.090358429
0.28209481 -0.18613495 -0.23750375 -0.38428918 0.32735229 0.20231482 -0.091828071 0.4176937 0.25864288 -0.38451934 -0.42099717 -0.031585384 0.32988638 -0.065210328 -0.33263221 -0.085025467
0.28209481 -0.098587334 -0.25159019 -0.40708148 0.18366727 0.11351261 -0.064522386 0.46871012 0.35695413 -0.24307893 -0.25021815 -0.030036261 0.32172498 -0.1240241 -0.48629457 -0.28119794
0.28209481 -3.1884868e-17 -0.25687352 -0.41563013 6.0648624e-17 3.7482909e-17 -0.053875331 0.48860249 0.39528775 -8.3586647e-17 -8.4359426e-17 -1.1392348e-17 0.31744274 -0.14850314 -0.54982698 -0.36319351
0.28209481 0.098587334 -0.25159019 -0.40708148 -0.18366727 -0.11351261 -0.064522386 0.46871012 0.35695413 0.24307893 0.25021815 0.030036261 0.32172498 -0.1240241 -0.48629457 -0.28119794
0.28209481 0.18613495 -0.23750375 -0.38428918 -0.32735229 -0.20231482 -0.091828071 0.4176937 0.25864288 0.38451934 0.42099717 0.031585384 0.32988638 -0.065210328 -0.33263221 -0.085025467
0.28209481 -0.23266868 -0.15833583 -0.39940888 0.42528981 0.16859569 -0.21603002 0.28941849 0.24116264 -0.49955016 -0.36463428 0.10336458 0.29929575 0.17744 -0.20676763 0.0058120228
0.28209481 -0.19717467 -0.083863392 -0.43911445 0.39623985 0.075675078 -0.28751722 0.16853087 0.35225818 -0.5381822 -0.17993842 0.15727195 0.18272033 0.3502498 -0.15996568 -0.16923141
0.28209481 -0.15098648 2.9918276e-17 -0.4646886 0.32109192 -2.067302e-17 -0.31539157 -6.3625012e-17 0.44194514 -0.4773553 5.2018672e-17 0.14123492 -6.8551382e-17 0.43467638 7.1597558e-17 -0.34681892
0.28209481 -0.098587334 0.083863392 -0.47114742 0.21257257 -0.037837539 -0.28751722 -0.18082502 0.48570025 -0.32725608 0.096532375 0.078635976 -0.18272033 0.37580016 0.22056372 -0.4595463
0.28209481 -0.046533737 0.15833583 -0.4598878 0.097937524 -0.033719137 -0.21603002 -0.33324254 0.47899798 -0.14884192 0.083969519 0.020672916 -0.29929575 0.20430815 0.41068253 -0.47689644
0.28209481 -0.13176258 0.17124902 -0.43822917 0.26425469 -0.10326413 -0.19916213 -0.34344617 0.39971554 -0.37242991 0.24504402 0.047549985 -0.31204644 0.1581465 0.37065721 -0.31025895
0.28209481 -0.19034906 0.08950749 -0.441008 0.38417271 -0.077972136 -0.28363901 -0.18064883 0.3621242 -0.52691281 0.18619981 0.14817858 -0.19361658 0.3433058 0.1755134 -0.19138105
0.28209481 -0.22286457 0.17901498 -0.39625424 0.40415156 -0.18258274 -0.18838133 -0.32463297 0.24563858 -0.4750461 0.39176622 0.068549857 -0.31840816 0.12188198 0.23811091 -0.016058678
0.28209481 -0.24296024 2.9918276e-17 -0.4239136 0.47134823 -3.3266038e-17 -0.31539157 -5.8042112e-17 0.27612746 -0.59001696 7.6361026e-17 0.2272685 -6.8551382e-17 0.39653486 4.4734179e-17 -0.0056046387
0.28209481 -0.28209481 0.091658153 -0.38827017 0.50125462 -0.11833017 -0.28209481 -0.1628675 0.1628675 -0.5318051 0.24878421 0.21744539 -0.19769749 0.29928792 0.080834888 0.17279394
0.28209481 -0.30799127 0.17901498 -0.33440611 0.47134823 -0.25232315 -0.18838133 -0.2739636 0.038828541 -0.37488133 0.45690361 0.094733573 -0.31840816 0.10285839 0.037638627 0.29221684
0.28209481 -0.28274906 -0.085624509 -0.38917071 0.50358248 0.11079714 -0.28633422 0.15249918 0.16362387 -0.53551394 -0.23348664 0.223875 0.1861486 0.30813751 -0.075864404 0.17399903
0.28209481 -0.32808694 2.9918276e-17 -0.36206543 0.54363239 -4.4921555e-17 -0.31539157 -4.957388e-17 0.053659722 -0.47403944 8.8071455e-17 0.30689722 -6.8551382e-17 0.33868119 8.6931728e-18 0.35133752
0.28209481 -0.36060244 0.08950749 -0.31731167 0.52365351 -0.14771254 -0.28363901 -0.12997948 -0.06715358 -0.31379047 0.25380298 0.28071353 -0.19361658 0.24701352 -0.032547817 0.46454212
0.28209481 -0.37606382 0.17124902 -0.26073393 0.44873342 -0.29472634 -0.19916213 -0.20434073 -0.16805166 -0.11893649 0.41611162 0.1357125 -0.31204644 0.094092682 -0.15583472 0.46991357
0.28209481 -0.30796185 -0.15833583 -0.34470519 0.48581851 0.2231544 -0.21603002 0.24977925 0.054874398 -0.4075608 -0.41653031 0.13681406 0.29929575 0.15313753 -0.047048125 0.28892618
0.28209481 -0.35669234 -0.083863392 -0.32321808 0.52761692 0.13689749 -0.28751722 0.12405018 -0.052078906 -0.3359268 -0.23959871 0.28450763 0.18272033 0.25780767 0.023649806 0.45324665
0.28209481 -0.39528772 2.9918276e-17 -0.28719336 0.51953763 -5.4122669e-17 -0.31539157 -3.9322419e-17 -0.16880801 -0.1823335 8.4167977e-17 0.36975783 -6.8551382e-17 0.26864478 -2.7347835e-17 0.5611648
0.28209481 -0.41762266 0.083863392 -0.23935468 0.45746228 -0.16028237 -0.28751722 -0.09186364 -0.26799273 0.0053588026 0.20774044 0.33310735 -0.18272033 0.1909159 -0.12169949 0.56413704
0.28209481 -0.42299956 0.15833583 -0.18636936 0.36078107 -0.30651268 -0.21603002 -0.13504641 -0.32995129 0.15989704 0.3093259 0.18792032 -0.29929575 0.082795799 -0.28289309 0.47330442
0.28209481 -0.45175901 -0.15833583 0.097856931 -0.20231484 0.32735226 -0.21603002 -0.0709088 -0.44508374 0.40072834 0.17346036 0.20069689 0.29929575 -0.043473579 0.38160518 -0.29833025
0.28209481 -0.47855297 -0.083863392 0.05183043 -0.11351262 0.18366726 -0.28751722 -0.01989237 -0.51788682 0.53487027 0.051547769 0.38170704 0.18272033 -0.041341379 0.23518011 -0.17942446
0.28209481 -0.48860252 2.9918276e-17 -2.9918276e-17 6.6899297e-17 -6.6899297e-17 -0.31539157 -4.0964005e-33 -0.54627424 0.5900436 1.0838057e-32 0.45704579 -6.8551382e-17 2.7985985e-17 -8.8499452e-17 1.0838925e-16
0.28209481 -0.47855297 0.083863392 -0.05183043 0.11351262 -0.18366726 -0.28751722 -0.01989237 -0.51788682 0.53487027 0.051547769 0.38170704 -0.18272033 0.041341379 -0.23518011 0.17942446
0.28209481 -0.45175901 0.15833583 -0.097856931 0.20231484 -0.32735226 -0.21603002 -0.0709088 -0.44508374 0.40072834 0.17346036 0.20069689 -0.29929575 0.043473579 -0.38160518 0.29833025
0.28209481 -0.4574976 0.17124902 -0.010106603 0.021160373 -0.35854709 -0.19916213 -0.0079206824 -0.47870165 0.48366776 0.019622067 0.16510001 -0.31204644 0.0036472329 -0.44390124 0.032095965
0.28209481 -0.47824463 0.08950749 0.044753749 -0.097950988 -0.19590198 -0.28363901 0.018332349 -0.5187757 0.5387724 -0.047474626 0.37229291 -0.19361658 -0.034838874 -0.25143883 -0.15488106
0.28209481 -0.44572914 0.17901498 0.089507498 -0.18258275 -0.36516547 -0.18838133 0.073329397 -0.43628013 0.39375943 -0.17698744 0.13709971 -0.31840816 -0.027531188 -0.42291018 -0.26623335
0.28209481 -0.47824463 2.9918276e-17 0.10007242 -0.21902508 -6.54811e-17 -0.31539157 1.3701884e-17 -0.50044334 0.48062807 -3.5483276e-17 0.44735688 -6.8551382e-17 -0.093609184 -8.1074592e-17 -0.34226903
0.28209481 -0.45643896 0.091658153 0.14830601 -0.3097924 -0.19146222 -0.28209481 0.062209848 -0.42639267 0.32867363 -0.1537571 0.35183403 -0.19769749 -0.1143178 -0.2116285 -0.45238042
0.28209481 -0.41321364 0.17901498 0.18957992 -0.35850587 -0.33852702 -0.18838133 0.15531415 -0.3084645 0.13152461 -0.34751937 0.12709843 -0.31840816 -0.058311995 -0.2990115 -0.45675808
0.28209481 -0.4574976 -0.085624509 0.14864998 -0.31123108 0.17927355 -0.28633422 -0.058249507 -0.42837283 0.33096582 0.14430268 0.36223736 0.1861486 -0.11769805 0.1986156 -0.45553538
0.28209481 -0.44572914 2.9918276e-17 0.20014484 -0.40826744 -6.1029088e-17 -0.31539157 2.7403767e-17 -0.36295071 0.17699495 -6.6141587e-17 0.41694143 -6.8551382e-17 -0.18721837 -5.8800028e-17 -0.5628714
0.28209481 -0.41321364 0.08950749 0.2448986 -0.4631165 -0.16926351 -0.28363901 0.10031711 -0.25346744 -0.019189181 -0.22446206 0.32166907 -0.19361658 -0.19064304 -0.12284992 -0.56026387
0.28209481 -0.3641828 0.17124902 0.27708673 -0.46181124 -0.28541502 -0.19916213 0.21715666 -0.12780224 -0.17998664 -0.42823872 0.13142493 -0.31204644 -0.099994026 -0.11851133 -0.45007718
0.28209481 -0.42299956 -0.15833583 0.18636936 -0.36078107 0.30651268 -0.21603002 -0.13504641 -0.32995129 0.15989704 0.3093259 0.18792032 0.29929575 -0.082795799 0.28289309 -0.47330442
0.28209481 -0.41762266 -0.083863392 0.23935468 -0.45746228 0.16028237 -0.28751722 -0.09186364 -0.26799273 0.0053588026 0.20774044 0.33310735 0.18272033 -0.1909159 0.12169949 -0.56413704
0.28209481 -0.39528772 2.9918276e-17 0.28719336 -0.51953763 -5.4122669e-17 -0.31539157 3.9322419e-17 -0.16880801 -0.1823335 -8.4167977e-17 0.36975783 -6.8551382e-17 -0.26864478 -2.7347835e-17 -0.5611648
0.28209481 -0.35669234 0.083863392 0.32321808 -0.52761692 -0.13689749 -0.28751722 0.12405018 -0.052078906 -0.3359268 -0.23959871 0.28450763 -0.18272033 -0.25780767 -0.023649806 -0.45324665
0.28209481 -0.30796185 0.15833583 0.34470519 -0.48581851 -0.2231544 -0.21603002 0.24977925 0.054874398 -0.4075608 -0.41653031 0.13681406 -0.29929575 -0.15313753 0.047048125 -0.28892618
0.28209481 -0.046533737 -0.15833583 0.4598878 -0.097937524 0.033719137 -0.21603002 -0.33324254 0.47899798 -0.14884192 0.083969519 0.020672916 0.29929575 -0.20430815 -0.41068253 0.47689644
0.28209481 -0.098587334 -0.083863392 0.47114742 -0.21257257 0.037837539 -0.28751722 -0.18082502 0.48570025 -0.32725608 0.096532375 0.078635976 0.18272033 -0.37580016 -0.22056372 0.4595463
0.28209481 -0.15098648 2.9918276e-17 0.4646886 -0.32109192 -2.067302e-17 -0.31539157 6.3625012e-17 0.44194514 -0.4773553 -5.2018672e-17 0.14123492 -6.8551382e-17 -0.43467638 7.1597558e-17 0.34681892
0.28209481 -0.19717467 0.083863392 0.43911445 -0.39623985 -0.075675078 -0.28751722 0.16853087 0.35225818 -0.5381822 -0.17993842 0.15727195 -0.18272033 -0.3502498 0.15996568 0.16923141
0.28209481 -0.23266868 0.15833583 0.39940888 -0.42528981 -0.16859569 -0.21603002 0.28941849 0.24116264 -0.49955016 -0.36463428 0.10336458 -0.29929575 -0.17744 0.20676763 -0.0058120228
0.28209481 -0.15098648 0.17124902 0.43198296 -0.29849288 -0.11833017 -0.19916213 0.33855093 0.37484002 -0.41016099 -0.27679318 0.054487433 -0.31204644 -0.15589239 0.34759009 0.25832659
0.28209481 -0.10522237 0.08950749 0.46866733 -0.22568469 -0.043101937 -0.28363901 0.19197886 0.47727251 -0.34483922 -0.10938425 0.081911102 -0.19361658 -0.36483741 0.23132317 0.44198388
0.28209481 -0.052611187 0.17901498 0.45157292 -0.10872647 -0.043101937 -0.18838133 0.36995304 0.46027747 -0.16207002 -0.10539452 0.016182426 -0.31840816 -0.13889718 0.44617212 0.44683328
0.28209481 -0.052611187 2.9918276e-17 0.48576176 -0.11695821 -7.2035065e-18 -0.31539157 6.6510344e-17 0.53360689 -0.1876556 -1.8947879e-17 0.04921326 -6.8551382e-17 -0.4543885 8.6447269e-17 0.55940753
0.28209481 -5.8774266e-17 0.091658153 0.47992831 -1.290901e-16 -2.4654014e-17 -0.28209481 0.2013153 0.52705032 -2.0543682e-16 -6.4070386e-17 4.5304606e-17 -0.19769749 -0.36994019 0.2615872 0.55917299
0.28209481 0.052611187 0.17901498 0.45157292 0.10872647 0.043101937 -0.18838133 0.36995304 0.46027747 0.16207002 0.10539452 -0.016182426 -0.31840816 -0.13889718 0.44617212 0.44683328
0.28209481 -5.8910586e-17 -0.085624509 0.48104143 -1.296896e-16 2.3084515e-17 -0.28633422 -0.18849936 0.52949792 -2.0686955e-16 6.0130737e-17 4.6644212e-17 0.1861486 -0.3808789 -0.24550238 0.56307268
0.28209481 0.052611187 2.9918276e-17 0.48576176 0.11695821 7.2035065e-18 -0.31539157 6.6510344e-17 0.53360689 0.1876556 1.8947879e-17 -0.04921326 -6.8551382e-17 -0.4543885 8.6447269e-17 0.55940753
0.28209481 0.10522237 0.08950749 0.46866733 0.22568469 0.043101937 -0.28363901 0.19197886 0.47727251 0.34483922 0.10938425 -0.081911102 -0.19361658 -0.36483741 0.23132317 0.44198388
0.28209481 0.15098648 0.17124902 0.43198296 0.29849288 0.11833017 -0.19916213 0.33855093 0.37484002 0.41016099 0.27679318 -0.054487433 -0.31204644 -0.15589239 0.34759009 0.25832659
0.28209481 0.046533737 -0.15833583 0.4598878 0.097937524 -0.033719137 -0.21603002 -0.33324254 0.47899798 0.14884192 -0.083969519 -0.020672916 0.29929575 -0.20430815 -0.41068253 0.47689644
0.28209481 0.098587334 -0.083863392 0.47114742 0.21257257 -0.037837539 -0.28751722 -0.18082502 0.48570025 0.32725608 -0.096532375 -0.078635976 0.18272033 -0.37580016 -0.22056372 0.4595463
0.28209481 0.15098648 2.9918276e-17 0.4646886 0.32109192 2.067302e-17 -0.31539157 6.3625012e-17 0.44194514 0.4773553 5.2018672e-17 -0.14123492 -6.8551382e-17 -0.43467638 7.1597558e-17 0.34681892
0.28209481 0.19717467 0.083863392 0.43911445 0.39623985 0.075675078 -0.28751722 0.16853087 0.35225818 0.5381822 0.17993842 -0.15727195 -0.18272033 -0.3502498 0.15996568 0.16923141
0.28209481 0.23266868 0.15833583 0.39940888 0.42528981 0.16859569 -0.21603002 0.28941849 0.24116264 0.49955016 0.36463428 -0.10336458 -0.29929575 -0.17744 0.20676763 -0.0058120228
0.28209481 0.42299956 -0.15833583 0.18636936 0.36078107 -0.30651268 -0.21603002 -0.13504641 -0.32995129 -0.15989704 -0.3093259 -0.18792032 0.29929575 -0.082795799 0.28289309 -0.47330442
0.28209481 0.41762266 -0.083863392 0.23935468 0.45746228 -0.16028237 -0.28751722 -0.09186364 -0.26799273 -0.0053588026 -0.20774044 -0.33310735 0.18272033 -0.1909159 0.12169949 -0.56413704
0.28209481 0.39528772 2.9918276e-17 0.28719336 0.51953763 5.4122669e-17 -0.31539157 3.9322419e-17 -0.16880801 0.1823335 8.4167977e-17 -0.36975783 -6.8551382e-17 -0.26864478 -2.7347835e-17 -0.5611648
0.28209481 0.35669234 0.083863392 0.32321808 0.52761692 0.13689749 -0.28751722 0.12405018 -0.052078906 0.3359268 0.23959871 -0.28450763 -0.18272033 -0.25780767 -0.023649806 -0.45324665
0.28209481 0.30796185 0.15833583 0.34470519 0.48581851 0.2231544 -0.21603002 0.24977925 0.054874398 0.4075608 0.41653031 -0.13681406 -0.29929575 -0.15313753 0.047048125 -0.28892618
0.28209481 0.3641828 0.17124902 0.27708673 0.46181124 0.28541502 -0.19916213 0.21715666 -0.12780224 0.17998664 0.42823872 -0.13142493 -0.31204644 -0.099994026 -0.11851133 -0.45007718
0.28209481 0.41321364 0.08950749 0.2448986 0.4631165 0.16926351 -0.28363901 0.10031711 -0.25346744 0.019189181 0.22446206 -0.32166907 -0.19361658 -0.19064304 -0.12284992 -0.56026387
0.28209481 0.41321364 0.17901498 0.18957992 0.35850587 0.33852702 -0.18838133 0.15531415 -0.3084645 -0.13152461 0.34751937 -0.12709843 -0.31840816 -0.058311995 -0.2990115 -0.45675808
0.28209481 0.44572914 2.9918276e-17 0.20014484 0.40826744 6.1029088e-17 -0.31539157 2.7403767e-17 -0.36295071 -0.17699495 6.6141587e-17 -0.41694143 -6.8551382e-17 -0.18721837 -5.8800028e-17 -0.5628714
0.28209481 0.45643896 0.091658153 0.14830601 0.3097924 0.19146222 -0.28209481 0.062209848 -0.42639267 -0.32867363 0.1537571 -0.35183403 -0.19769749 -0.1143178 -0.2116285 -0.45238042
0.28209481 0.44572914 0.17901498 0.089507498 0.18258275 0.36516547 -0.18838133 0.073329397 -0.43628013 -0.39375943 0.17698744 -0.13709971 -0.31840816 -0.027531188 -0.42291018 -0.26623335
0.28209481 0.4574976 -0.085624509 0.14864998 0.31123108 -0.17927355 -0.28633422 -0.058249507 -0.42837283 -0.33096582 -0.14430268 -0.36223736 0.1861486 -0.11769805 0.1986156 -0.45553538
0.28209481 0.47824463 2.9918276e-17 0.10007242 0.21902508 6.54811e-17 -0.31539157 1.3701884e-17 -0.50044334 -0.48062807 3.5483276e-17 -0.44735688 -6.8551382e-17 -0.093609184 -8.1074592e-17 -0.34226903
0.28209481 0.47824463 0.08950749 0.044753749 0.097950988 0.19590198 -0.28363901 0.018332349 -0.5187757 -0.5387724 0.047474626 -0.37229291 -0.19361658 -0.034838874 -0.25143883 -0.15488106
0.28209481 0.4574976 0.17124902 -0.010106603 -0.021160373 0.35854709 -0.19916213 -0.0079206824 -0.47870165 -0.48366776 -0.019622067 -0.16510001 -0.31204644 0.0036472329 -0.44390124 0.032095965
0.28209481 0.45175901 -0.15833583 0.097856931 0.20231484 -0.32735226 -0.21603002 -0.0709088 -0.44508374 -0.40072834 -0.17346036 -0.20069689 0.29929575 -0.043473579 0.38160518 -0.29833025
0.28209481 0.47855297 -0.083863392 0.05183043 0.11351262 -0.18366726 -0.28751722 -0.01989237 -0.51788682 -0.53487027 -0.051547769 -0.38170704 0.18272033 -0.041341379 0.23518011 -0.17942446
0.28209481 0.48860252 2.9918276e-17 8.9754827e-17 2.0069789e-16 6.6899297e-17 -0.31539157 1.2289201e-32 -0.54627424 -0.5900436 3.2514171e-32 -0.45704579 -6.8551382e-17 -8.3957952e-17 -8.8499452e-17 -3.2516774e-16
0.28209481 0.47855297 0.083863392 -0.05183043 -0.11351262 0.18366726 -0.28751722 -0.01989237 -0.51788682 -0.53487027 -0.051547769 -0.38170704 -0.18272033 0.041341379 -0.23518011 0.17942446
0.28209481 0.45175901 0.15833583 -0.097856931 -0.20231484 0.32735226 -0.21603002 -0.0709088 -0.44508374 -0.40072834 -0.17346036 -0.20069689 -0.29929575 0.043473579 -0.38160518 0.29833025
0.28209481 0.30796185 -0.15833583 -0.34470519 -0.48581851 -0.2231544 -0.21603002 0.24977925 0.054874398 0.4075608 0.41653031 -0.13681406 0.29929575 0.15313753 -0.047048125 0.28892618
0.28209481 0.35669234 -0.083863392 -0.32321808 -0.52761692 -0.13689749 -0.28751722 0.12405018 -0.052078906 0.3359268 0.23959871 -0.28450763 0.18272033 0.25780767 0.023649806 0.45324665
0.28209481 0.39528772 2.9918276e-17 -0.28719336 -0.51953763 5.4122669e-17 -0.31539157 -3.9322419e-17 -0.16880801 0.1823335 -8.4167977e-17 -0.36975783 -6.8551382e-17 0.26864478 -2.7347835e-17 0.5611648
0.28209481 0.41762266 0.083863392 -0.23935468 -0.45746228 0.16028237 -0.28751722 -0.09186364 -0.26799273 -0.0053588026 -0.20774044 -0.33310735 -0.18272033 0.1909159 -0.12169949 0.56413704
0.28209481 0.42299956 0.15833583 -0.18636936 -0.36078107 0.30651268 -0.21603002 -0.13504641 -0.32995129 -0.15989704 -0.3093259 -0.18792032 -0.29929575 0.082795799 -0.28289309 0.47330442
0.28209481 0.37606382 0.17124902 -0.26073393 -0.44873342 0.29472634 -0.19916213 -0.20434073 -0.16805166 0.11893649 -0.41611162 -0.1357125 -0.31204644 0.094092682 -0.15583472 0.46991357
0.28209481 0.36060244 0.08950749 -0.31731167 -0.52365351 0.14771254 -0.28363901 -0.12997948 -0.06715358 0.31379047 -0.25380298 -0.28071353 -0.19361658 0.24701352 -0.032547817 0.46454212
0.28209481 0.30799127 0.17901498 -0.33440611 -0.47134823 0.25232315 -0.18838133 -0.2739636 0.038828541 0.37488133 -0.45690361 -0.094733573 -0.31840816 0.10285839 0.037638627 0.29221684
0.28209481 0.32808694 2.9918276e-17 -0.36206543 -0.54363239 4.4921555e-17 -0.31539157 -4.957388e-17 0.053659722 0.47403944 -8.8071455e-17 -0.30689722 -6.8551382e-17 0.33868119 8.6931728e-18 0.35133752
0.28209481 0.28209481 0.091658153 -0.38827017 -0.50125462 0.11833017 -0.28209481 -0.1628675 0.1628675 0.5318051 -0.24878421 -0.21744539 -0.19769749 0.29928792 0.080834888 0.17279394
0.28209481 0.22286457 0.17901498 -0.39625424 -0.40415156 0.18258274 -0.18838133 -0.32463297 0.24563858 0.4750461 -0.39176622 -0.068549857 -0.31840816 0.12188198 0.23811091 -0.016058678
0.28209481 0.28274906 -0.085624509 -0.38917071 -0.50358248 -0.11079714 -0.28633422 0.15249918 0.16362387 0.53551394 0.23348664 -0.223875 0.1861486 0.30813751 -0.075864404 0.17399903
0.28209481 0.24296024 2.9918276e-17 -0.4239136 -0.47134823 3.3266038e-17 -0.31539157 -5.8042112e-17 0.27612746 0.59001696 -7.6361026e-17 -0.2272685 -6.8551382e-17 0.39653486 4.4734179e-17 -0.0056046387
0.28209481 0.19034906 0.08950749 -0.441008 -0.38417271 0.077972136 -0.28363901 -0.18064883 0.3621242 0.52691281 -0.18619981 -0.14817858 -0.19361658 0.3433058 0.1755134 -0.19138105
0.28209481 0.13176258 0.17124902 -0.43822917 -0.26425469 0.10326413 -0.19916213 -0.34344617 0.39971554 0.37242991 -0.24504402 -0.047549985 -0.31204644 0.1581465 0.37065721 -0.31025895
0.28209481 0.23266868 -0.15833583 -0.39940888 -0.42528981 -0.16859569 -0.21603002 0.28941849 0.24116264 0.49955016 0.36463428 -0.10336458 0.29929575 0.17744 -0.20676763 0.0058120228
0.28209481 0.19717467 -0.083863392 -0.43911445 -0.39623985 -0.075675078 -0.28751722 0.16853087 0.35225818 0.5381822 0.17993842 -0.15727195 0.18272033 0.3502498 -0.15996568 -0.16923141
0.28209481 0.15098648 2.9918276e-17 -0.4646886 -0.32109192 2.067302e-17 -0.31539157 -6.3625012e-17 0.44194514 0.4773553 -5.2018672e-17 -0.14123492 -6.8551382e-17 0.43467638 7.1597558e-17 -0.34681892
0.28209481 0.098587334 0.083863392 -0.47114742 -0.21257257 0.037837539 -0.28751722 -0.18082502 0.48570025 0.32725608 -0.096532375 -0.078635976 -0.18272033 0.37580016 0.22056372 -0.4595463
0.28209481 0.046533737 0.15833583 -0.4598878 -0.097937524 0.033719137 -0.21603002 -0.33324254 0.47899798 0.14884192 -0.083969519 -0.020672916 -0.29929575 0.20430815 0.41068253 -0.47689644
0.28209481 -0.3641828 -0.17124902 -0.27708673 0.46181124 0.28541502 -0.19916213 0.21715666 -0.12780224 -0.17998664 -0.42823872 0.13142493 0.31204644 0.099994026 0.11851133 0.45007718
0.28209481 -0.41321364 -0.17901498 -0.18957992 0.35850587 0.33852702 -0.18838133 0.15531415 -0.3084645 0.13152461 -0.34751937 0.12709843 0.31840816 0.058311995 0.2990115 0.45675808
0.28209481 -0.41321364 -0.08950749 -0.2448986 0.4631165 0.16926351 -0.28363901 0.10031711 -0.25346744 -0.019189181 -0.22446206 0.32166907 0.19361658 0.19064304 0.12284992 0.56026387
0.28209481 -0.44572914 -0.17901498 -0.089507498 0.18258275 0.36516547 -0.18838133 0.073329397 -0.43628013 0.39375943 -0.17698744 0.13709971 0.31840816 0.027531188 0.42291018 0.26623335
0.28209481 -0.45643896 -0.091658153 -0.14830601 0.3097924 0.19146222 -0.28209481 0.062209848 -0.42639267 0.32867363 -0.1537571 0.35183403 0.19769749 0.1143178 0.2116285 0.45238042
0.28209481 -0.44572914 2.9918276e-17 -0.20014484 0.40826744 -6.1029088e-17 -0.31539157 -2.7403767e-17 -0.36295071 0.17699495 6.6141587e-17 0.41694143 -6.8551382e-17 0.18721837 -5.8800028e-17 0.5628714
0.28209481 -0.4574976 -0.17124902 0.010106603 -0.021160373 0.35854709 -0.19916213 -0.0079206824 -0.47870165 0.48366776 0.019622067 0.16510001 0.31204644 -0.0036472329 0.44390124 -0.032095965
0.28209481 -0.47824463 -0.08950749 -0.044753749 0.097950988 0.19590198 -0.28363901 0.018332349 -0.5187757 0.5387724 -0.047474626 0.37229291 0.19361658 0.034838874 0.25143883 0.15488106
0.28209481 -0.47824463 2.9918276e-17 -0.10007242 0.21902508 -6.54811e-17 -0.31539157 -1.3701884e-17 -0.50044334 0.48062807 3.5483276e-17 0.44735688 -6.8551382e-17 0.093609184 -8.1074592e-17 0.34226903
0.28209481 -0.4574976 0.085624509 -0.14864998 0.31123108 -0.17927355 -0.28633422 -0.058249507 -0.42837283 0.33096582 0.14430268 0.36223736 -0.1861486 0.11769805 -0.1986156 0.45553538
0.28209481 -0.37606382 -0.17124902 0.26073393 -0.44873342 0.29472634 -0.19916213 -0.20434073 -0.16805166 -0.11893649 0.41611162 0.1357125 0.31204644 -0.094092682 0.15583472 -0.46991357
0.28209481 -0.30799127 -0.17901498 0.33440611 -0.47134823 0.25232315 -0.18838133 -0.2739636 0.038828541 -0.37488133 0.45690361 0.094733573 0.31840816 -0.10285839 -0.037638627 -0.29221684
0.28209481 -0.36060244 -0.08950749 0.31731167 -0.52365351 0.14771254 -0.28363901 -0.12997948 -0.06715358 -0.31379047 0.25380298 0.28071353 0.19361658 -0.24701352 0.032547817 -0.46454212
0.28209481 -0.22286457 -0.17901498 0.39625424 -0.40415156 0.18258274 -0.18838133 -0.32463297 0.24563858 -0.4750461 0.39176622 0.068549857 0.31840816 -0.12188198 -0.23811091 0.016058678
0.28209481 -0.28209481 -0.091658153 0.38827017 -0.50125462 0.11833017 -0.28209481 -0.1628675 0.1628675 -0.5318051 0.24878421 0.21744539 0.19769749 -0.29928792 -0.080834888 -0.17279394
0.28209481 -0.32808694 2.9918276e-17 0.36206543 -0.54363239 -4.4921555e-17 -0.31539157 4.957388e-17 0.053659722 -0.47403944 -8.8071455e-17 0.30689722 -6.8551382e-17 -0.33868119 8.6931728e-18 -0.35133752
0.28209481 -0.13176258 -0.17124902 0.43822917 -0.26425469 0.10326413 -0.19916213 -0.34344617 0.39971554 -0.37242991 0.24504402 0.047549985 0.31204644 -0.1581465 -0.37065721 0.31025895
0.28209481 -0.19034906 -0.08950749 0.441008 -0.38417271 0.077972136 -0.28363901 -0.18064883 0.3621242 -0.52691281 0.18619981 0.14817858 0.19361658 -0.3433058 -0.1755134 0.19138105
0.28209481 -0.24296024 2.9918276e-17 0.4239136 -0.47134823 -3.3266038e-17 -0.31539157 5.8042112e-17 0.27612746 -0.59001696 -7.6361026e-17 0.2272685 -6.8551382e-17 -0.39653486 4.4734179e-17 0.0056046387
0.28209481 -0.28274906 0.085624509 0.38917071 -0.50358248 -0.11079714 -0.28633422 0.15249918 0.16362387 -0.53551394 -0.23348664 0.223875 -0.1861486 -0.30813751 0.075864404 -0.17399903
0.28209481 0.13176258 -0.17124902 0.43822917 0.26425469 -0.10326413 -0.19916213 -0.34344617 0.39971554 0.37242991 -0.24504402 -0.047549985 0.31204644 -0.1581465 -0.37065721 0.31025895
0.28209481 0.22286457 -0.17901498 0.39625424 0.40415156 -0.18258274 -0.18838133 -0.32463297 0.24563858 0.4750461 -0.39176622 -0.068549857 0.31840816 -0.12188198 -0.23811091 0.016058678
0.28209481 0.19034906 -0.08950749 0.441008 0.38417271 -0.077972136 -0.28363901 -0.18064883 0.3621242 0.52691281 -0.18619981 -0.14817858 0.19361658 -0.3433058 -0.1755134 0.19138105
0.28209481 0.30799127 -0.17901498 0.33440611 0.47134823 -0.25232315 -0.18838133 -0.2739636 0.038828541 0.37488133 -0.45690361 -0.094733573 0.31840816 -0.10285839 -0.037638627 -0.29221684
0.28209481 0.28209481 -0.091658153 0.38827017 0.50125462 -0.11833017 -0.28209481 -0.1628675 0.1628675 0.5318051 -0.24878421 -0.21744539 0.19769749 -0.29928792 -0.080834888 -0.17279394
0.28209481 0.24296024 2.9918276e-17 0.4239136 0.47134823 3.3266038e-17 -0.31539157 5.8042112e-17 0.27612746 0.59001696 7.6361026e-17 -0.2272685 -6.8551382e-17 -0.39653486 4.4734179e-17 0.0056046387
0.28209481 0.37606382 -0.17124902 0.26073393 0.44873342 -0.29472634 -0.19916213 -0.20434073 -0.16805166 0.11893649 -0.41611162 -0.1357125 0.31204644 -0.094092682 0.15583472 -0.46991357
0.28209481 0.36060244 -0.08950749 0.31731167 0.52365351 -0.14771254 -0.28363901 -0.12997948 -0.06715358 0.31379047 -0.25380298 -0.28071353 0.19361658 -0.24701352 0.032547817 -0.46454212
0.28209481 0.32808694 2.9918276e-17 0.36206543 0.54363239 4.4921555e-17 -0.31539157 4.957388e-17 0.053659722 0.47403944 8.8071455e-17 -0.30689722 -6.8551382e-17 -0.33868119 8.6931728e-18 -0.35133752
0.28209481 0.28274906 0.085624509 0.38917071 0.50358248 0.11079714 -0.28633422 0.15249918 0.16362387 0.53551394 0.23348664 -0.223875 -0.1861486 -0.30813751 0.075864404 -0.17399903
0.28209481 0.4574976 -0.17124902 0.010106603 0.021160373 -0.35854709 -0.19916213 -0.0079206824 -0.47870165 -0.48366776 -0.019622067 -0.16510001 0.31204644 -0.0036472329 0.44390124 -0.032095965
0.28209481 0.44572914 -0.17901498 -0.089507498 -0.18258275 -0.36516547 -0.18838133 0.073329397 -0.43628013 -0.39375943 0.17698744 -0.13709971 0.31840816 0.027531188 0.42291018 0.26623335
0.28209481 0.47824463 -0.08950749 -0.044753749 -0.097950988 -0.19590198 -0.28363901 0.018332349 -0.5187757 -0.5387724 0.047474626 -0.37229291 0.19361658 0.034838874 0.25143883 0.15488106
0.28209481 0.41321364 -0.17901498 -0.18957992 -0.35850587 -0.33852702 -0.18838133 0.15531415 -0.3084645 -0.13152461 0.34751937 -0.12709843 0.31840816 0.058311995 0.2990115 0.45675808
0.28209481 0.45643896 -0.091658153 -0.14830601 -0.3097924 -0.19146222 -0.28209481 0.062209848 -0.42639267 -0.32867363 0.1537571 -0.35183403 0.19769749 0.1143178 0.2116285 0.45238042
0.28209481 0.47824463 2.9918276e-17 -0.10007242 -0.21902508 6.54811e-17 -0.31539157 -1.3701884e-17 -0.50044334 -0.48062807 -3.5483276e-17 -0.44735688 -6.8551382e-17 0.093609184 -8.1074592e-17 0.34226903
0.28209481 0.3641828 -0.17124902 -0.27708673 -0.46181124 -0.28541502 -0.19916213 0.21715666 -0.12780224 0.17998664 0.42823872 -0.13142493 0.31204644 0.099994026 0.11851133 0.45007718
0.28209481 0.41321364 -0.08950749 -0.2448986 -0.4631165 -0.16926351 -0.28363901 0.10031711 -0.25346744 0.019189181 0.22446206 -0.32166907 0.19361658 0.19064304 0.12284992 0.56026387
0.28209481 0.44572914 2.9918276e-17 -0.20014484 -0.40826744 6.1029088e-17 -0.31539157 -2.7403767e-17 -0.36295071 -0.17699495 -6.6141587e-17 -0.41694143 -6.8551382e-17 0.18721837 -5.8800028e-17 0.5628714
0.28209481 0.4574976 0.085624509 -0.14864998 -0.31123108 0.17927355 -0.28633422 -0.058249507 -0.42837283 -0.33096582 -0.14430268 -0.36223736 -0.1861486 0.11769805 -0.1986156 0.45553538
0.28209481 0.15098648 -0.17124902 -0.43198296 -0.29849288 -0.11833017 -0.19916213 0.33855093 0.37484002 0.41016099 0.27679318 -0.054487433 0.31204644 0.15589239 -0.34759009 -0.25832659
0.28209481 0.052611187 -0.17901498 -0.45157292 -0.10872647 -0.043101937 -0.18838133 0.36995304 0.46027747 0.16207002 0.10539452 -0.016182426 0.31840816 0.13889718 -0.44617212 -0.44683328
0.28209481 0.10522237 -0.08950749 -0.46866733 -0.22568469 -0.043101937 -0.28363901 0.19197886 0.47727251 0.34483922 0.10938425 -0.081911102 0.19361658 0.36483741 -0.23132317 -0.44198388
0.28209481 -0.052611187 -0.17901498 -0.45157292 0.10872647 0.043101937 -0.18838133 0.36995304 0.46027747 -0.16207002 -0.10539452 0.016182426 0.31840816 0.13889718 -0.44617212 -0.44683328
0.28209481 -1.7065838e-17 -0.091658153 -0.47992831 3.7482909e-17 7.158598e-18 -0.28209481 0.2013153 0.52705032 -5.9651124e-17 -1.8603629e-17 1.3154754e-17 0.19769749 0.36994019 -0.2615872 -0.55917299
0.28209481 0.052611187 2.9918276e-17 -0.48576176 -0.11695821 7.2035065e-18 -0.31539157 -6.6510344e-17 0.53360689 0.1876556 -1.8947879e-17 -0.04921326 -6.8551382e-17 0.4543885 8.6447269e-17 -0.55940753
0.28209481 -0.15098648 -0.17124902 -0.43198296 0.29849288 0.11833017 -0.19916213 0.33855093 0.37484002 -0.41016099 -0.27679318 0.054487433 0.31204644 0.15589239 -0.34759009 -0.25832659
0.28209481 -0.10522237 -0.08950749 -0.46866733 0.22568469 0.043101937 -0.28363901 0.19197886 0.47727251 -0.34483922 -0.10938425 0.081911102 0.19361658 0.36483741 -0.23132317 -0.44198388
0.28209481 -0.052611187 2.9918276e-17 -0.48576176 0.11695821 -7.2035065e-18 -0.31539157 -6.6510344e-17 0.53360689 -0.1876556 1.8947879e-17 0.04921326 -6.8551382e-17 0.4543885 8.6447269e-17 -0.55940753
0.28209481 -4.7827302e-17 0.085624509 -0.48104143 1.0529013e-16 -1.8741454e-17 -0.28633422 -0.18849936 0.52949792 -1.6794965e-16 4.8817897e-17 3.7868692e-17 -0.1861486 0.3808789 0.24550238 -0.56307268
