0 22 24
20 22 23
21 24 23
22 23 24
18 20 25
25 26 23
25 20 23
26 19 21
26 23 21
16 18 27
27 28 25
27 18 25
28 29 26
28 25 26
29 17 19
29 26 19
14 16 30
30 31 27
30 16 27
31 32 28
31 27 28
32 33 29
32 28 29
33 15 17
33 29 17
12 14 34
34 35 30
34 14 30
35 36 31
35 30 31
36 37 32
36 31 32
37 38 33
37 32 33
38 13 15
38 33 15
1 12 39
39 40 34
39 12 34
40 41 35
40 34 35
41 42 36
41 35 36
42 43 37
42 36 37
43 44 38
43 37 38
44 2 13
44 38 13
0 24 51
21 24 50
49 51 50
24 50 51
19 21 52
52 53 50
52 21 50
53 48 49
53 50 49
17 19 54
54 55 52
54 19 52
55 56 53
55 52 53
56 47 48
56 53 48
15 17 57
57 58 54
57 17 54
58 59 55
58 54 55
59 60 56
59 55 56
60 46 47
60 56 47
13 15 61
61 62 57
61 15 57
62 63 58
62 57 58
63 64 59
63 58 59
64 65 60
64 59 60
65 45 46
65 60 46
2 13 66
66 67 61
66 13 61
67 68 62
67 61 62
68 69 63
68 62 63
69 70 64
69 63 64
70 71 65
70 64 65
71 3 45
71 65 45
0 51 78
49 51 77
76 78 77
51 77 78
48 49 79
79 80 77
79 49 77
80 75 76
80 77 76
47 48 81
81 82 79
81 48 79
82 83 80
82 79 80
83 74 75
83 80 75
46 47 84
84 85 81
84 47 81
85 86 82
85 81 82
86 87 83
86 82 83
87 73 74
87 83 74
45 46 88
88 89 84
88 46 84
89 90 85
89 84 85
90 91 86
90 85 86
91 92 87
91 86 87
92 72 73
92 87 73
3 45 93
93 94 88
93 45 88
94 95 89
94 88 89
95 96 90
95 89 90
96 97 91
96 90 91
97 98 92
97 91 92
98 4 72
98 92 72
0 78 105
76 78 104
103 105 104
78 104 105
75 76 106
106 107 104
106 76 104
107 102 103
107 104 103
74 75 108
108 109 106
108 75 106
109 110 107
109 106 107
110 101 102
110 107 102
73 74 111
111 112 108
111 74 108
112 113 109
112 108 109
113 114 110
113 109 110
114 100 101
114 110 101
72 73 115
115 116 111
115 73 111
116 117 112
116 111 112
117 118 113
117 112 113
118 119 114
118 113 114
119 99 100
119 114 100
4 72 120
120 121 115
120 72 115
121 122 116
121 115 116
122 123 117
122 116 117
123 124 118
123 117 118
124 125 119
124 118 119
125 5 99
125 119 99
0 105 22
103 105 126
20 22 126
105 126 22
102 103 127
127 128 126
127 103 126
128 18 20
128 126 20
101 102 129
129 130 127
129 102 127
130 131 128
130 127 128
131 16 18
131 128 18
100 101 132
132 133 129
132 101 129
133 134 130
133 129 130
134 135 131
134 130 131
135 14 16
135 131 16
99 100 136
136 137 132
136 100 132
137 138 133
137 132 133
138 139 134
138 133 134
139 140 135
139 134 135
140 12 14
140 135 14
5 99 141
141 142 136
141 99 136
142 143 137
142 136 137
143 144 138
143 137 138
144 145 139
144 138 139
145 146 140
145 139 140
146 1 12
146 140 12
11 157 159
155 157 158
156 159 158
157 158 159
153 155 160
160 161 158
160 155 158
161 154 156
161 158 156
151 153 162
162 163 160
162 153 160
163 164 161
163 160 161
164 152 154
164 161 154
149 151 165
165 166 162
165 151 162
166 167 163
166 162 163
167 168 164
167 163 164
168 150 152
168 164 152
147 149 169
169 170 165
169 149 165
170 171 166
170 165 166
171 172 167
171 166 167
172 173 168
172 167 168
173 148 150
173 168 150
6 147 174
174 175 169
174 147 169
175 176 170
175 169 170
176 177 171
176 170 171
177 178 172
177 171 172
178 179 173
178 172 173
179 7 148
179 173 148
11 159 186
156 159 185
184 186 185
159 185 186
154 156 187
187 188 185
187 156 185
188 183 184
188 185 184
152 154 189
189 190 187
189 154 187
190 191 188
190 187 188
191 182 183
191 188 183
150 152 192
192 193 189
192 152 189
193 194 190
193 189 190
194 195 191
194 190 191
195 181 182
195 191 182
148 150 196
196 197 192
196 150 192
197 198 193
197 192 193
198 199 194
198 193 194
199 200 195
199 194 195
200 180 181
200 195 181
7 148 201
201 202 196
201 148 196
202 203 197
202 196 197
203 204 198
203 197 198
204 205 199
204 198 199
205 206 200
205 199 200
206 8 180
206 200 180
11 186 213
184 186 212
211 213 212
186 212 213
183 184 214
214 215 212
214 184 212
215 210 211
215 212 211
182 183 216
216 217 214
216 183 214
217 218 215
217 214 215
218 209 210
218 215 210
181 182 219
219 220 216
219 182 216
220 221 217
220 216 217
221 222 218
221 217 218
222 208 209
222 218 209
180 181 223
223 224 219
223 181 219
224 225 220
224 219 220
225 226 221
225 220 221
226 227 222
226 221 222
227 207 208
227 222 208
8 180 228
228 229 223
228 180 223
229 230 224
229 223 224
230 231 225
230 224 225
231 232 226
231 225 226
232 233 227
232 226 227
233 9 207
233 227 207
11 213 240
211 213 239
238 240 239
213 239 240
210 211 241
241 242 239
241 211 239
242 237 238
242 239 238
209 210 243
243 244 241
243 210 241
244 245 242
244 241 242
245 236 237
245 242 237
208 209 246
246 247 243
246 209 243
247 248 244
247 243 244
248 249 245
248 244 245
249 235 236
249 245 236
207 208 250
250 251 246
250 208 246
251 252 247
251 246 247
252 253 248
252 247 248
253 254 249
253 248 249
254 234 235
254 249 235
9 207 255
255 256 250
255 207 250
256 257 251
256 250 251
257 258 252
257 251 252
258 259 253
258 252 253
259 260 254
259 253 254
260 10 234
260 254 234
11 240 157
238 240 261
155 157 261
240 261 157
237 238 262
262 263 261
262 238 261
263 153 155
263 261 155
236 237 264
264 265 262
264 237 262
265 266 263
265 262 263
266 151 153
266 263 153
235 236 267
267 268 264
267 236 264
268 269 265
268 264 265
269 270 266
269 265 266
270 149 151
270 266 151
234 235 271
271 272 267
271 235 267
272 273 268
272 267 268
273 274 269
273 268 269
274 275 270
274 269 270
275 147 149
275 270 149
10 234 276
276 277 271
276 234 271
277 278 272
277 271 272
278 279 273
278 272 273
279 280 274
279 273 274
280 281 275
280 274 275
281 6 147
281 275 147
1 39 288
40 39 287
286 288 287
39 287 288
41 40 289
289 290 287
289 40 287
290 285 286
290 287 286
42 41 291
291 292 289
291 41 289
292 293 290
292 289 290
293 284 285
293 290 285
43 42 294
294 295 291
294 42 291
295 296 292
295 291 292
296 297 293
296 292 293
297 283 284
297 293 284
44 43 298
298 299 294
298 43 294
299 300 295
299 294 295
300 301 296
300 295 296
301 302 297
301 296 297
302 282 283
302 297 283
2 44 303
303 304 298
303 44 298
304 305 299
304 298 299
305 306 300
305 299 300
306 307 301
306 300 301
307 308 302
307 301 302
308 6 282
308 302 282
2 66 315
67 66 314
313 315 314
66 314 315
68 67 316
316 317 314
316 67 314
317 312 313
317 314 313
69 68 318
318 319 316
318 68 316
319 320 317
319 316 317
320 311 312
320 317 312
70 69 321
321 322 318
321 69 318
322 323 319
322 318 319
323 324 320
323 319 320
324 310 311
324 320 311
71 70 325
325 326 321
325 70 321
326 327 322
326 321 322
327 328 323
327 322 323
328 329 324
328 323 324
329 309 310
329 324 310
3 71 330
330 331 325
330 71 325
331 332 326
331 325 326
332 333 327
332 326 327
333 334 328
333 327 328
334 335 329
334 328 329
335 7 309
335 329 309
3 93 342
94 93 341
340 342 341
93 341 342
95 94 343
343 344 341
343 94 341
344 339 340
344 341 340
96 95 345
345 346 343
345 95 343
346 347 344
346 343 344
347 338 339
347 344 339
97 96 348
348 349 345
348 96 345
349 350 346
349 345 346
350 351 347
350 346 347
351 337 338
351 347 338
98 97 352
352 353 348
352 97 348
353 354 349
353 348 349
354 355 350
354 349 350
355 356 351
355 350 351
356 336 337
356 351 337
4 98 357
357 358 352
357 98 352
358 359 353
358 352 353
359 360 354
359 353 354
360 361 355
360 354 355
361 362 356
361 355 356
362 8 336
362 356 336
4 120 369
121 120 368
367 369 368
120 368 369
122 121 370
370 371 368
370 121 368
371 366 367
371 368 367
123 122 372
372 373 370
372 122 370
373 374 371
373 370 371
374 365 366
374 371 366
124 123 375
375 376 372
375 123 372
376 377 373
376 372 373
377 378 374
377 373 374
378 364 365
378 374 365
125 124 379
379 380 375
379 124 375
380 381 376
380 375 376
381 382 377
381 376 377
382 383 378
382 377 378
383 363 364
383 378 364
5 125 384
384 385 379
384 125 379
385 386 380
385 379 380
386 387 381
386 380 381
387 388 382
387 381 382
388 389 383
388 382 383
389 9 363
389 383 363
5 141 396
142 141 395
394 396 395
141 395 396
143 142 397
397 398 395
397 142 395
398 393 394
398 395 394
144 143 399
399 400 397
399 143 397
400 401 398
400 397 398
401 392 393
401 398 393
145 144 402
402 403 399
402 144 399
403 404 400
403 399 400
404 405 401
404 400 401
405 391 392
405 401 392
146 145 406
406 407 402
406 145 402
407 408 403
407 402 403
408 409 404
408 403 404
409 410 405
409 404 405
410 390 391
410 405 391
1 146 411
411 412 406
411 146 406
412 413 407
412 406 407
413 414 408
413 407 408
414 415 409
414 408 409
415 416 410
415 409 410
416 10 390
416 410 390
6 174 308
175 174 417
307 308 417
174 417 308
176 175 418
418 419 417
418 175 417
419 306 307
419 417 307
177 176 420
420 421 418
420 176 418
421 422 419
421 418 419
422 305 306
422 419 306
178 177 423
423 424 420
423 177 420
424 425 421
424 420 421
425 426 422
425 421 422
426 304 305
426 422 305
179 178 427
427 428 423
427 178 423
428 429 424
428 423 424
429 430 425
429 424 425
430 431 426
430 425 426
431 303 304
431 426 304
7 179 309
309 310 427
309 179 427
310 311 428
310 427 428
311 312 429
311 428 429
312 313 430
312 429 430
313 315 431
313 430 431
315 2 303
315 431 303
7 201 335
202 201 432
334 335 432
201 432 335
203 202 433
433 434 432
433 202 432
434 333 334
434 432 334
204 203 435
435 436 433
435 203 433
436 437 434
436 433 434
437 332 333
437 434 333
205 204 438
438 439 435
438 204 435
439 440 436
439 435 436
440 441 437
440 436 437
441 331 332
441 437 332
206 205 442
442 443 438
442 205 438
443 444 439
443 438 439
444 445 440
444 439 440
445 446 441
445 440 441
446 330 331
446 441 331
8 206 336
336 337 442
336 206 442
337 338 443
337 442 443
338 339 444
338 443 444
339 340 445
339 444 445
340 342 446
340 445 446
342 3 330
342 446 330
8 228 362
229 228 447
361 362 447
228 447 362
230 229 448
448 449 447
448 229 447
449 360 361
449 447 361
231 230 450
450 451 448
450 230 448
451 452 449
451 448 449
452 359 360
452 449 360
232 231 453
453 454 450
453 231 450
454 455 451
454 450 451
455 456 452
455 451 452
456 358 359
456 452 359
233 232 457
457 458 453
457 232 453
458 459 454
458 453 454
459 460 455
459 454 455
460 461 456
460 455 456
461 357 358
461 456 358
9 233 363
363 364 457
363 233 457
364 365 458
364 457 458
365 366 459
365 458 459
366 367 460
366 459 460
367 369 461
367 460 461
369 4 357
369 461 357
9 255 389
256 255 462
388 389 462
255 462 389
257 256 463
463 464 462
463 256 462
464 387 388
464 462 388
258 257 465
465 466 463
465 257 463
466 467 464
466 463 464
467 386 387
467 464 387
259 258 468
468 469 465
468 258 465
469 470 466
469 465 466
470 471 467
470 466 467
471 385 386
471 467 386
260 259 472
472 473 468
472 259 468
473 474 469
473 468 469
474 475 470
474 469 470
475 476 471
475 470 471
476 384 385
476 471 385
10 260 390
390 391 472
390 260 472
391 392 473
391 472 473
392 393 474
392 473 474
393 394 475
393 474 475
394 396 476
394 475 476
396 5 384
396 476 384
10 276 416
277 276 477
415 416 477
276 477 416
278 277 478
478 479 477
478 277 477
479 414 415
479 477 415
279 278 480
480 481 478
480 278 478
481 482 479
481 478 479
482 413 414
482 479 414
280 279 483
483 484 480
483 279 480
484 485 481
484 480 481
485 486 482
485 481 482
486 412 413
486 482 413
281 280 487
487 488 483
487 280 483
488 489 484
488 483 484
489 490 485
489 484 485
490 491 486
490 485 486
491 411 412
491 486 412
6 281 282
282 283 487
282 281 487
283 284 488
283 487 488
284 285 489
284 488 489
285 286 490
285 489 490
286 288 491
286 490 491
288 1 411
288 491 411
