0 0 1
0.8944272 0 0.44721358
0.27639321 0.85065082 0.44721358
-0.72360681 0.52573112 0.44721358
-0.72360681 -0.52573112 0.44721358
0.27639321 -0.85065082 0.44721358
0.72360681 0.52573112 -0.44721358
-0.27639321 0.85065082 -0.44721358
-0.8944272 1.0953574e-16 -0.44721358
-0.27639321 -0.85065082 -0.44721358
0.72360681 -0.52573112 -0.44721358
0 0 -1
0.82448856 0 0.56587863
0.25478098 0.78413521 0.56587863
0.72600881 0 0.6876854
0.22434906 0.69047541 0.6876854
0.59850735 0 0.80111732
0.18494894 0.56921431 0.80111732
0.44888051 0 0.89359179
0.13871171 0.42691073 0.89359179
0.29040353 0 0.95690428
0.089739624 0.27619016 0.95690428
0.13741476 0 0.9905136
0.19290263 0.14015196 0.97115704
0.042463496 0.1306892 0.9905136
0.35670344 0.14692188 0.92259234
0.24995844 0.29384377 0.92259234
0.51983026 0.14940629 0.841103
0.41847831 0.30404229 0.85582369
0.30273021 0.44821887 0.841103
0.66566906 0.14692188 0.73164107
0.57832281 0.30404229 0.75703436
0.46787298 0.45606344 0.75703436
0.34543407 0.58768754 0.73164107
0.7823606 0.14015196 0.60685197
0.71340687 0.29384377 0.63616544
0.61692035 0.44821887 0.64692281
0.49991688 0.58768754 0.63616544
0.37505516 0.70075981 0.60685197
0.86695205 0.1306892 0.48095163
0.81574844 0.27619016 0.50820614
0.73721905 0.42691073 0.5236939
0.63382945 0.56921431 0.5236939
0.51475259 0.69047541 0.50820614
0.39219573 0.78413521 0.48095163
-0.66702525 0.48462221 0.56587863
-0.58735347 0.42673727 0.6876854
-0.48420261 0.35179379 0.80111732
-0.36315196 0.26384534 0.89359179
-0.23494139 0.17069491 0.95690428
-0.073682247 0.22677064 0.97115704
-0.11117088 0.080770369 0.9905136
-0.029503592 0.38464649 0.92259234
-0.20222063 0.32852732 0.92259234
0.018542558 0.54055704 0.841103
-0.15984449 0.49195076 0.85582369
-0.3327327 0.42642079 0.841103
0.065972037 0.67849026 0.73164107
-0.11044983 0.64397191 0.75703436
-0.2891614 0.585905 0.75703436
-0.45217907 0.51013276 0.73164107
0.10847029 0.78737849 0.60685197
-0.059007183 0.76929298 0.63616544
-0.23564261 0.72523337 0.64692281
-0.40444125 0.65705464 0.63616544
-0.55056377 0.57324534 0.60685197
0.1436101 0.86490558 0.48095163
-0.010592326 0.86117032 0.50820614
-0.17820302 0.83305965 0.5236939
-0.34549091 0.77870452 0.5236939
-0.49761384 0.70292744 0.50820614
-0.62456176 0.61531142 0.48095163
-0.66702525 -0.48462221 0.56587863
-0.58735347 -0.42673727 0.6876854
-0.48420261 -0.35179379 0.80111732
-0.36315196 -0.26384534 0.89359179
-0.23494139 -0.17069491 0.95690428
-0.23844076 3.2010771e-17 0.97115704
-0.11117088 -0.080770369 0.9905136
-0.37493766 0.090802718 0.92259234
-0.37493766 -0.090802718 0.92259234
-0.50837033 0.18467633 0.841103
-0.51726764 6.9443396e-17 0.85582369
-0.50837033 -0.18467633 0.841103
-0.6248961 0.27240816 0.73164107
-0.64658455 0.093954235 0.75703436
-0.64658455 -0.093954235 0.75703436
-0.6248961 -0.27240816 0.73164107
-0.71532228 0.34647471 0.60685197
-0.74987532 0.18160544 0.63616544
-0.76255549 6.8248928e-17 0.64692281
-0.74987532 -0.18160544 0.63616544
-0.71532228 -0.34647471 0.60685197
-0.77819613 0.40385184 0.48095163
-0.82229485 0.25604236 0.50820614
-0.84735457 0.087948448 0.5236939
-0.84735457 -0.087948448 0.5236939
-0.82229485 -0.25604236 0.50820614
-0.77819613 -0.40385184 0.48095163
0.25478098 -0.78413521 0.56587863
0.22434906 -0.69047541 0.6876854
0.18494894 -0.56921431 0.80111732
0.13871171 -0.42691073 0.89359179
0.089739624 -0.27619016 0.95690428
-0.073682247 -0.22677064 0.97115704
0.042463496 -0.1306892 0.9905136
-0.20222063 -0.32852732 0.92259234
-0.029503592 -0.38464649 0.92259234
-0.3327327 -0.42642079 0.841103
-0.15984449 -0.49195076 0.85582369
0.018542558 -0.54055704 0.841103
-0.45217907 -0.51013276 0.73164107
-0.2891614 -0.585905 0.75703436
-0.11044983 -0.64397191 0.75703436
0.065972037 -0.67849026 0.73164107
-0.55056377 -0.57324534 0.60685197
-0.40444125 -0.65705464 0.63616544
-0.23564261 -0.72523337 0.64692281
-0.059007183 -0.76929298 0.63616544
0.10847029 -0.78737849 0.60685197
-0.62456176 -0.61531142 0.48095163
-0.49761384 -0.70292744 0.50820614
-0.34549091 -0.77870452 0.5236939
-0.17820302 -0.83305965 0.5236939
-0.010592326 -0.86117032 0.50820614
0.1436101 -0.86490558 0.48095163
0.19290263 -0.14015196 0.97115704
0.24995844 -0.29384377 0.92259234
0.35670344 -0.14692188 0.92259234
0.30273021 -0.44821887 0.841103
0.41847831 -0.30404229 0.85582369
0.51983026 -0.14940629 0.841103
0.34543407 -0.58768754 0.73164107
0.46787298 -0.45606344 0.75703436
0.57832281 -0.30404229 0.75703436
0.66566906 -0.14692188 0.73164107
0.37505516 -0.70075981 0.60685197
0.49991688 -0.58768754 0.63616544
0.61692035 -0.44821887 0.64692281
0.71340687 -0.29384377 0.63616544
0.7823606 -0.14015196 0.60685197
0.39219573 -0.78413521 0.48095163
0.51475259 -0.69047541 0.50820614
0.63382945 -0.56921431 0.5236939
0.73721905 -0.42691073 0.5236939
0.81574844 -0.27619016 0.50820614
0.86695205 -0.1306892 0.48095163
-0.25478098 0.78413521 -0.56587863
0.66702525 0.48462221 -0.56587863
-0.22434906 0.69047541 -0.6876854
0.58735347 0.42673727 -0.6876854
-0.18494894 0.56921431 -0.80111732
0.48420261 0.35179379 -0.80111732
-0.13871171 0.42691073 -0.89359179
0.36315196 0.26384534 -0.89359179
-0.089739624 0.27619016 -0.95690428
0.23494139 0.17069491 -0.95690428
-0.042463496 0.1306892 -0.9905136
0.073682247 0.22677064 -0.97115704
0.11117088 0.080770369 -0.9905136
0.029503592 0.38464649 -0.92259234
0.20222063 0.32852732 -0.92259234
-0.018542558 0.54055704 -0.841103
0.15984449 0.49195076 -0.85582369
0.3327327 0.42642079 -0.841103
-0.065972037 0.67849026 -0.73164107
0.11044983 0.64397191 -0.75703436
0.2891614 0.585905 -0.75703436
0.45217907 0.51013276 -0.73164107
-0.10847029 0.78737849 -0.60685197
0.059007183 0.76929298 -0.63616544
0.23564261 0.72523337 -0.64692281
0.40444125 0.65705464 -0.63616544
0.55056377 0.57324534 -0.60685197
-0.1436101 0.86490558 -0.48095163
0.010592326 0.86117032 -0.50820614
0.17820302 0.83305965 -0.5236939
0.34549091 0.77870452 -0.5236939
0.49761384 0.70292744 -0.50820614
0.62456176 0.61531142 -0.48095163
-0.82448856 1.0097073e-16 -0.56587863
-0.72600881 8.8910437e-17 -0.6876854
-0.59850735 7.329601e-17 -0.80111732
-0.44888051 5.4972008e-17 -0.89359179
-0.29040353 3.5564175e-17 -0.95690428
-0.13741476 1.6828455e-17 -0.9905136
-0.19290263 0.14015196 -0.97115704
-0.35670344 0.14692188 -0.92259234
-0.24995844 0.29384377 -0.92259234
-0.51983026 0.14940629 -0.841103
-0.41847831 0.30404229 -0.85582369
-0.30273021 0.44821887 -0.841103
-0.66566906 0.14692188 -0.73164107
-0.57832281 0.30404229 -0.75703436
-0.46787298 0.45606344 -0.75703436
-0.34543407 0.58768754 -0.73164107
-0.7823606 0.14015196 -0.60685197
-0.71340687 0.29384377 -0.63616544
-0.61692035 0.44821887 -0.64692281
-0.49991688 0.58768754 -0.63616544
-0.37505516 0.70075981 -0.60685197
-0.86695205 0.1306892 -0.48095163
-0.81574844 0.27619016 -0.50820614
-0.73721905 0.42691073 -0.5236939
-0.63382945 0.56921431 -0.5236939
-0.51475259 0.69047541 -0.50820614
-0.39219573 0.78413521 -0.48095163
-0.25478098 -0.78413521 -0.56587863
-0.22434906 -0.69047541 -0.6876854
-0.18494894 -0.56921431 -0.80111732
-0.13871171 -0.42691073 -0.89359179
-0.089739624 -0.27619016 -0.95690428
-0.042463496 -0.1306892 -0.9905136
-0.19290263 -0.14015196 -0.97115704
-0.24995844 -0.29384377 -0.92259234
-0.35670344 -0.14692188 -0.92259234
-0.30273021 -0.44821887 -0.841103
-0.41847831 -0.30404229 -0.85582369
-0.51983026 -0.14940629 -0.841103
-0.34543407 -0.58768754 -0.73164107
-0.46787298 -0.45606344 -0.75703436
-0.57832281 -0.30404229 -0.75703436
-0.66566906 -0.14692188 -0.73164107
-0.37505516 -0.70075981 -0.60685197
-0.49991688 -0.58768754 -0.63616544
-0.61692035 -0.44821887 -0.64692281
-0.71340687 -0.29384377 -0.63616544
-0.7823606 -0.14015196 -0.60685197
-0.39219573 -0.78413521 -0.48095163
-0.51475259 -0.69047541 -0.50820614
-0.63382945 -0.56921431 -0.5236939
-0.73721905 -0.42691073 -0.5236939
-0.81574844 -0.27619016 -0.50820614
-0.86695205 -0.1306892 -0.48095163
0.66702525 -0.48462221 -0.56587863
0.58735347 -0.42673727 -0.6876854
0.48420261 -0.35179379 -0.80111732
0.36315196 -0.26384534 -0.89359179
0.23494139 -0.17069491 -0.95690428
0.11117088 -0.080770369 -0.9905136
0.073682247 -0.22677064 -0.97115704
0.20222063 -0.32852732 -0.92259234
0.029503592 -0.38464649 -0.92259234
0.3327327 -0.42642079 -0.841103
0.15984449 -0.49195076 -0.85582369
-0.018542558 -0.54055704 -0.841103
0.45217907 -0.51013276 -0.73164107
0.2891614 -0.585905 -0.75703436
0.11044983 -0.64397191 -0.75703436
-0.065972037 -0.67849026 -0.73164107
0.55056377 -0.57324534 -0.60685197
0.40444125 -0.65705464 -0.63616544
0.23564261 -0.72523337 -0.64692281
0.059007183 -0.76929298 -0.63616544
-0.10847029 -0.78737849 -0.60685197
0.62456176 -0.61531142 -0.48095163
0.49761384 -0.70292744 -0.50820614
0.34549091 -0.77870452 -0.5236939
0.17820302 -0.83305965 -0.5236939
0.010592326 -0.86117032 -0.50820614
-0.1436101 -0.86490558 -0.48095163
0.23844076 -1.6005386e-17 -0.97115704
0.37493766 0.090802718 -0.92259234
0.37493766 -0.090802718 -0.92259234
0.50837033 0.18467633 -0.841103
0.51726764 -6.9443396e-17 -0.85582369
0.50837033 -0.18467633 -0.841103
0.6248961 0.27240816 -0.73164107
0.64658455 0.093954235 -0.75703436
0.64658455 -0.093954235 -0.75703436
0.6248961 -0.27240816 -0.73164107
0.71532228 0.34647471 -0.60685197
0.74987532 0.18160544 -0.63616544
0.76255549 -6.8248928e-17 -0.64692281
0.74987532 -0.18160544 -0.63616544
0.71532228 -0.34647471 -0.60685197
0.77819613 0.40385184 -0.48095163
0.82229485 0.25604236 -0.50820614
0.84735457 0.087948448 -0.5236939
0.84735457 -0.087948448 -0.5236939
0.82229485 -0.25604236 -0.50820614
0.77819613 -0.40385184 -0.48095163
0.80444001 0.48462221 -0.34353688
0.87775698 0.42673727 -0.21780263
0.93308311 0.35179379 -0.074813413
0.96165929 0.26384534 0.074813413
0.96095019 0.17069491 0.21780263
0.93565943 0.080770368 0.34353688
0.90158098 0.22677064 0.36841121
0.91562749 0.32852732 0.2317242
0.83838609 0.38464648 0.38620701
0.90110799 0.42642078 0.07854753
0.83695661 0.49195075 0.23976672
0.74401292 0.54055703 0.39273765
0.8566203 0.51013275 -0.077241401
0.80642903 0.58590499 0.079922241
0.72650679 0.6439719 0.23976672
0.62489609 0.67849025 0.38620701
0.78900452 0.57324534 -0.22104673
0.74987531 0.65705463 -0.077241401
0.68400794 0.72523336 0.07854753
0.5953925 0.76929296 0.2317242
0.49427554 0.78737848 0.36841121
0.70948874 0.61531141 -0.34353688
0.67709308 0.70292743 -0.21780263
0.62291431 0.77870451 -0.074813413
0.54810089 0.83305964 0.074813413
0.45929044 0.86117031 0.21780263
0.36595185 0.86490558 0.34353688
-0.21231748 0.91482441 -0.34353688
-0.13460944 0.96666556 -0.21780263
-0.046237235 0.99612503 -0.074813413
0.046237235 0.99612503 0.074813413
0.13460944 0.96666556 0.21780263
0.21231748 0.91482441 0.34353688
0.062932152 0.92753044 0.36841121
-0.029503591 0.97233401 0.2317242
-0.106745 0.91621485 0.38620701
-0.12709258 0.98877589 0.07854753
-0.20923915 0.94801419 0.23976672
-0.28418765 0.87463965 0.39273765
-0.22045484 0.97233401 -0.077241401
-0.30802848 0.94801418 0.079922241
-0.38795073 0.88994728 0.23976672
-0.45217906 0.80397652 0.38620701
-0.30137291 0.92753044 -0.22104673
-0.39317188 0.91621484 -0.077241401
-0.47836783 0.87463964 0.07854753
-0.54765469 0.80397652 0.2317242
-0.5961019 0.7133973 0.36841121
-0.36595185 0.86490558 -0.34353688
-0.45929044 0.86117031 -0.21780263
-0.54810089 0.83305964 -0.074813413
-0.62291431 0.77870451 0.074813413
-0.67709308 0.70292743 0.21780263
-0.70948874 0.61531141 0.34353688
-0.93565943 0.080770368 -0.34353688
-0.96095019 0.17069491 -0.21780263
-0.96165929 0.26384534 -0.074813413
-0.93308311 0.35179379 0.074813413
-0.87775698 0.42673727 0.21780263
-0.80444001 0.48462221 0.34353688
-0.86268677 0.3464747 0.36841121
-0.93386171 0.27240815 0.2317242
-0.90435812 0.18160544 0.38620701
-0.97965552 0.18467633 0.07854753
-0.96627352 0.093954234 0.23976672
-0.91965055 2.0474678e-16 0.39273765
-0.99286889 0.090802717 -0.077241401
-0.9968011 1.7360849e-16 0.079922241
-0.96627352 -0.093954234 0.23976672
-0.90435812 -0.18160544 0.38620701
-0.97526322 1.4404847e-16 -0.22104673
-0.99286889 -0.090802717 -0.077241401
-0.97965552 -0.18467633 0.07854753
-0.93386171 -0.27240815 0.2317242
-0.86268677 -0.3464747 0.36841121
-0.93565943 -0.080770368 -0.34353688
-0.96095019 -0.17069491 -0.21780263
-0.96165929 -0.26384534 -0.074813413
-0.93308311 -0.35179379 0.074813413
-0.87775698 -0.42673727 0.21780263
-0.80444001 -0.48462221 0.34353688
-0.36595185 -0.86490558 -0.34353688
-0.45929044 -0.86117031 -0.21780263
-0.54810089 -0.83305964 -0.074813413
-0.62291431 -0.77870451 0.074813413
-0.67709308 -0.70292743 0.21780263
-0.70948874 -0.61531141 0.34353688
-0.5961019 -0.7133973 0.36841121
-0.54765469 -0.80397652 0.2317242
-0.45217906 -0.80397652 0.38620701
-0.47836783 -0.87463964 0.07854753
-0.38795073 -0.88994728 0.23976672
-0.28418765 -0.87463965 0.39273765
-0.39317188 -0.91621484 -0.077241401
-0.30802848 -0.94801418 0.079922241
-0.20923915 -0.94801419 0.23976672
-0.106745 -0.91621485 0.38620701
-0.30137291 -0.92753044 -0.22104673
-0.22045484 -0.97233401 -0.077241401
-0.12709258 -0.98877589 0.07854753
-0.029503591 -0.97233401 0.2317242
0.062932152 -0.92753044 0.36841121
-0.21231748 -0.91482441 -0.34353688
-0.13460944 -0.96666556 -0.21780263
-0.046237235 -0.99612503 -0.074813413
0.046237235 -0.99612503 0.074813413
0.13460944 -0.96666556 0.21780263
0.21231748 -0.91482441 0.34353688
0.70948874 -0.61531141 -0.34353688
0.67709308 -0.70292743 -0.21780263
0.62291431 -0.77870451 -0.074813413
0.54810089 -0.83305964 0.074813413
0.45929044 -0.86117031 0.21780263
0.36595185 -0.86490558 0.34353688
0.49427554 -0.78737848 0.36841121
0.5953925 -0.76929296 0.2317242
0.62489609 -0.67849025 0.38620701
0.68400794 -0.72523336 0.07854753
0.72650679 -0.6439719 0.23976672
0.74401292 -0.54055703 0.39273765
0.74987531 -0.65705463 -0.077241401
0.80642903 -0.58590499 0.079922241
0.83695661 -0.49195075 0.23976672
0.83838609 -0.38464648 0.38620701
0.78900452 -0.57324534 -0.22104673
0.8566203 -0.51013275 -0.077241401
0.90110799 -0.42642078 0.07854753
0.91562749 -0.32852732 0.2317242
0.90158098 -0.22677064 0.36841121
0.80444001 -0.48462221 -0.34353688
0.87775698 -0.42673727 -0.21780263
0.93308311 -0.35179379 -0.074813413
0.96165929 -0.26384534 0.074813413
0.96095019 -0.17069491 0.21780263
0.93565943 -0.080770368 0.34353688
0.5961019 0.7133973 -0.36841121
0.45217906 0.80397652 -0.38620701
0.54765469 0.80397652 -0.2317242
0.28418765 0.87463965 -0.39273765
0.38795073 0.88994728 -0.23976672
0.47836783 0.87463964 -0.07854753
0.106745 0.91621485 -0.38620701
0.20923915 0.94801419 -0.23976672
0.30802848 0.94801418 -0.079922241
0.39317188 0.91621484 0.077241401
-0.062932152 0.92753044 -0.36841121
0.029503591 0.97233401 -0.2317242
0.12709258 0.98877589 -0.07854753
0.22045484 0.97233401 0.077241401
0.30137291 0.92753044 0.22104673
-0.49427554 0.78737848 -0.36841121
-0.62489609 0.67849025 -0.38620701
-0.5953925 0.76929296 -0.2317242
-0.74401292 0.54055703 -0.39273765
-0.72650679 0.6439719 -0.23976672
-0.68400794 0.72523336 -0.07854753
-0.83838609 0.38464648 -0.38620701
-0.83695661 0.49195075 -0.23976672
-0.80642903 0.58590499 -0.079922241
-0.74987531 0.65705463 0.077241401
-0.90158098 0.22677064 -0.36841121
-0.91562749 0.32852732 -0.2317242
-0.90110799 0.42642078 -0.07854753
-0.8566203 0.51013275 0.077241401
-0.78900452 0.57324534 0.22104673
-0.90158098 -0.22677064 -0.36841121
-0.83838609 -0.38464648 -0.38620701
-0.91562749 -0.32852732 -0.2317242
-0.74401292 -0.54055703 -0.39273765
-0.83695661 -0.49195075 -0.23976672
-0.90110799 -0.42642078 -0.07854753
-0.62489609 -0.67849025 -0.38620701
-0.72650679 -0.6439719 -0.23976672
-0.80642903 -0.58590499 -0.079922241
-0.8566203 -0.51013275 0.077241401
-0.49427554 -0.78737848 -0.36841121
-0.5953925 -0.76929296 -0.2317242
-0.68400794 -0.72523336 -0.07854753
-0.74987531 -0.65705463 0.077241401
-0.78900452 -0.57324534 0.22104673
-0.062932152 -0.92753044 -0.36841121
0.106745 -0.91621485 -0.38620701
0.029503591 -0.97233401 -0.2317242
0.28418765 -0.87463965 -0.39273765
0.20923915 -0.94801419 -0.23976672
0.12709258 -0.98877589 -0.07854753
0.45217906 -0.80397652 -0.38620701
0.38795073 -0.88994728 -0.23976672
0.30802848 -0.94801418 -0.079922241
0.22045484 -0.97233401 0.077241401
0.5961019 -0.7133973 -0.36841121
0.54765469 -0.80397652 -0.2317242
0.47836783 -0.87463964 -0.07854753
0.39317188 -0.91621484 0.077241401
0.30137291 -0.92753044 0.22104673
0.86268677 -0.3464747 -0.36841121
0.90435812 -0.18160544 -0.38620701
0.93386171 -0.27240815 -0.2317242
0.91965055 0 -0.39273765
0.96627352 -0.093954234 -0.23976672
0.97965552 -0.18467633 -0.07854753
0.90435812 0.18160544 -0.38620701
0.96627352 0.093954234 -0.23976672
0.9968011 -3.4721697e-17 -0.079922241
0.99286889 -0.090802717 0.077241401
0.86268677 0.3464747 -0.36841121
0.93386171 0.27240815 -0.2317242
0.97965552 0.18467633 -0.07854753
0.99286889 0.090802717 0.077241401
0.97526322 -1.6005385e-16 0.22104673
