0.28209481 0 0.48860252 0 0 0 0.63078314 0 0 0 0 0 0.74635267 0 0 0 0 0 0 0 0.84628439 0 0 0 0 0 0 0 0 0 0.93560261 0 0 0 0 0 0 0 0 0 0 0 1.0171072 0 0 0 0 0 0
0.28209481 0 0.21850967 -0.43701938 0 0 -0.12615664 -0.43701935 0.43701938 0 0 0 -0.33377907 3.3592887e-08 0.51708829 -0.42220083 0 0 0 0 -0.16925685 0.42818981 0.15138792 -0.56644183 0.4005349 0 0 0 0 0 0.18410228 0.38892266 -0.34299761 -0.2800563 0.59408921 -0.37573504 0 0 0 0 0 0 0.33361116 -0.074575596 -0.47165707 0.23582859 0.3875058 -0.60585451 0.34979028
0.28209481 -0.41563013 0.21850967 -0.13504641 0.25687355 -0.4156301 -0.12615664 -0.13504641 -0.3535561 0.24816343 0.30393687 3.1948733e-08 -0.33377907 1.0380773e-08 -0.4183332 0.34156767 -0.38093132 0.33294615 0.08898358 0.4072327 -0.16925685 0.13231793 -0.12247539 0.45826107 0.12377208 9.2028542e-17 -0.5650124 0.16461296 -0.20160894 0.36988741 0.18410228 0.12018371 0.27749088 0.22657031 0.18358366 -0.37573504 0.33267033 1.4839156e-16 -0.36853993 -0.13861658 -0.27723306 -0.070925608 0.33361116 -0.023045126 0.38157859 -0.19078934 0.11974588 -0.60585451 0.10809115
0.28209481 -0.25687355 0.21850967 0.3535561 -0.41563013 -0.25687355 -0.12615664 0.3535561 0.13504642 -0.40153685 -0.49178019 1.9745404e-08 -0.33377907 -2.7177215e-08 0.15978907 -0.13046724 -0.2354285 -0.53871822 -0.14397846 0.25168365 -0.16925685 -0.34641284 0.046781436 -0.17504016 -0.32403952 1.8405708e-16 -0.34919688 -0.26634938 0.32621011 0.22860301 0.18410228 -0.31464505 -0.10599209 -0.086542159 -0.48062828 -0.37573504 0.20560157 2.9678311e-16 -0.22777019 0.22428632 0.44857255 -0.043834437 0.33361116 0.060332924 -0.14575005 0.072875045 -0.31349877 -0.60585451 -0.28298628
0.28209481 0.25687355 0.21850967 0.3535561 0.41563013 0.25687355 -0.12615664 0.3535561 0.13504642 0.40153685 0.49178019 -1.9745404e-08 -0.33377907 -2.7177215e-08 0.15978907 -0.13046724 0.2354285 0.53871822 0.14397846 -0.25168365 -0.16925685 -0.34641284 0.046781436 -0.17504016 -0.32403952 2.7608562e-16 0.34919688 0.26634938 -0.32621011 -0.22860301 0.18410228 -0.31464505 -0.10599209 -0.086542159 -0.48062828 -0.37573504 -0.20560157 4.4517468e-16 0.22777019 -0.22428632 -0.44857255 0.043834437 0.33361116 0.060332924 -0.14575005 0.072875045 -0.31349877 -0.60585451 -0.28298628
0.28209481 0.41563013 0.21850967 -0.13504641 -0.25687355 0.4156301 -0.12615664 -0.13504641 -0.3535561 -0.24816343 -0.30393687 -3.1948733e-08 -0.33377907 1.0380773e-08 -0.4183332 0.34156767 0.38093132 -0.33294615 -0.08898358 -0.4072327 -0.16925685 0.13231793 -0.12247539 0.45826107 0.12377208 3.6811417e-16 0.5650124 -0.16461296 0.20160894 -0.36988741 0.18410228 0.12018371 0.27749088 0.22657031 0.18358366 -0.37573504 -0.33267033 5.9356623e-16 0.36853993 0.13861658 0.27723306 0.070925608 0.33361116 -0.023045126 0.38157859 -0.19078934 0.11974588 -0.60585451 0.10809115
0.28209481 -0.25687355 -0.21850967 -0.3535561 0.41563013 0.25687355 -0.12615664 0.3535561 0.13504642 -0.40153685 -0.49178019 1.9745404e-08 0.33377907 2.7177215e-08 -0.15978907 0.13046724 0.2354285 0.53871822 0.14397846 -0.25168365 -0.16925685 -0.34641284 0.046781436 -0.17504016 -0.32403952 -4.6014271e-17 -0.34919688 -0.26634938 0.32621011 0.22860301 -0.18410228 0.31464505 0.10599209 0.086542159 0.48062828 0.37573504 -0.20560157 7.4195778e-17 0.22777019 -0.22428632 -0.44857255 0.043834437 0.33361116 0.060332924 -0.14575005 0.072875045 -0.31349877 -0.60585451 -0.28298628
0.28209481 -0.41563013 -0.21850967 0.13504641 -0.25687355 0.4156301 -0.12615664 -0.13504641 -0.3535561 0.24816343 0.30393687 3.1948733e-08 0.33377907 -1.0380773e-08 0.4183332 -0.34156767 0.38093132 -0.33294615 -0.08898358 -0.4072327 -0.16925685 0.13231793 -0.12247539 0.45826107 0.12377208 -1.3804281e-16 -0.5650124 0.16461296 -0.20160894 0.36988741 -0.18410228 -0.12018371 -0.27749088 -0.22657031 -0.18358366 0.37573504 -0.33267033 2.2258734e-16 0.36853993 0.13861658 0.27723306 0.070925608 0.33361116 -0.023045126 0.38157859 -0.19078934 0.11974588 -0.60585451 0.10809115
0.28209481 -5.3519439e-17 -0.21850967 0.43701938 -1.0703888e-16 5.3519436e-17 -0.12615664 -0.43701935 0.43701938 -1.5511407e-16 1.266501e-16 4.113942e-24 0.33377907 -3.3592887e-08 -0.51708829 0.42220083 -1.9620551e-16 2.0810735e-16 -3.7079344e-17 -5.2438129e-17 -0.16925685 0.42818981 0.15138792 -0.56644183 0.4005349 -2.3007135e-16 2.9101979e-16 -1.0289102e-16 -8.4010184e-17 4.7629288e-17 -0.18410228 -0.38892266 0.34299761 0.2800563 -0.59408921 0.37573504 -2.5702172e-16 3.7097888e-16 -1.898231e-16 -8.6642021e-17 1.1552267e-16 9.1328763e-18 0.33361116 -0.074575596 -0.47165707 0.23582859 0.3875058 -0.60585451 0.34979028
0.28209481 0.41563013 -0.21850967 0.13504641 0.25687355 -0.4156301 -0.12615664 -0.13504641 -0.3535561 -0.24816343 -0.30393687 -3.1948733e-08 0.33377907 -1.0380773e-08 0.4183332 -0.34156767 -0.38093132 0.33294615 0.08898358 0.4072327 -0.16925685 0.13231793 -0.12247539 0.45826107 0.12377208 -3.220999e-16 0.5650124 -0.16461296 0.20160894 -0.36988741 -0.18410228 -0.12018371 -0.27749088 -0.22657031 -0.18358366 0.37573504 0.33267033 5.1937043e-16 -0.36853993 -0.13861658 -0.27723306 -0.070925608 0.33361116 -0.023045126 0.38157859 -0.19078934 0.11974588 -0.60585451 0.10809115
0.28209481 0.25687355 -0.21850967 -0.3535561 -0.41563013 -0.25687355 -0.12615664 0.3535561 0.13504642 0.40153685 0.49178019 -1.9745404e-08 0.33377907 2.7177215e-08 -0.15978907 0.13046724 -0.2354285 -0.53871822 -0.14397846 0.25168365 -0.16925685 -0.34641284 0.046781436 -0.17504016 -0.32403952 -4.1412844e-16 0.34919688 0.26634938 -0.32621011 -0.22860301 -0.18410228 0.31464505 0.10599209 0.086542159 0.48062828 0.37573504 0.20560157 6.6776202e-16 -0.22777019 0.22428632 0.44857255 -0.043834437 0.33361116 0.060332924 -0.14575005 0.072875045 -0.31349877 -0.60585451 -0.28298628
0.28209481 0 -0.48860252 0 0 0 0.63078314 0 0 0 0 0 -0.74635267 0 0 0 0 0 0 0 0.84628439 0 0 0 0 0 0 0 0 0 -0.93560261 0 0 0 0 0 0 0 0 0 0 0 1.0171072 0 0 0 0 0 0
0.28209481 0 0.35525104 -0.3354536 0 0 0.18479343 -0.54537737 0.25749227 0 0 0 -0.09681078 -0.51561528 0.49532801 -0.19094767 0 0 0 0 -0.32561818 -0.2339402 0.60219181 -0.41650024 0.13904883 0 0 0 0 0 -0.37403777 0.16553186 0.48127764 -0.59494781 0.33530757 -0.10012452 0 0 0 0 0 0 -0.21589541 0.47609729 0.15342169 -0.61016804 0.53978783 -0.26247734 0.071548127
0.28209481 -0.31903532 0.35525104 -0.10366086 0.15135016 -0.51868469 0.18479343 -0.16853088 -0.20831563 0.11223622 0.29114649 -0.49037927 -0.09681078 -0.15933388 -0.40072876 0.15447991 -0.13224331 0.2448127 0.35395947 -0.22249034 -0.32561818 -0.072291493 -0.48718342 0.33695579 0.042968452 2.4523435e-17 -0.31889644 0.34970155 0.28288791 0.15743016 -0.37403777 0.051152159 -0.3893618 0.48132288 0.10361574 -0.10012452 0.068046309 6.4288404e-17 -0.51336873 0.35864779 0.090179011 0.45279542 -0.21589541 0.14712216 -0.12412076 0.49363634 0.16680361 -0.26247734 0.022109587
0.28209481 0 0.4589119 -0.1677268 0 0 0.51928568 -0.35225818 0.064373069 0 0 0 0.49448469 -0.53513408 0.15996569 -0.023868458 0 0 0 0 0.39906675 -0.68491495 0.28850618 -0.067254171 0.0086905519 0 0 0 0 0 0.2499807 -0.77620411 0.43676668 -0.13733619 0.027071813 -0.0031288913 0 0 0 0 0 0 0.06826514 -0.79196769 0.58630121 -0.23463273 0.060983289 -0.01059585 0.0011179395
0.28209481 -0.17434417 0.38827017 -0.23996417 0.19146223 -0.3097924 0.28209478 -0.42639267 0.062209852 -0.12554216 0.40254134 -0.35183403 0.046670027 -0.48425797 0.13079362 0.04079112 0.049958717 -0.29928792 0.5671289 -0.26944843 -0.21026106 -0.37086394 0.18427135 0.097244538 -0.068762273 -6.627242e-18 0.13166973 -0.48750177 0.59706527 -0.086198039 -0.37929791 -0.11864142 0.19399826 0.15839893 -0.18122783 0.054115538 -0.02009809 -1.8988158e-17 0.2395024 -0.61464298 0.45081961 0.12970693 -0.39013949 0.17852628 0.14648017 0.19970961 -0.32964677 0.15505007 -0.027662646
0.28209481 -0.15951766 0.4589119 -0.05183043 0.037837539 -0.33501744 0.51928568 -0.10885376 -0.052078906 0.014029527 0.094025478 -0.50894272 0.49448469 -0.16536552 -0.12941496 0.019309988 -0.0082652066 0.039531011 0.16957968 -0.65139282 0.39906675 -0.21165037 -0.23340641 0.054409768 0.0026855282 7.6635735e-19 -0.025746824 0.080724195 0.25672501 -0.73821396 0.2499807 -0.23986025 -0.35335165 0.11110732 0.0083656507 -0.0031288913 0.0010632236 2.5952345e-18 -0.057998553 0.13791366 0.34461921 -0.75320607 0.06826514 -0.24473149 -0.47432765 0.18982187 0.018844873 -0.01059585 0.00034546229
0.28209481 -0.15951766 0.25159019 -0.38728401 0.28272724 -0.18366727 -0.064522386 -0.44591549 0.28498286 -0.34255067 0.38517195 -0.048599694 -0.32172498 -0.11799248 0.3882449 -0.14428686 0.33795226 -0.52915639 0.20958659 0.12867075 -0.26380086 0.31239253 0.21125868 -0.22288765 0.0026855282 -0.28186733 0.5771513 -0.39373779 -0.13067165 0.1827281 0.052333102 0.44363534 -0.13171415 -0.16584755 0.0045863171 0.11348648 0.1939774 -0.5233044 0.52219296 0.022982014 -0.34629256 0.062128894 0.31791466 0.15083927 -0.34905529 0.009680327 0.004149592 0.21069479 -0.18940744
0.28209481 -0.31903532 0.25159019 -0.27138767 0.39623988 -0.36733454 -0.064522386 -0.31247342 -0.064373069 -0.19231962 0.53981531 -0.097199388 -0.32172498 -0.082682736 -0.087698311 0.31807673 -0.10698707 -0.29708645 0.29373384 0.2573415 -0.26380086 0.21890776 -0.047719955 0.49135023 -0.32058182 0.28186733 -0.18271141 -0.22105782 -0.18313521 0.36545619 0.052333102 0.31087559 0.02975212 0.36560676 -0.54748625 0.11348648 -0.24007949 0.5233044 -0.16531299 0.012902887 -0.48532611 0.12425779 0.31791466 0.10569999 0.078846008 -0.021340039 -0.49535272 0.21069479 0.12595335
0.28209481 -0.19717467 0.35525104 0.27138767 -0.24488971 -0.32056478 0.18479343 0.44121957 0.079569489 -0.18160202 -0.47108492 -0.30307105 -0.09681078 0.41714153 0.15306477 -0.059006073 -0.081730857 -0.39611527 -0.57271844 -0.13750659 -0.32561818 0.18926159 0.1860875 -0.12870565 -0.11249287 4.904687e-17 -0.19708885 -0.56582898 -0.45772225 0.097297192 -0.37403777 -0.13391809 0.14872298 -0.18384898 -0.27126953 -0.10012452 0.042054933 1.2857681e-16 -0.31727934 -0.58030432 -0.14591271 0.27984297 -0.21589541 -0.38517079 0.047409911 -0.18855231 -0.43669754 -0.26247734 -0.057883646
0.28209481 -0.28209481 0.38827017 0.091658153 -0.11833017 -0.50125462 0.28209478 0.1628675 -0.16286752 0.077589318 -0.24878423 -0.56927937 0.046670027 0.1849701 -0.34242213 -0.10679254 0.080834903 0.1849701 -0.35050493 -0.43597671 -0.21026106 0.14165743 -0.48242867 -0.2545895 0.026264852 7.6246782e-17 0.21304609 0.30129266 -0.36900663 -0.13947135 -0.37929791 0.04531699 -0.50789404 -0.41469377 0.069222875 0.054115538 -0.032519393 2.1845979e-16 0.38752303 0.37987027 -0.27862185 0.20987023 -0.39013949 -0.06819097 -0.38349006 -0.52284658 0.12591386 0.15505007 0.010566191
0.28209481 -0.098587334 0.4589119 0.13569383 -0.061222427 -0.20705216 0.51928568 0.28498286 0.019892372 -0.022700252 -0.15213642 -0.3145439 0.49448469 0.43293256 0.049432117 -0.0073757591 -0.0051081786 -0.063962519 -0.27438569 -0.40258291 0.39906675 0.55410784 0.08915332 -0.020782683 -0.0070308046 1.5327147e-18 -0.015912412 -0.13061449 -0.41538981 -0.45624131 0.2499807 0.62796229 0.13496833 -0.042439219 -0.021901557 -0.0031288913 0.00065710832 5.190469e-18 -0.035845079 -0.22314899 -0.55760562 -0.46550694 0.06826514 0.64071536 0.18117705 -0.072505504 -0.049336515 -0.01059585 -0.00090443197
0.28209481 -0.41762266 0.25159019 0.032032967 -0.061222427 -0.48084715 -0.064522386 0.036882482 -0.39673889 0.36193898 -0.083406046 -0.12723565 -0.32172498 0.009759373 -0.5404951 -0.084615707 0.1018789 0.55910659 -0.045384374 0.33686441 -0.26380086 -0.025838556 -0.29410377 -0.13071044 0.32224157 -0.28186733 0.17398772 0.41602331 0.028295947 0.47838837 0.052333102 -0.036693886 0.18336585 -0.097259782 0.55032074 0.11348648 -0.12019487 -0.5233044 0.15741999 -0.024282794 0.074987009 0.16265555 0.31791466 -0.012476191 0.48593733 0.0056769396 0.49791732 0.21069479 -0.24301359
0.28209481 -0.35669234 0.25159019 0.21955723 -0.35840231 -0.41069248 -0.064522386 0.25279629 -0.18082504 -0.031370975 -0.48826751 -0.10867222 -0.32172498 0.066891737 -0.24634604 -0.37037212 0.27183059 -0.048460431 -0.26568475 0.28771654 -0.26380086 -0.17710009 -0.13404617 -0.57213372 -0.20081599 0.28186733 0.46422943 -0.036058724 0.16564736 0.40859243 0.052333102 -0.25150365 0.083574213 -0.42571661 -0.34295142 0.11348648 0.045600109 0.5233044 0.42002392 0.0021047054 0.43898159 0.13892443 0.31791466 -0.085513085 0.22147977 0.02484858 -0.31029442 0.21069479 0.2672509
0.28209481 0.19717467 0.35525104 0.27138767 0.24488971 0.32056478 0.18479343 0.44121957 0.079569489 0.18160202 0.47108492 0.30307105 -0.09681078 0.41714153 0.15306477 -0.059006073 0.081730857 0.39611527 0.57271844 0.13750659 -0.32561818 0.18926159 0.1860875 -0.12870565 -0.11249287 7.3570304e-17 0.19708885 0.56582898 0.45772225 -0.097297192 -0.37403777 -0.13391809 0.14872298 -0.18384898 -0.27126953 -0.10012452 -0.042054933 1.9286521e-16 0.31727934 0.58030432 0.14591271 -0.27984297 -0.21589541 -0.38517079 0.047409911 -0.18855231 -0.43669754 -0.26247734 -0.057883646
0.28209481 -3.6324495e-17 0.38827017 0.29661202 -4.9308031e-17 -6.4545049e-17 0.28209478 0.52705032 0.20131531 -4.8497057e-17 -1.0366807e-16 -7.3304389e-17 0.046670027 0.59857577 0.42325702 0.13200283 -4.1635464e-17 -1.1561521e-16 -1.4605496e-16 -5.6139411e-17 -0.21026106 0.45841306 0.59631461 0.31468993 0.084994845 -3.313621e-17 -1.0973321e-16 -1.883224e-16 -1.5376459e-16 -1.7959305e-17 -0.37929791 0.14664885 0.62779158 0.51258969 0.22400992 0.054115538 -2.5124544e-17 -9.4940786e-17 -1.9960068e-16 -2.3743718e-16 -1.1610136e-16 2.7024358e-17 -0.39013949 -0.22067063 0.4740198 0.64627391 0.40746582 0.15505007 0.034192912
0.28209481 0.098587334 0.4589119 0.13569383 0.061222427 0.20705216 0.51928568 0.28498286 0.019892372 0.022700252 0.15213642 0.3145439 0.49448469 0.43293256 0.049432117 -0.0073757591 0.0051081786 0.063962519 0.27438569 0.40258291 0.39906675 0.55410784 0.08915332 -0.020782683 -0.0070308046 2.299072e-18 0.015912412 0.13061449 0.41538981 0.45624131 0.2499807 0.62796229 0.13496833 -0.042439219 -0.021901557 -0.0031288913 -0.00065710832 7.7857035e-18 0.035845079 0.22314899 0.55760562 0.46550694 0.06826514 0.64071536 0.18117705 -0.072505504 -0.049336515 -0.01059585 -0.00090443197
0.28209481 -0.098587334 0.25159019 0.40708148 -0.18366727 -0.11351261 -0.064522386 0.46871012 0.35695413 -0.24307893 -0.25021815 -0.030036261 -0.32172498 0.1240241 0.48629457 0.28119794 -0.27498764 -0.37549707 -0.13615313 0.0795229 -0.26380086 -0.32836163 0.26461121 0.43438157 0.19647071 -0.28186733 -0.46962097 -0.27940208 0.08488784 0.11293218 0.052333102 -0.46631339 -0.16497803 0.32321718 0.33553061 0.11348648 -0.26826191 -0.5233044 -0.42490205 0.016308371 0.22496103 0.038397767 0.31791466 -0.15854998 -0.43720782 -0.018865809 0.30358022 0.21069479 0.039216787
0.28209481 0.098587334 0.25159019 0.40708148 0.18366727 0.11351261 -0.064522386 0.46871012 0.35695413 0.24307893 0.25021815 0.030036261 -0.32172498 0.1240241 0.48629457 0.28119794 0.27498764 0.37549707 0.13615313 -0.0795229 -0.26380086 -0.32836163 0.26461121 0.43438157 0.19647071 0.28186733 0.46962097 0.27940208 -0.08488784 -0.11293218 0.052333102 -0.46631339 -0.16497803 0.32321718 0.33553061 0.11348648 0.26826191 0.5233044 0.42490205 -0.016308371 -0.22496103 -0.038397767 0.31791466 -0.15854998 -0.43720782 -0.018865809 0.30358022 0.21069479 0.039216787
0.28209481 0.31903532 0.35525104 -0.10366086 -0.15135016 0.51868469 0.18479343 -0.16853088 -0.20831563 -0.11223622 -0.29114649 0.49037927 -0.09681078 -0.15933388 -0.40072876 0.15447991 0.13224331 -0.2448127 -0.35395947 0.22249034 -0.32561818 -0.072291493 -0.48718342 0.33695579 0.042968452 9.8093741e-17 0.31889644 -0.34970155 -0.28288791 -0.15743016 -0.37403777 0.051152159 -0.3893618 0.48132288 0.10361574 -0.10012452 -0.068046309 2.5715362e-16 0.51336873 -0.35864779 -0.090179011 -0.45279542 -0.21589541 0.14712216 -0.12412076 0.49363634 0.16680361 -0.26247734 0.022109587
0.28209481 0.28209481 0.38827017 0.091658153 0.11833017 0.50125462 0.28209478 0.1628675 -0.16286752 -0.077589318 0.24878423 0.56927937 0.046670027 0.1849701 -0.34242213 -0.10679254 -0.080834903 -0.1849701 0.35050493 0.43597671 -0.21026106 0.14165743 -0.48242867 -0.2545895 0.026264852 -4.6390694e-17 -0.21304609 -0.30129266 0.36900663 0.13947135 -0.37929791 0.04531699 -0.50789404 -0.41469377 0.069222875 0.054115538 0.032519393 -1.329171e-16 -0.38752303 -0.37987027 0.27862185 -0.20987023 -0.39013949 -0.06819097 -0.38349006 -0.52284658 0.12591386 0.15505007 0.010566191
0.28209481 0.15951766 0.4589119 -0.05183043 -0.037837539 0.33501744 0.51928568 -0.10885376 -0.052078906 -0.014029527 -0.094025478 0.50894272 0.49448469 -0.16536552 -0.12941496 0.019309988 0.0082652066 -0.039531011 -0.16957968 0.65139282 0.39906675 -0.21165037 -0.23340641 0.054409768 0.0026855282 3.0654294e-18 0.025746824 -0.080724195 -0.25672501 0.73821396 0.2499807 -0.23986025 -0.35335165 0.11110732 0.0083656507 -0.0031288913 -0.0010632236 1.0380938e-17 0.057998553 -0.13791366 -0.34461921 0.75320607 0.06826514 -0.24473149 -0.47432765 0.18982187 0.018844873 -0.01059585 0.00034546229
0.28209481 0.35669234 0.25159019 0.21955723 0.35840231 0.41069248 -0.064522386 0.25279629 -0.18082504 0.031370975 0.48826751 0.10867222 -0.32172498 0.066891737 -0.24634604 -0.37037212 -0.27183059 0.048460431 0.26568475 -0.28771654 -0.26380086 -0.17710009 -0.13404617 -0.57213372 -0.20081599 -0.28186733 -0.46422943 0.036058724 -0.16564736 -0.40859243 0.052333102 -0.25150365 0.083574213 -0.42571661 -0.34295142 0.11348648 -0.045600109 -0.5233044 -0.42002392 -0.0021047054 -0.43898159 -0.13892443 0.31791466 -0.085513085 0.22147977 0.02484858 -0.31029442 0.21069479 0.2672509
0.28209481 0.41762266 0.25159019 0.032032967 0.061222427 0.48084715 -0.064522386 0.036882482 -0.39673889 -0.36193898 0.083406046 0.12723565 -0.32172498 0.009759373 -0.5404951 -0.084615707 -0.1018789 -0.55910659 0.045384374 -0.33686441 -0.26380086 -0.025838556 -0.29410377 -0.13071044 0.32224157 0.28186733 -0.17398772 -0.41602331 -0.028295947 -0.47838837 0.052333102 -0.036693886 0.18336585 -0.097259782 0.55032074 0.11348648 0.12019487 0.5233044 -0.15741999 0.024282794 -0.074987009 -0.16265555 0.31791466 -0.012476191 0.48593733 0.0056769396 0.49791732 0.21069479 -0.24301359
0.28209481 0.17434417 0.38827017 -0.23996417 -0.19146223 0.3097924 0.28209478 -0.42639267 0.062209852 0.12554216 -0.40254134 0.35183403 0.046670027 -0.48425797 0.13079362 0.04079112 -0.049958717 0.29928792 -0.5671289 0.26944843 -0.21026106 -0.37086394 0.18427135 0.097244538 -0.068762273 -5.9645175e-17 -0.13166973 0.48750177 -0.59706527 0.086198039 -0.37929791 -0.11864142 0.19399826 0.15839893 -0.18122783 0.054115538 0.02009809 -1.7089342e-16 -0.2395024 0.61464298 -0.45081961 -0.12970693 -0.39013949 0.17852628 0.14648017 0.19970961 -0.32964677 0.15505007 -0.027662646
0.28209481 0.31903532 0.25159019 -0.27138767 -0.39623988 0.36733454 -0.064522386 -0.31247342 -0.064373069 0.19231962 -0.53981531 0.097199388 -0.32172498 -0.082682736 -0.087698311 0.31807673 0.10698707 0.29708645 -0.29373384 -0.2573415 -0.26380086 0.21890776 -0.047719955 0.49135023 -0.32058182 -0.28186733 0.18271141 0.22105782 0.18313521 -0.36545619 0.052333102 0.31087559 0.02975212 0.36560676 -0.54748625 0.11348648 0.24007949 -0.5233044 0.16531299 -0.012902887 0.48532611 -0.12425779 0.31791466 0.10569999 0.078846008 -0.021340039 -0.49535272 0.21069479 0.12595335
0.28209481 0.15951766 0.25159019 -0.38728401 -0.28272724 0.18366727 -0.064522386 -0.44591549 0.28498286 0.34255067 -0.38517195 0.048599694 -0.32172498 -0.11799248 0.3882449 -0.14428686 -0.33795226 0.52915639 -0.20958659 -0.12867075 -0.26380086 0.31239253 0.21125868 -0.22288765 0.0026855282 0.28186733 -0.5771513 0.39373779 0.13067165 -0.1827281 0.052333102 0.44363534 -0.13171415 -0.16584755 0.0045863171 0.11348648 -0.1939774 0.5233044 -0.52219296 -0.022982014 0.34629256 -0.062128894 0.31791466 0.15083927 -0.34905529 0.009680327 0.004149592 0.21069479 -0.18940744
0.28209481 -0.31903532 -0.35525104 0.10366086 -0.15135016 0.51868469 0.18479343 -0.16853088 -0.20831563 0.11223622 0.29114649 -0.49037927 0.09681078 0.15933388 0.40072876 -0.15447991 0.13224331 -0.2448127 -0.35395947 0.22249034 -0.32561818 -0.072291493 -0.48718342 0.33695579 0.042968452 -3.6785152e-17 -0.31889644 0.34970155 0.28288791 0.15743016 0.37403777 -0.051152159 0.3893618 -0.48132288 -0.10361574 0.10012452 -0.068046309 9.6432603e-17 0.51336873 -0.35864779 -0.090179011 -0.45279542 -0.21589541 0.14712216 -0.12412076 0.49363634 0.16680361 -0.26247734 0.022109587
0.28209481 -0.19717467 -0.35525104 -0.27138767 0.24488971 0.32056478 0.18479343 0.44121957 0.079569489 -0.18160202 -0.47108492 -0.30307105 0.09681078 -0.41714153 -0.15306477 0.059006073 0.081730857 0.39611527 0.57271844 0.13750659 -0.32561818 0.18926159 0.1860875 -0.12870565 -0.11249287 -1.2261718e-17 -0.19708885 -0.56582898 -0.45772225 0.097297192 0.37403777 0.13391809 -0.14872298 0.18384898 0.27126953 0.10012452 -0.042054933 3.2144202e-17 0.31727934 0.58030432 0.14591271 -0.27984297 -0.21589541 -0.38517079 0.047409911 -0.18855231 -0.43669754 -0.26247734 -0.057883646
0.28209481 -0.15951766 -0.4589119 0.05183043 -0.037837539 0.33501744 0.51928568 -0.10885376 -0.052078906 0.014029527 0.094025478 -0.50894272 -0.49448469 0.16536552 0.12941496 -0.019309988 0.0082652066 -0.039531011 -0.16957968 0.65139282 0.39906675 -0.21165037 -0.23340641 0.054409768 0.0026855282 -1.149536e-18 -0.025746824 0.080724195 0.25672501 -0.73821396 -0.2499807 0.23986025 0.35335165 -0.11110732 -0.0083656507 0.0031288913 -0.0010632236 3.8928518e-18 0.057998553 -0.13791366 -0.34461921 0.75320607 0.06826514 -0.24473149 -0.47432765 0.18982187 0.018844873 -0.01059585 0.00034546229
0.28209481 -0.28209481 -0.38827017 -0.091658153 0.11833017 0.50125462 0.28209478 0.1628675 -0.16286752 0.077589318 -0.24878423 -0.56927937 -0.046670027 -0.1849701 0.34242213 0.10679254 -0.080834903 -0.1849701 0.35050493 0.43597671 -0.21026106 0.14165743 -0.48242867 -0.2545895 0.026264852 1.3254484e-17 0.21304609 0.30129266 -0.36900663 -0.13947135 0.37929791 -0.04531699 0.50789404 0.41469377 -0.069222875 -0.054115538 0.032519393 -3.7976315e-17 -0.38752303 -0.37987027 0.27862185 -0.20987023 -0.39013949 -0.06819097 -0.38349006 -0.52284658 0.12591386 0.15505007 0.010566191
0.28209481 -0.098587334 -0.4589119 -0.13569383 0.061222427 0.20705216 0.51928568 0.28498286 0.019892372 -0.022700252 -0.15213642 -0.3145439 -0.49448469 -0.43293256 -0.049432117 0.0073757591 0.0051081786 0.063962519 0.27438569 0.40258291 0.39906675 0.55410784 0.08915332 -0.020782683 -0.0070308046 -3.8317868e-19 -0.015912412 -0.13061449 -0.41538981 -0.45624131 -0.2499807 -0.62796229 -0.13496833 0.042439219 0.021901557 0.0031288913 -0.00065710832 1.2976173e-18 0.035845079 0.22314899 0.55760562 0.46550694 0.06826514 0.64071536 0.18117705 -0.072505504 -0.049336515 -0.01059585 -0.00090443197
0.28209481 -0.41762266 -0.25159019 -0.032032967 0.061222427 0.48084715 -0.064522386 0.036882482 -0.39673889 0.36193898 -0.083406046 -0.12723565 0.32172498 -0.009759373 0.5404951 0.084615707 -0.1018789 -0.55910659 0.045384374 -0.33686441 -0.26380086 -0.025838556 -0.29410377 -0.13071044 0.32224157 -0.28186733 0.17398772 0.41602331 0.028295947 0.47838837 -0.052333102 0.036693886 -0.18336585 0.097259782 -0.55032074 -0.11348648 0.12019487 0.5233044 -0.15741999 0.024282794 -0.074987009 -0.16265555 0.31791466 -0.012476191 0.48593733 0.0056769396 0.49791732 0.21069479 -0.24301359
0.28209481 -0.35669234 -0.25159019 -0.21955723 0.35840231 0.41069248 -0.064522386 0.25279629 -0.18082504 -0.031370975 -0.48826751 -0.10867222 0.32172498 -0.066891737 0.24634604 0.37037212 -0.27183059 0.048460431 0.26568475 -0.28771654 -0.26380086 -0.17710009 -0.13404617 -0.57213372 -0.20081599 0.28186733 0.46422943 -0.036058724 0.16564736 0.40859243 -0.052333102 0.25150365 -0.083574213 0.42571661 0.34295142 -0.11348648 -0.045600109 -0.5233044 -0.42002392 -0.0021047054 -0.43898159 -0.13892443 0.31791466 -0.085513085 0.22147977 0.02484858 -0.31029442 0.21069479 0.2672509
0.28209481 -4.1081217e-17 -0.35525104 0.3354536 -6.306742e-17 6.6789468e-17 0.18479343 -0.54537737 0.25749227 -7.0153036e-17 1.2132037e-16 -6.3144658e-17 0.09681078 0.51561528 -0.49532801 0.19094767 -6.8114287e-17 1.530197e-16 -1.4749446e-16 2.864941e-17 -0.32561818 -0.2339402 0.60219181 -0.41650024 0.13904883 -6.1308589e-17 1.6425333e-16 -2.1858028e-16 1.1787902e-16 2.0271806e-17 0.37403777 -0.16553186 -0.48127764 0.59494781 -0.33530757 0.10012452 -5.2572708e-17 1.6072101e-16 -2.6441978e-16 2.2417211e-16 -3.7577479e-17 -5.8305103e-17 -0.21589541 0.47609729 0.15342169 -0.61016804 0.53978783 -0.26247734 0.071548127
0.28209481 -2.0540609e-17 -0.4589119 0.1677268 -1.5766855e-17 4.3139186e-17 0.51928568 -0.35225818 0.064373069 -8.7691294e-18 3.9180296e-17 -6.5535019e-17 -0.49448469 0.53513408 -0.15996569 0.023868458 -4.2571429e-18 2.4708783e-17 -7.0663638e-17 8.3877894e-17 0.39906675 -0.68491495 0.28850618 -0.067254171 0.0086905519 -1.9158934e-18 1.3261364e-17 -5.0456499e-17 1.0697699e-16 -9.5057584e-17 -0.2499807 0.77620411 -0.43676668 0.13733619 -0.027071813 0.0031288913 -8.2144856e-19 6.4880867e-18 -2.9873194e-17 8.6202669e-17 -1.4360239e-16 9.6988072e-17 0.06826514 -0.79196769 0.58630121 -0.23463273 0.060983289 -0.01059585 0.0011179395
0.28209481 -0.17434417 -0.38827017 0.23996417 -0.19146223 0.3097924 0.28209478 -0.42639267 0.062209852 -0.12554216 0.40254134 -0.35183403 -0.046670027 0.48425797 -0.13079362 -0.04079112 -0.049958717 0.29928792 -0.5671289 0.26944843 -0.21026106 -0.37086394 0.18427135 0.097244538 -0.068762273 2.6508968e-17 0.13166973 -0.48750177 0.59706527 -0.086198039 0.37929791 0.11864142 -0.19399826 -0.15839893 0.18122783 -0.054115538 0.02009809 -7.595263e-17 -0.2395024 0.61464298 -0.45081961 -0.12970693 -0.39013949 0.17852628 0.14648017 0.19970961 -0.32964677 0.15505007 -0.027662646
0.28209481 -0.15951766 -0.25159019 0.38728401 -0.28272724 0.18366727 -0.064522386 -0.44591549 0.28498286 -0.34255067 0.38517195 -0.048599694 0.32172498 0.11799248 -0.3882449 0.14428686 -0.33795226 0.52915639 -0.20958659 -0.12867075 -0.26380086 0.31239253 0.21125868 -0.22288765 0.0026855282 -0.28186733 0.5771513 -0.39373779 -0.13067165 0.1827281 -0.052333102 -0.44363534 0.13171415 0.16584755 -0.0045863171 -0.11348648 -0.1939774 0.5233044 -0.52219296 -0.022982014 0.34629256 -0.062128894 0.31791466 0.15083927 -0.34905529 0.009680327 0.004149592 0.21069479 -0.18940744
0.28209481 -0.31903532 -0.25159019 0.27138767 -0.39623988 0.36733454 -0.064522386 -0.31247342 -0.064373069 -0.19231962 0.53981531 -0.097199388 0.32172498 0.082682736 0.087698311 -0.31807673 0.10698707 0.29708645 -0.29373384 -0.2573415 -0.26380086 0.21890776 -0.047719955 0.49135023 -0.32058182 0.28186733 -0.18271141 -0.22105782 -0.18313521 0.36545619 -0.052333102 -0.31087559 -0.02975212 -0.36560676 0.54748625 -0.11348648 0.24007949 -0.5233044 0.16531299 -0.012902887 0.48532611 -0.12425779 0.31791466 0.10569999 0.078846008 -0.021340039 -0.49535272 0.21069479 0.12595335
0.28209481 0.31903532 -0.35525104 0.10366086 0.15135016 -0.51868469 0.18479343 -0.16853088 -0.20831563 -0.11223622 -0.29114649 0.49037927 0.09681078 0.15933388 0.40072876 -0.15447991 -0.13224331 0.2448127 0.35395947 -0.22249034 -0.32561818 -0.072291493 -0.48718342 0.33695579 0.042968452 -8.5832019e-17 0.31889644 -0.34970155 -0.28288791 -0.15743016 0.37403777 -0.051152159 0.3893618 -0.48132288 -0.10361574 0.10012452 0.068046309 2.2500941e-16 -0.51336873 0.35864779 0.090179011 0.45279542 -0.21589541 0.14712216 -0.12412076 0.49363634 0.16680361 -0.26247734 0.022109587
0.28209481 0.15951766 -0.4589119 0.05183043 0.037837539 -0.33501744 0.51928568 -0.10885376 -0.052078906 -0.014029527 -0.094025478 0.50894272 -0.49448469 0.16536552 0.12941496 -0.019309988 -0.0082652066 0.039531011 0.16957968 -0.65139282 0.39906675 -0.21165037 -0.23340641 0.054409768 0.0026855282 -2.6822506e-18 0.025746824 -0.080724195 -0.25672501 0.73821396 -0.2499807 0.23986025 0.35335165 -0.11110732 -0.0083656507 0.0031288913 0.0010632236 9.0833208e-18 -0.057998553 0.13791366 0.34461921 -0.75320607 0.06826514 -0.24473149 -0.47432765 0.18982187 0.018844873 -0.01059585 0.00034546229
0.28209481 0.17434417 -0.38827017 0.23996417 0.19146223 -0.3097924 0.28209478 -0.42639267 0.062209852 0.12554216 -0.40254134 0.35183403 -0.046670027 0.48425797 -0.13079362 -0.04079112 0.049958717 -0.29928792 0.5671289 -0.26944843 -0.21026106 -0.37086394 0.18427135 0.097244538 -0.068762273 2.3202046e-16 -0.13166973 0.48750177 -0.59706527 0.086198039 0.37929791 0.11864142 -0.19399826 -0.15839893 0.18122783 -0.054115538 -0.02009809 -6.6477745e-16 0.2395024 -0.61464298 0.45081961 0.12970693 -0.39013949 0.17852628 0.14648017 0.19970961 -0.32964677 0.15505007 -0.027662646
0.28209481 0.31903532 -0.25159019 0.27138767 0.39623988 -0.36733454 -0.064522386 -0.31247342 -0.064373069 0.19231962 -0.53981531 0.097199388 0.32172498 0.082682736 0.087698311 -0.31807673 -0.10698707 -0.29708645 0.29373384 0.2573415 -0.26380086 0.21890776 -0.047719955 0.49135023 -0.32058182 -0.28186733 0.18271141 0.22105782 0.18313521 -0.36545619 -0.052333102 -0.31087559 -0.02975212 -0.36560676 0.54748625 -0.11348648 -0.24007949 0.5233044 -0.16531299 0.012902887 -0.48532611 0.12425779 0.31791466 0.10569999 0.078846008 -0.021340039 -0.49535272 0.21069479 0.12595335
0.28209481 0.15951766 -0.25159019 0.38728401 0.28272724 -0.18366727 -0.064522386 -0.44591549 0.28498286 0.34255067 -0.38517195 0.048599694 0.32172498 0.11799248 -0.3882449 0.14428686 0.33795226 -0.52915639 0.20958659 0.12867075 -0.26380086 0.31239253 0.21125868 -0.22288765 0.0026855282 0.28186733 -0.5771513 0.39373779 0.13067165 -0.1827281 -0.052333102 -0.44363534 0.13171415 0.16584755 -0.0045863171 -0.11348648 0.1939774 -0.5233044 0.52219296 0.022982014 -0.34629256 0.062128894 0.31791466 0.15083927 -0.34905529 0.009680327 0.004149592 0.21069479 -0.18940744
0.28209481 0.19717467 -0.35525104 -0.27138767 -0.24488971 -0.32056478 0.18479343 0.44121957 0.079569489 0.18160202 0.47108492 0.30307105 0.09681078 -0.41714153 -0.15306477 0.059006073 -0.081730857 -0.39611527 -0.57271844 -0.13750659 -0.32561818 0.18926159 0.1860875 -0.12870565 -0.11249287 -1.1035546e-16 0.19708885 0.56582898 0.45772225 -0.097297192 0.37403777 0.13391809 -0.14872298 0.18384898 0.27126953 0.10012452 0.042054933 2.892978e-16 -0.31727934 -0.58030432 -0.14591271 0.27984297 -0.21589541 -0.38517079 0.047409911 -0.18855231 -0.43669754 -0.26247734 -0.057883646
0.28209481 0.098587334 -0.4589119 -0.13569383 -0.061222427 -0.20705216 0.51928568 0.28498286 0.019892372 0.022700252 0.15213642 0.3145439 -0.49448469 -0.43293256 -0.049432117 0.0073757591 -0.0051081786 -0.063962519 -0.27438569 -0.40258291 0.39906675 0.55410784 0.08915332 -0.020782683 -0.0070308046 -3.448608e-18 0.015912412 0.13061449 0.41538981 0.45624131 -0.2499807 -0.62796229 -0.13496833 0.042439219 0.021901557 0.0031288913 0.00065710832 1.1678555e-17 -0.035845079 -0.22314899 -0.55760562 -0.46550694 0.06826514 0.64071536 0.18117705 -0.072505504 -0.049336515 -0.01059585 -0.00090443197
0.28209481 0.28209481 -0.38827017 -0.091658153 -0.11833017 -0.50125462 0.28209478 0.1628675 -0.16286752 -0.077589318 0.24878423 0.56927937 -0.046670027 -0.1849701 0.34242213 0.10679254 0.080834903 0.1849701 -0.35050493 -0.43597671 -0.21026106 0.14165743 -0.48242867 -0.2545895 0.026264852 5.3017936e-17 -0.21304609 -0.30129266 0.36900663 0.13947135 0.37929791 -0.04531699 0.50789404 0.41469377 -0.069222875 -0.054115538 -0.032519393 -1.5190526e-16 0.38752303 0.37987027 -0.27862185 0.20987023 -0.39013949 -0.06819097 -0.38349006 -0.52284658 0.12591386 0.15505007 0.010566191
0.28209481 0.35669234 -0.25159019 -0.21955723 -0.35840231 -0.41069248 -0.064522386 0.25279629 -0.18082504 0.031370975 0.48826751 0.10867222 0.32172498 -0.066891737 0.24634604 0.37037212 0.27183059 -0.048460431 -0.26568475 0.28771654 -0.26380086 -0.17710009 -0.13404617 -0.57213372 -0.20081599 -0.28186733 -0.46422943 0.036058724 -0.16564736 -0.40859243 -0.052333102 0.25150365 -0.083574213 0.42571661 0.34295142 -0.11348648 0.045600109 0.5233044 0.42002392 0.0021047054 0.43898159 0.13892443 0.31791466 -0.085513085 0.22147977 0.02484858 -0.31029442 0.21069479 0.2672509
0.28209481 0.41762266 -0.25159019 -0.032032967 -0.061222427 -0.48084715 -0.064522386 0.036882482 -0.39673889 -0.36193898 0.083406046 0.12723565 0.32172498 -0.009759373 0.5404951 0.084615707 0.1018789 0.55910659 -0.045384374 0.33686441 -0.26380086 -0.025838556 -0.29410377 -0.13071044 0.32224157 0.28186733 -0.17398772 -0.41602331 -0.028295947 -0.47838837 -0.052333102 0.036693886 -0.18336585 0.097259782 -0.55032074 -0.11348648 -0.12019487 -0.5233044 0.15741999 -0.024282794 0.074987009 0.16265555 0.31791466 -0.012476191 0.48593733 0.0056769396 0.49791732 0.21069479 -0.24301359
0.28209481 7.264899e-17 -0.38827017 -0.29661202 -9.8616062e-17 -1.290901e-16 0.28209478 0.52705032 0.20131531 9.6994113e-17 2.0733614e-16 1.4660878e-16 -0.046670027 -0.59857577 -0.42325702 -0.13200283 -8.3270929e-17 -2.3123041e-16 -2.9210993e-16 -1.1227882e-16 -0.21026106 0.45841306 0.59631461 0.31468993 0.084994845 6.627242e-17 2.1946642e-16 3.7664479e-16 3.0752918e-16 3.5918611e-17 0.37929791 -0.14664885 -0.62779158 -0.51258969 -0.22400992 -0.054115538 -5.0249088e-17 -1.8988157e-16 -3.9920136e-16 -4.7487436e-16 -2.3220273e-16 5.4048716e-17 -0.39013949 -0.22067063 0.4740198 0.64627391 0.40746582 0.15505007 0.034192912
0.28209481 -0.098587334 -0.25159019 -0.40708148 0.18366727 0.11351261 -0.064522386 0.46871012 0.35695413 -0.24307893 -0.25021815 -0.030036261 0.32172498 -0.1240241 -0.48629457 -0.28119794 0.27498764 0.37549707 0.13615313 -0.0795229 -0.26380086 -0.32836163 0.26461121 0.43438157 0.19647071 -0.28186733 -0.46962097 -0.27940208 0.08488784 0.11293218 -0.052333102 0.46631339 0.16497803 -0.32321718 -0.33553061 -0.11348648 0.26826191 0.5233044 0.42490205 -0.016308371 -0.22496103 -0.038397767 0.31791466 -0.15854998 -0.43720782 -0.018865809 0.30358022 0.21069479 0.039216787
0.28209481 0.098587334 -0.25159019 -0.40708148 -0.18366727 -0.11351261 -0.064522386 0.46871012 0.35695413 0.24307893 0.25021815 0.030036261 0.32172498 -0.1240241 -0.48629457 -0.28119794 -0.27498764 -0.37549707 -0.13615313 0.0795229 -0.26380086 -0.32836163 0.26461121 0.43438157 0.19647071 0.28186733 0.46962097 0.27940208 -0.08488784 -0.11293218 -0.052333102 0.46631339 0.16497803 -0.32321718 -0.33553061 -0.11348648 -0.26826191 -0.5233044 -0.42490205 0.016308371 0.22496103 0.038397767 0.31791466 -0.15854998 -0.43720782 -0.018865809 0.30358022 0.21069479 0.039216787
0.28209481 -0.19717467 -0.083863392 -0.43911445 0.39623985 0.075675078 -0.28751722 0.16853087 0.35225818 -0.5381822 -0.17993842 0.15727195 0.18272033 0.3502498 -0.15996568 -0.16923141 0.58544779 0.27711964 -0.27238849 -0.12946746 0.22707659 -0.28832829 -0.24215402 0.087140284 -0.069040105 -0.52261072 -0.33327386 0.3279216 0.27202201 -0.11072892 -0.26080146 -0.24659693 0.2418282 0.10311496 0.039301988 0.31286368 0.35744551 0.32341987 -0.31904551 -0.38591766 0.16650096 0.16726544 -0.13821059 0.37250564 0.14801975 -0.12135182 0.037624083 -0.19361702 -0.51216674
0.28209481 -0.098587334 0.083863392 -0.47114742 0.21257257 -0.037837539 -0.28751722 -0.18082502 0.48570025 -0.32725608 0.096532375 0.078635976 -0.18272033 0.37580016 0.22056372 -0.4595463 0.43305647 -0.16851 -0.14612947 0.064733729 0.22707659 0.30936155 -0.33388656 -0.23662861 0.3999722 -0.52261072 0.24652308 0.1994015 -0.14593287 -0.05536446 0.26080146 -0.26458594 -0.33343732 0.28000769 0.22768943 -0.31286368 0.59022355 -0.32341987 -0.23599838 0.23466755 0.089323521 -0.083632722 -0.13821059 -0.39967954 0.20409244 0.32952973 -0.21796878 -0.19361702 0.20425041
0.28209481 -0.28209481 0.091658153 -0.38827017 0.50125462 -0.11833017 -0.28209481 -0.1628675 0.1628675 -0.5318051 0.24878421 0.21744539 -0.19769749 0.29928792 0.080834888 0.17279394 0.3424221 -0.29928789 -0.32716474 0.19953632 0.21026105 0.27463818 -0.10630227 0.097244531 -0.47130361 -7.3497234e-17 0.21304607 0.30129266 -0.36900663 -0.13947141 0.27675289 -0.19196592 -0.11989752 -0.09789592 -0.29323277 0.60015047 -0.36064553 -4.9711636e-17 -0.16920294 0.4069705 0.1721978 -0.25146914 -0.10711293 -0.34611756 0.055950459 -0.13223273 0.23288786 0.40592632 -0.49638599
0.28209481 -0.35669234 -0.083863392 -0.32321808 0.52761692 0.13689749 -0.28751722 0.12405018 -0.052078906 -0.3359268 -0.23959871 0.28450763 0.18272033 0.25780767 0.023649806 0.45324665 -0.11525228 0.17297472 -0.36270148 -0.23420884 0.22707659 -0.21222921 0.035800777 -0.2333848 -0.57812852 0.52261072 0.065608874 0.20468469 0.36221346 -0.2003105 -0.26080146 -0.1815121 -0.035752606 -0.27616924 0.32910725 0.31286368 -0.59755629 -0.32341987 0.062807858 -0.24088512 0.22170593 0.30258605 -0.13821059 0.27418947 -0.021883683 0.32501239 0.3150568 -0.19361702 0.18168266
0.28209481 -0.41762266 0.083863392 -0.23935468 0.45746228 -0.16028237 -0.28751722 -0.09186364 -0.26799273 0.0053588026 0.20774044 0.33310735 -0.18272033 0.1909159 -0.12169949 0.56413704 -0.51421797 0.0027593432 -0.31447482 0.2742165 0.22707659 0.15716341 0.18422714 0.29048428 -0.28826296 0.52261072 -0.29272535 -0.0032651899 -0.31405172 -0.23452762 0.26080146 -0.13441628 0.18397927 -0.34373626 -0.16409749 -0.31286368 0.011864568 0.32341987 0.28022814 -0.0038426698 0.19222677 -0.35427392 -0.13821059 -0.20304722 -0.1126112 -0.40452927 0.15709174 -0.19361702 0.62445283
0.28209481 -0.47855297 -0.083863392 0.05183043 -0.11351262 0.18366726 -0.28751722 -0.01989237 -0.51788682 0.53487027 0.051547769 0.38170704 0.18272033 -0.041341379 0.23518011 -0.17942446 0.24657436 -0.27541426 0.078032359 -0.31422412 0.22707659 0.034032539 0.35601264 0.092388868 0.5354594 -0.52261072 -0.1403657 -0.32590359 -0.077927366 -0.26874474 -0.26080146 0.02910682 -0.35553363 0.10932572 -0.30481729 0.31286368 -0.37664279 0.32341987 -0.13437311 0.38354275 -0.047698278 0.40596175 -0.13821059 -0.043968324 -0.2176173 -0.12866102 -0.29180384 -0.19361702 -0.49821913
0.28209481 -0.47855297 0.083863392 -0.05183043 0.11351262 -0.18366726 -0.28751722 -0.01989237 -0.51788682 0.53487027 0.051547769 0.38170704 -0.18272033 0.041341379 -0.23518011 0.17942446 -0.24657436 0.27541426 -0.078032359 0.31422412 0.22707659 0.034032539 0.35601264 0.092388868 0.5354594 -0.52261072 -0.1403657 -0.32590359 -0.077927366 -0.26874474 0.26080146 -0.02910682 0.35553363 -0.10932572 0.30481729 -0.31286368 0.37664279 -0.32341987 0.13437311 -0.38354275 0.047698278 -0.40596175 -0.13821059 -0.043968324 -0.2176173 -0.12866102 -0.29180384 -0.19361702 -0.49821913
0.28209481 -0.45643896 0.091658153 0.14830601 -0.3097924 -0.19146222 -0.28209481 0.062209848 -0.42639267 0.32867363 -0.1537571 0.35183403 -0.19769749 -0.1143178 -0.2116285 -0.45238042 0.55405062 0.18497008 0.20219894 0.32285655 0.21026105 -0.10490245 0.27830297 -0.25458947 0.18002196 8.4558966e-16 0.34471577 -0.18620911 0.22805864 -0.22566949 0.27675289 0.073324457 0.31389579 0.25629485 0.11200495 0.60015047 -0.58353674 5.7193507e-16 -0.27377611 -0.25152162 -0.1064241 -0.40688559 -0.10711293 0.13220514 -0.1464802 0.3461898 -0.088955253 0.40592632 0.18960258
0.28209481 -0.41762266 -0.083863392 0.23935468 -0.45746228 0.16028237 -0.28751722 -0.09186364 -0.26799273 0.0053588026 0.20774044 0.33310735 0.18272033 -0.1909159 0.12169949 -0.56413704 0.51421797 -0.0027593432 0.31447482 -0.2742165 0.22707659 0.15716341 0.18422714 0.29048428 -0.28826296 0.52261072 -0.29272535 -0.0032651899 -0.31405172 -0.23452762 -0.26080146 0.13441628 -0.18397927 0.34373626 0.16409749 0.31286368 -0.011864568 -0.32341987 -0.28022814 0.0038426698 -0.19222677 0.35427392 -0.13821059 -0.20304722 -0.1126112 -0.40452927 0.15709174 -0.19361702 0.62445283
0.28209481 -0.35669234 0.083863392 0.32321808 -0.52761692 -0.13689749 -0.28751722 0.12405018 -0.052078906 -0.3359268 -0.23959871 0.28450763 -0.18272033 -0.25780767 -0.023649806 -0.45324665 0.11525228 -0.17297472 0.36270148 0.23420884 0.22707659 -0.21222921 0.035800777 -0.2333848 -0.57812852 0.52261072 0.065608874 0.20468469 0.36221346 -0.2003105 0.26080146 0.1815121 0.035752606 0.27616924 -0.32910725 -0.31286368 0.59755629 0.32341987 -0.062807858 0.24088512 -0.22170593 -0.30258605 -0.13821059 0.27418947 -0.021883683 0.32501239 0.3150568 -0.19361702 0.18168266
0.28209481 -0.098587334 -0.083863392 0.47114742 -0.21257257 0.037837539 -0.28751722 -0.18082502 0.48570025 -0.32725608 0.096532375 0.078635976 0.18272033 -0.37580016 -0.22056372 0.4595463 -0.43305647 0.16851 0.14612947 -0.064733729 0.22707659 0.30936155 -0.33388656 -0.23662861 0.3999722 -0.52261072 0.24652308 0.1994015 -0.14593287 -0.05536446 -0.26080146 0.26458594 0.33343732 -0.28000769 -0.22768943 0.31286368 -0.59022355 0.32341987 0.23599838 -0.23466755 -0.089323521 0.083632722 -0.13821059 -0.39967954 0.20409244 0.32952973 -0.21796878 -0.19361702 0.20425041
0.28209481 -0.19717467 0.083863392 0.43911445 -0.39623985 -0.075675078 -0.28751722 0.16853087 0.35225818 -0.5381822 -0.17993842 0.15727195 -0.18272033 -0.3502498 0.15996568 0.16923141 -0.58544779 -0.27711964 0.27238849 0.12946746 0.22707659 -0.28832829 -0.24215402 0.087140284 -0.069040105 -0.52261072 -0.33327386 0.3279216 0.27202201 -0.11072892 0.26080146 0.24659693 -0.2418282 -0.10311496 -0.039301988 -0.31286368 -0.35744551 -0.32341987 0.31904551 0.38591766 -0.16650096 -0.16726544 -0.13821059 0.37250564 0.14801975 -0.12135182 0.037624083 -0.19361702 -0.51216674
0.28209481 -5.8774266e-17 0.091658153 0.47992831 -1.290901e-16 -2.4654014e-17 -0.28209481 0.2013153 0.52705032 -2.0543682e-16 -6.4070386e-17 4.5304606e-17 -0.19769749 -0.36994019 0.2615872 0.55917299 -2.8537371e-16 -1.1561519e-16 8.4256035e-17 4.1573264e-17 0.21026105 -0.33947146 -0.34400138 0.3146899 0.58256328 -3.6748617e-16 -1.7755204e-16 1.1638965e-16 9.5031743e-17 -2.9058779e-17 0.27675289 0.23728293 -0.38799652 -0.31679785 0.36245564 0.60015047 -4.508416e-16 -2.4855819e-16 1.410133e-16 1.572131e-16 -4.4346784e-17 -5.2393431e-17 -0.10711293 0.42782483 0.18105949 -0.42791411 -0.28786525 0.40592632 0.61356682
0.28209481 0.098587334 -0.083863392 0.47114742 0.21257257 -0.037837539 -0.28751722 -0.18082502 0.48570025 0.32725608 -0.096532375 -0.078635976 0.18272033 -0.37580016 -0.22056372 0.4595463 0.43305647 -0.16851 -0.14612947 0.064733729 0.22707659 0.30936155 -0.33388656 -0.23662861 0.3999722 0.52261072 -0.24652308 -0.1994015 0.14593287 0.05536446 -0.26080146 0.26458594 0.33343732 -0.28000769 -0.22768943 0.31286368 0.59022355 -0.32341987 -0.23599838 0.23466755 0.089323521 -0.083632722 -0.13821059 -0.39967954 0.20409244 0.32952973 -0.21796878 -0.19361702 0.20425041
0.28209481 0.19717467 0.083863392 0.43911445 0.39623985 0.075675078 -0.28751722 0.16853087 0.35225818 0.5381822 0.17993842 -0.15727195 -0.18272033 -0.3502498 0.15996568 0.16923141 0.58544779 0.27711964 -0.27238849 -0.12946746 0.22707659 -0.28832829 -0.24215402 0.087140284 -0.069040105 0.52261072 0.33327386 -0.3279216 -0.27202201 0.11072892 0.26080146 0.24659693 -0.2418282 -0.10311496 -0.039301988 -0.31286368 0.35744551 0.32341987 -0.31904551 -0.38591766 0.16650096 0.16726544 -0.13821059 0.37250564 0.14801975 -0.12135182 0.037624083 -0.19361702 -0.51216674
0.28209481 0.41762266 -0.083863392 0.23935468 0.45746228 -0.16028237 -0.28751722 -0.09186364 -0.26799273 -0.0053588026 -0.20774044 -0.33310735 0.18272033 -0.1909159 0.12169949 -0.56413704 -0.51421797 0.0027593432 -0.31447482 0.2742165 0.22707659 0.15716341 0.18422714 0.29048428 -0.28826296 -0.52261072 0.29272535 0.0032651899 0.31405172 0.23452762 -0.26080146 0.13441628 -0.18397927 0.34373626 0.16409749 0.31286368 0.011864568 0.32341987 0.28022814 -0.0038426698 0.19222677 -0.35427392 -0.13821059 -0.20304722 -0.1126112 -0.40452927 0.15709174 -0.19361702 0.62445283
0.28209481 0.35669234 0.083863392 0.32321808 0.52761692 0.13689749 -0.28751722 0.12405018 -0.052078906 0.3359268 0.23959871 -0.28450763 -0.18272033 -0.25780767 -0.023649806 -0.45324665 -0.11525228 0.17297472 -0.36270148 -0.23420884 0.22707659 -0.21222921 0.035800777 -0.2333848 -0.57812852 -0.52261072 -0.065608874 -0.20468469 -0.36221346 0.2003105 0.26080146 0.1815121 0.035752606 0.27616924 -0.32910725 -0.31286368 -0.59755629 -0.32341987 0.062807858 -0.24088512 0.22170593 0.30258605 -0.13821059 0.27418947 -0.021883683 0.32501239 0.3150568 -0.19361702 0.18168266
0.28209481 0.45643896 0.091658153 0.14830601 0.3097924 0.19146222 -0.28209481 0.062209848 -0.42639267 -0.32867363 0.1537571 -0.35183403 -0.19769749 -0.1143178 -0.2116285 -0.45238042 -0.55405062 -0.18497008 -0.20219894 -0.32285655 0.21026105 -0.10490245 0.27830297 -0.25458947 0.18002196 -5.1448061e-16 -0.34471577 0.18620911 -0.22805864 0.22566949 0.27675289 0.073324457 0.31389579 0.25629485 0.11200495 0.60015047 0.58353674 -3.4798146e-16 0.27377611 0.25152162 0.1064241 0.40688559 -0.10711293 0.13220514 -0.1464802 0.3461898 -0.088955253 0.40592632 0.18960258
0.28209481 0.47855297 -0.083863392 0.05183043 0.11351262 -0.18366726 -0.28751722 -0.01989237 -0.51788682 -0.53487027 -0.051547769 -0.38170704 0.18272033 -0.041341379 0.23518011 -0.17942446 -0.24657436 0.27541426 -0.078032359 0.31422412 0.22707659 0.034032539 0.35601264 0.092388868 0.5354594 0.52261072 0.1403657 0.32590359 0.077927366 0.26874474 -0.26080146 0.02910682 -0.35553363 0.10932572 -0.30481729 0.31286368 0.37664279 -0.32341987 0.13437311 -0.38354275 0.047698278 -0.40596175 -0.13821059 -0.043968324 -0.2176173 -0.12866102 -0.29180384 -0.19361702 -0.49821913
0.28209481 0.47855297 0.083863392 -0.05183043 -0.11351262 0.18366726 -0.28751722 -0.01989237 -0.51788682 -0.53487027 -0.051547769 -0.38170704 -0.18272033 0.041341379 -0.23518011 0.17942446 0.24657436 -0.27541426 0.078032359 -0.31422412 0.22707659 0.034032539 0.35601264 0.092388868 0.5354594 0.52261072 0.1403657 0.32590359 0.077927366 0.26874474 0.26080146 -0.02910682 0.35553363 -0.10932572 0.30481729 -0.31286368 -0.37664279 0.32341987 -0.13437311 0.38354275 -0.047698278 0.40596175 -0.13821059 -0.043968324 -0.2176173 -0.12866102 -0.29180384 -0.19361702 -0.49821913
0.28209481 0.35669234 -0.083863392 -0.32321808 -0.52761692 -0.13689749 -0.28751722 0.12405018 -0.052078906 0.3359268 0.23959871 -0.28450763 0.18272033 0.25780767 0.023649806 0.45324665 0.11525228 -0.17297472 0.36270148 0.23420884 0.22707659 -0.21222921 0.035800777 -0.2333848 -0.57812852 -0.52261072 -0.065608874 -0.20468469 -0.36221346 0.2003105 -0.26080146 -0.1815121 -0.035752606 -0.27616924 0.32910725 0.31286368 0.59755629 0.32341987 -0.062807858 0.24088512 -0.22170593 -0.30258605 -0.13821059 0.27418947 -0.021883683 0.32501239 0.3150568 -0.19361702 0.18168266
0.28209481 0.41762266 0.083863392 -0.23935468 -0.45746228 0.16028237 -0.28751722 -0.09186364 -0.26799273 -0.0053588026 -0.20774044 -0.33310735 -0.18272033 0.1909159 -0.12169949 0.56413704 0.51421797 -0.0027593432 0.31447482 -0.2742165 0.22707659 0.15716341 0.18422714 0.29048428 -0.28826296 -0.52261072 0.29272535 0.0032651899 0.31405172 0.23452762 0.26080146 -0.13441628 0.18397927 -0.34373626 -0.16409749 -0.31286368 -0.011864568 -0.32341987 -0.28022814 0.0038426698 -0.19222677 0.35427392 -0.13821059 -0.20304722 -0.1126112 -0.40452927 0.15709174 -0.19361702 0.62445283
0.28209481 0.28209481 0.091658153 -0.38827017 -0.50125462 0.11833017 -0.28209481 -0.1628675 0.1628675 0.5318051 -0.24878421 -0.21744539 -0.19769749 0.29928792 0.080834888 0.17279394 -0.3424221 0.29928789 0.32716474 -0.19953632 0.21026105 0.27463818 -0.10630227 0.097244531 -0.47130361 -6.6147508e-16 -0.21304607 -0.30129266 0.36900663 0.13947141 0.27675289 -0.19196592 -0.11989752 -0.09789592 -0.29323277 0.60015047 0.36064553 -4.4740471e-16 0.16920294 -0.4069705 -0.1721978 0.25146914 -0.10711293 -0.34611756 0.055950459 -0.13223273 0.23288786 0.40592632 -0.49638599
0.28209481 0.19717467 -0.083863392 -0.43911445 -0.39623985 -0.075675078 -0.28751722 0.16853087 0.35225818 0.5381822 0.17993842 -0.15727195 0.18272033 0.3502498 -0.15996568 -0.16923141 -0.58544779 -0.27711964 0.27238849 0.12946746 0.22707659 -0.28832829 -0.24215402 0.087140284 -0.069040105 0.52261072 0.33327386 -0.3279216 -0.27202201 0.11072892 -0.26080146 -0.24659693 0.2418282 0.10311496 0.039301988 0.31286368 -0.35744551 -0.32341987 0.31904551 0.38591766 -0.16650096 -0.16726544 -0.13821059 0.37250564 0.14801975 -0.12135182 0.037624083 -0.19361702 -0.51216674
0.28209481 0.098587334 0.083863392 -0.47114742 -0.21257257 0.037837539 -0.28751722 -0.18082502 0.48570025 0.32725608 -0.096532375 -0.078635976 -0.18272033 0.37580016 0.22056372 -0.4595463 -0.43305647 0.16851 0.14612947 -0.064733729 0.22707659 0.30936155 -0.33388656 -0.23662861 0.3999722 0.52261072 -0.24652308 -0.1994015 0.14593287 0.05536446 0.26080146 -0.26458594 -0.33343732 0.28000769 0.22768943 -0.31286368 -0.59022355 0.32341987 0.23599838 -0.23466755 -0.089323521 0.083632722 -0.13821059 -0.39967954 0.20409244 0.32952973 -0.21796878 -0.19361702 0.20425041
0.28209481 -0.45643896 -0.091658153 -0.14830601 0.3097924 0.19146222 -0.28209481 0.062209848 -0.42639267 0.32867363 -0.1537571 0.35183403 0.19769749 0.1143178 0.2116285 0.45238042 -0.55405062 -0.18497008 -0.20219894 -0.32285655 0.21026105 -0.10490245 0.27830297 -0.25458947 0.18002196 1.4699447e-16 0.34471577 -0.18620911 0.22805864 -0.22566949 -0.27675289 -0.073324457 -0.31389579 -0.25629485 -0.11200495 -0.60015047 0.58353674 -9.9423272e-17 0.27377611 0.25152162 0.1064241 0.40688559 -0.10711293 0.13220514 -0.1464802 0.3461898 -0.088955253 0.40592632 0.18960258
0.28209481 -0.28209481 -0.091658153 0.38827017 -0.50125462 0.11833017 -0.28209481 -0.1628675 0.1628675 -0.5318051 0.24878421 0.21744539 0.19769749 -0.29928792 -0.080834888 -0.17279394 -0.3424221 0.29928789 0.32716474 -0.19953632 0.21026105 0.27463818 -0.10630227 0.097244531 -0.47130361 2.9398894e-16 0.21304607 0.30129266 -0.36900663 -0.13947141 -0.27675289 0.19196592 0.11989752 0.09789592 0.29323277 -0.60015047 0.36064553 -1.9884654e-16 0.16920294 -0.4069705 -0.1721978 0.25146914 -0.10711293 -0.34611756 0.055950459 -0.13223273 0.23288786 0.40592632 -0.49638599
0.28209481 0.28209481 -0.091658153 0.38827017 0.50125462 -0.11833017 -0.28209481 -0.1628675 0.1628675 0.5318051 -0.24878421 -0.21744539 0.19769749 -0.29928792 -0.080834888 -0.17279394 0.3424221 -0.29928789 -0.32716474 0.19953632 0.21026105 0.27463818 -0.10630227 0.097244531 -0.47130361 4.409834e-16 -0.21304607 -0.30129266 0.36900663 0.13947141 -0.27675289 0.19196592 0.11989752 0.09789592 0.29323277 -0.60015047 -0.36064553 -2.9826981e-16 -0.16920294 0.4069705 0.1721978 -0.25146914 -0.10711293 -0.34611756 0.055950459 -0.13223273 0.23288786 0.40592632 -0.49638599
0.28209481 0.45643896 -0.091658153 -0.14830601 -0.3097924 -0.19146222 -0.28209481 0.062209848 -0.42639267 -0.32867363 0.1537571 -0.35183403 0.19769749 0.1143178 0.2116285 0.45238042 0.55405062 0.18497008 0.20219894 0.32285655 0.21026105 -0.10490245 0.27830297 -0.25458947 0.18002196 5.8797787e-16 -0.34471577 0.18620911 -0.22805864 0.22566949 -0.27675289 -0.073324457 -0.31389579 -0.25629485 -0.11200495 -0.60015047 -0.58353674 -3.9769309e-16 -0.27377611 -0.25152162 -0.1064241 -0.40688559 -0.10711293 0.13220514 -0.1464802 0.3461898 -0.088955253 0.40592632 0.18960258
0.28209481 -8.5329189e-18 -0.091658153 -0.47992831 1.8741454e-17 3.579299e-18 -0.28209481 0.2013153 0.52705032 -2.9825562e-17 -9.3018147e-18 6.5773771e-18 0.19769749 0.36994019 -0.2615872 -0.55917299 4.1430896e-17 1.6785152e-17 -1.2232392e-17 -6.0356561e-18 0.21026105 -0.33947146 -0.34400138 0.3146899 0.58256328 -5.3352081e-17 -2.5777219e-17 1.6897588e-17 1.3796822e-17 -4.2187882e-18 -0.27675289 -0.23728293 0.38799652 0.31679785 -0.36245564 -0.60015047 6.5453723e-17 3.6085973e-17 -2.0472479e-17 -2.2824385e-17 6.4383194e-18 7.6065412e-18 -0.10711293 0.42782483 0.18105949 -0.42791411 -0.28786525 0.40592632 0.61356682
