0.28209481 0 0.48860252 0
0.28209481 0 0.21850967 -0.43701938
0.28209481 -0.41563013 0.21850967 -0.13504641
0.28209481 -0.25687355 0.21850967 0.3535561
0.28209481 0.25687355 0.21850967 0.3535561
0.28209481 0.41563013 0.21850967 -0.13504641
0.28209481 -0.25687355 -0.21850967 -0.3535561
0.28209481 -0.41563013 -0.21850967 0.13504641
0.28209481 -5.3519439e-17 -0.21850967 0.43701938
0.28209481 0.41563013 -0.21850967 0.13504641
0.28209481 0.25687355 -0.21850967 -0.3535561
0.28209481 0 -0.48860252 0
0.28209481 0 0.30038831 -0.38535604
0.28209481 -0.36649537 0.30038831 -0.11908156
0.28209481 0 0.38097942 -0.30592009
0.28209481 -0.29094729 0.38097942 -0.094534509
0.28209481 0 0.44400242 -0.20394672
0.28209481 -0.19396487 0.44400242 -0.063023008
0.28209481 0 0.47901067 -0.09633901
0.28209481 -0.10004011 0.45800099 -0.13769341
0.28209481 -0.091623843 0.47901067 -0.029770391
0.28209481 -0.10340652 0.40621537 -0.25105491
0.28209481 -0.20681304 0.40621537 -0.17592569
0.28209481 -0.10004011 0.327981 -0.3480702
0.28209481 -0.20681304 0.33901775 -0.28465372
0.28209481 -0.30012032 0.327981 -0.2027034
0.28209481 -0.091623843 0.24084751 -0.41512644
0.28209481 -0.19396487 0.25493339 -0.3689431
0.28209481 -0.29094729 0.25493339 -0.29848123
0.28209481 -0.36649537 0.24084751 -0.21542057
0.28209481 -0.22650661 0.30038831 0.31175959
0.28209481 -0.17981532 0.38097942 0.24749455
0.28209481 -0.11987688 0.44400242 0.16499637
0.28209481 -0.1618683 0.45800099 0.0525942
0.28209481 -0.056626651 0.47901067 0.077939898
0.28209481 -0.27072179 0.40621537 0.02076521
0.28209481 -0.23122402 0.40621537 0.14232686
0.28209481 -0.36194852 0.327981 -0.012415806
0.28209481 -0.33463052 0.33901775 0.10872805
0.28209481 -0.28552467 0.327981 0.2227926
0.28209481 -0.42312202 0.24084751 -0.04114167
0.28209481 -0.41082418 0.25493339 0.070461862
0.28209481 -0.37378019 0.25493339 0.18447155
0.28209481 -0.31813043 0.24084751 0.28198919
0.28209481 0.22650661 0.30038831 0.31175959
0.28209481 0.17981532 0.38097942 0.24749455
0.28209481 0.11987688 0.44400242 0.16499637
0.28209481 -2.0843294e-17 0.45800099 0.17019841
0.28209481 0.056626651 0.47901067 0.077939898
0.28209481 -0.063908748 0.40621537 0.26388854
0.28209481 0.063908748 0.40621537 0.26388854
0.28209481 -0.12365638 0.327981 0.34039682
0.28209481 -4.3089363e-17 0.33901775 0.35185137
0.28209481 0.12365638 0.327981 0.34039682
0.28209481 -0.16987996 0.24084751 0.38969949
0.28209481 -0.059938438 0.25493339 0.41249093
0.28209481 0.059938438 0.25493339 0.41249093
0.28209481 0.16987996 0.24084751 0.38969949
0.28209481 0.36649537 0.30038831 -0.11908156
0.28209481 0.29094729 0.38097942 -0.094534509
0.28209481 0.19396487 0.44400242 -0.063023008
0.28209481 0.1618683 0.45800099 0.0525942
0.28209481 0.091623843 0.47901067 -0.029770391
0.28209481 0.23122402 0.40621537 0.14232686
0.28209481 0.27072179 0.40621537 0.02076521
0.28209481 0.28552467 0.327981 0.2227926
0.28209481 0.33463052 0.33901775 0.10872805
0.28209481 0.36194852 0.327981 -0.012415806
0.28209481 0.31813043 0.24084751 0.28198919
0.28209481 0.37378019 0.25493339 0.18447155
0.28209481 0.41082418 0.25493339 0.070461862
0.28209481 0.42312202 0.24084751 -0.04114167
0.28209481 0.10004011 0.45800099 -0.13769341
0.28209481 0.20681304 0.40621537 -0.17592569
0.28209481 0.10340652 0.40621537 -0.25105491
0.28209481 0.30012032 0.327981 -0.2027034
0.28209481 0.20681304 0.33901775 -0.28465372
0.28209481 0.10004011 0.327981 -0.3480702
0.28209481 0.36649537 0.24084751 -0.21542057
0.28209481 0.29094729 0.25493339 -0.29848123
0.28209481 0.19396487 0.25493339 -0.3689431
0.28209481 0.091623843 0.24084751 -0.41512644
0.28209481 -0.36649537 -0.30038831 0.11908156
0.28209481 -0.22650661 -0.30038831 -0.31175959
0.28209481 -0.29094729 -0.38097942 0.094534509
0.28209481 -0.17981532 -0.38097942 -0.24749455
0.28209481 -0.19396487 -0.44400242 0.063023008
0.28209481 -0.11987688 -0.44400242 -0.16499637
0.28209481 -0.091623843 -0.47901067 0.029770391
0.28209481 -0.1618683 -0.45800099 -0.0525942
0.28209481 -0.056626651 -0.47901067 -0.077939898
0.28209481 -0.27072179 -0.40621537 -0.02076521
0.28209481 -0.23122402 -0.40621537 -0.14232686
0.28209481 -0.36194852 -0.327981 0.012415806
0.28209481 -0.33463052 -0.33901775 -0.10872805
0.28209481 -0.28552467 -0.327981 -0.2227926
0.28209481 -0.42312202 -0.24084751 0.04114167
0.28209481 -0.41082418 -0.25493339 -0.070461862
0.28209481 -0.37378019 -0.25493339 -0.18447155
0.28209481 -0.31813043 -0.24084751 -0.28198919
0.28209481 -4.7192504e-17 -0.30038831 0.38535604
0.28209481 -3.7464406e-17 -0.38097942 0.30592009
0.28209481 -2.497627e-17 -0.44400242 0.20394672
0.28209481 -1.1798126e-17 -0.47901067 0.09633901
0.28209481 -0.10004011 -0.45800099 0.13769341
0.28209481 -0.10340652 -0.40621537 0.25105491
0.28209481 -0.20681304 -0.40621537 0.17592569
0.28209481 -0.10004011 -0.327981 0.3480702
0.28209481 -0.20681304 -0.33901775 0.28465372
0.28209481 -0.30012032 -0.327981 0.2027034
0.28209481 -0.091623843 -0.24084751 0.41512644
0.28209481 -0.19396487 -0.25493339 0.3689431
0.28209481 -0.29094729 -0.25493339 0.29848123
0.28209481 -0.36649537 -0.24084751 0.21542057
0.28209481 0.36649537 -0.30038831 0.11908156
0.28209481 0.29094729 -0.38097942 0.094534509
0.28209481 0.19396487 -0.44400242 0.063023008
0.28209481 0.091623843 -0.47901067 0.029770391
0.28209481 0.10004011 -0.45800099 0.13769341
0.28209481 0.20681304 -0.40621537 0.17592569
0.28209481 0.10340652 -0.40621537 0.25105491
0.28209481 0.30012032 -0.327981 0.2027034
0.28209481 0.20681304 -0.33901775 0.28465372
0.28209481 0.10004011 -0.327981 0.3480702
0.28209481 0.36649537 -0.24084751 0.21542057
0.28209481 0.29094729 -0.25493339 0.29848123
0.28209481 0.19396487 -0.25493339 0.3689431
0.28209481 0.091623843 -0.24084751 0.41512644
0.28209481 0.22650661 -0.30038831 -0.31175959
0.28209481 0.17981532 -0.38097942 -0.24749455
0.28209481 0.11987688 -0.44400242 -0.16499637
0.28209481 0.056626651 -0.47901067 -0.077939898
0.28209481 0.1618683 -0.45800099 -0.0525942
0.28209481 0.23122402 -0.40621537 -0.14232686
0.28209481 0.27072179 -0.40621537 -0.02076521
0.28209481 0.28552467 -0.327981 -0.2227926
0.28209481 0.33463052 -0.33901775 -0.10872805
0.28209481 0.36194852 -0.327981 0.012415806
0.28209481 0.31813043 -0.24084751 -0.28198919
0.28209481 0.37378019 -0.25493339 -0.18447155
0.28209481 0.41082418 -0.25493339 -0.070461862
0.28209481 0.42312202 -0.24084751 0.04114167
0.28209481 4.1686588e-17 -0.45800099 -0.17019841
0.28209481 -0.063908748 -0.40621537 -0.26388854
0.28209481 0.063908748 -0.40621537 -0.26388854
0.28209481 -0.12365638 -0.327981 -0.34039682
0.28209481 0 -0.33901775 -0.35185137
0.28209481 0.12365638 -0.327981 -0.34039682
0.28209481 -0.16987996 -0.24084751 -0.38969949
0.28209481 -0.059938438 -0.25493339 -0.41249093
0.28209481 0.059938438 -0.25493339 -0.41249093
0.28209481 0.16987996 -0.24084751 -0.38969949
0.28209481 -0.22650661 -0.14450851 -0.40809861
0.28209481 -0.17981532 -0.050986677 -0.45144129
0.28209481 -0.11987688 0.050986677 -0.47091645
0.28209481 -0.056626651 0.14450851 -0.46329594
0.28209481 -0.1618683 0.15778258 -0.43316939
0.28209481 -0.231224 0.054364022 -0.42698058
0.28209481 -0.27072179 0.16309206 -0.37261656
0.28209481 -0.28552467 -0.052594196 -0.39299101
0.28209481 -0.33463052 0.054364022 -0.35185134
0.28209481 -0.36194852 0.15778258 -0.28780261
0.28209481 -0.31813043 -0.14450851 -0.34152997
0.28209481 -0.37378019 -0.050986677 -0.31051755
0.28209481 -0.41082418 0.050986677 -0.25953087
0.28209481 -0.42312202 0.14450851 -0.19702147
0.28209481 -0.45811921 -0.14450851 0.089311175
0.28209481 -0.48491216 -0.050986677 0.0315115
0.28209481 -0.48491216 0.050986677 -0.0315115
0.28209481 -0.45811921 0.14450851 -0.089311175
0.28209481 -0.46198863 0.15778258 0.020089196
0.28209481 -0.47753483 0.054364022 0.087962836
0.28209481 -0.43803704 0.16309206 0.14232686
0.28209481 -0.46198863 -0.052594196 0.1501092
0.28209481 -0.43803704 0.054364022 0.2095245
0.28209481 -0.38556477 0.15778258 0.2552976
0.28209481 -0.42312202 -0.14450851 0.19702147
0.28209481 -0.41082418 -0.050986677 0.25953087
0.28209481 -0.37378019 0.050986677 0.31051755
0.28209481 -0.31813043 0.14450851 0.34152997
0.28209481 -0.056626651 -0.14450851 0.46329594
0.28209481 -0.11987688 -0.050986677 0.47091645
0.28209481 -0.17981532 0.050986677 0.45144129
0.28209481 -0.22650661 0.14450851 0.40809861
0.28209481 -0.12365638 0.15778258 0.44558519
0.28209481 -0.063908741 0.054364022 0.48134461
0.28209481 -5.6404711e-17 0.16309206 0.4605794
0.28209481 -5.9488884e-17 -0.052594196 0.48576358
0.28209481 0.063908741 0.054364022 0.48134461
0.28209481 0.12365638 0.15778258 0.44558519
0.28209481 0.056626651 -0.14450851 0.46329594
0.28209481 0.11987688 -0.050986677 0.47091645
0.28209481 0.17981532 0.050986677 0.45144129
0.28209481 0.22650661 0.14450851 0.40809861
0.28209481 0.42312202 -0.14450851 0.19702147
0.28209481 0.41082418 -0.050986677 0.25953087
0.28209481 0.37378019 0.050986677 0.31051755
0.28209481 0.31813043 0.14450851 0.34152997
0.28209481 0.38556477 0.15778258 0.2552976
0.28209481 0.43803704 0.054364022 0.2095245
0.28209481 0.43803704 0.16309206 0.14232686
0.28209481 0.46198863 -0.052594196 0.1501092
0.28209481 0.47753483 0.054364022 0.087962836
0.28209481 0.46198863 0.15778258 0.020089196
0.28209481 0.45811921 -0.14450851 0.089311175
0.28209481 0.48491216 -0.050986677 0.0315115
0.28209481 0.48491216 0.050986677 -0.0315115
0.28209481 0.45811921 0.14450851 -0.089311175
0.28209481 0.31813043 -0.14450851 -0.34152997
0.28209481 0.37378019 -0.050986677 -0.31051755
0.28209481 0.41082418 0.050986677 -0.25953087
0.28209481 0.42312202 0.14450851 -0.19702147
0.28209481 0.36194852 0.15778258 -0.28780261
0.28209481 0.33463052 0.054364022 -0.35185134
0.28209481 0.27072179 0.16309206 -0.37261656
0.28209481 0.28552467 -0.052594196 -0.39299101
0.28209481 0.231224 0.054364022 -0.42698058
0.28209481 0.1618683 0.15778258 -0.43316939
0.28209481 0.22650661 -0.14450851 -0.40809861
0.28209481 0.17981532 -0.050986677 -0.45144129
0.28209481 0.11987688 0.050986677 -0.47091645
0.28209481 0.056626651 0.14450851 -0.46329594
0.28209481 -0.38556477 -0.15778258 -0.2552976
0.28209481 -0.43803704 -0.16309206 -0.14232686
0.28209481 -0.43803704 -0.054364022 -0.2095245
0.28209481 -0.46198863 -0.15778258 -0.020089196
0.28209481 -0.47753483 -0.054364022 -0.087962836
0.28209481 -0.46198863 0.052594196 -0.1501092
0.28209481 -0.36194852 -0.15778258 0.28780261
0.28209481 -0.27072179 -0.16309206 0.37261656
0.28209481 -0.33463052 -0.054364022 0.35185134
0.28209481 -0.1618683 -0.15778258 0.43316939
0.28209481 -0.231224 -0.054364022 0.42698058
0.28209481 -0.28552467 0.052594196 0.39299101
0.28209481 0.1618683 -0.15778258 0.43316939
0.28209481 0.27072179 -0.16309206 0.37261656
0.28209481 0.231224 -0.054364022 0.42698058
0.28209481 0.36194852 -0.15778258 0.28780261
0.28209481 0.33463052 -0.054364022 0.35185134
0.28209481 0.28552467 0.052594196 0.39299101
0.28209481 0.46198863 -0.15778258 -0.020089196
0.28209481 0.43803704 -0.16309206 -0.14232686
0.28209481 0.47753483 -0.054364022 -0.087962836
0.28209481 0.38556477 -0.15778258 -0.2552976
0.28209481 0.43803704 -0.054364022 -0.2095245
0.28209481 0.46198863 0.052594196 -0.1501092
0.28209481 0.12365638 -0.15778258 -0.44558519
0.28209481 1.1280942e-16 -0.16309206 -0.4605794
0.28209481 0.063908741 -0.054364022 -0.48134461
0.28209481 -0.12365638 -0.15778258 -0.44558519
0.28209481 -0.063908741 -0.054364022 -0.48134461
0.28209481 1.1897777e-16 0.052594196 -0.48576358
