0 18 20
16 18 19
17 20 19
18 19 20
14 16 21
21 22 19
21 16 19
22 15 17
22 19 17
12 14 23
23 24 21
23 14 21
24 25 22
24 21 22
25 13 15
25 22 15
1 12 26
26 27 23
26 12 23
27 28 24
27 23 24
28 29 25
28 24 25
29 2 13
29 25 13
0 20 34
17 20 33
32 34 33
20 33 34
15 17 35
35 36 33
35 17 33
36 31 32
36 33 32
13 15 37
37 38 35
37 15 35
38 39 36
38 35 36
39 30 31
39 36 31
2 13 40
40 41 37
40 13 37
41 42 38
41 37 38
42 43 39
42 38 39
43 3 30
43 39 30
0 34 48
32 34 47
46 48 47
34 47 48
31 32 49
49 50 47
49 32 47
50 45 46
50 47 46
30 31 51
51 52 49
51 31 49
52 53 50
52 49 50
53 44 45
53 50 45
3 30 54
54 55 51
54 30 51
55 56 52
55 51 52
56 57 53
56 52 53
57 4 44
57 53 44
0 48 62
46 48 61
60 62 61
48 61 62
45 46 63
63 64 61
63 46 61
64 59 60
64 61 60
44 45 65
65 66 63
65 45 63
66 67 64
66 63 64
67 58 59
67 64 59
4 44 68
68 69 65
68 44 65
69 70 66
69 65 66
70 71 67
70 66 67
71 5 58
71 67 58
0 62 18
60 62 72
16 18 72
62 72 18
59 60 73
73 74 72
73 60 72
74 14 16
74 72 16
58 59 75
75 76 73
75 59 73
76 77 74
76 73 74
77 12 14
77 74 14
5 58 78
78 79 75
78 58 75
79 80 76
79 75 76
80 81 77
80 76 77
81 1 12
81 77 12
11 88 90
86 88 89
87 90 89
88 89 90
84 86 91
91 92 89
91 86 89
92 85 87
92 89 87
82 84 93
93 94 91
93 84 91
94 95 92
94 91 92
95 83 85
95 92 85
6 82 96
96 97 93
96 82 93
97 98 94
97 93 94
98 99 95
98 94 95
99 7 83
99 95 83
11 90 104
87 90 103
102 104 103
90 103 104
85 87 105
105 106 103
105 87 103
106 101 102
106 103 102
83 85 107
107 108 105
107 85 105
108 109 106
108 105 106
109 100 101
109 106 101
7 83 110
110 111 107
110 83 107
111 112 108
111 107 108
112 113 109
112 108 109
113 8 100
113 109 100
11 104 118
102 104 117
116 118 117
104 117 118
101 102 119
119 120 117
119 102 117
120 115 116
120 117 116
100 101 121
121 122 119
121 101 119
122 123 120
122 119 120
123 114 115
123 120 115
8 100 124
124 125 121
124 100 121
125 126 122
125 121 122
126 127 123
126 122 123
127 9 114
127 123 114
11 118 132
116 118 131
130 132 131
118 131 132
115 116 133
133 134 131
133 116 131
134 129 130
134 131 130
114 115 135
135 136 133
135 115 133
136 137 134
136 133 134
137 128 129
137 134 129
9 114 138
138 139 135
138 114 135
139 140 136
139 135 136
140 141 137
140 136 137
141 10 128
141 137 128
11 132 88
130 132 142
86 88 142
132 142 88
129 130 143
143 144 142
143 130 142
144 84 86
144 142 86
128 129 145
145 146 143
145 129 143
146 147 144
146 143 144
147 82 84
147 144 84
10 128 148
148 149 145
148 128 145
149 150 146
149 145 146
150 151 147
150 146 147
151 6 82
151 147 82
1 26 156
27 26 155
154 156 155
26 155 156
28 27 157
157 158 155
157 27 155
158 153 154
158 155 154
29 28 159
159 160 157
159 28 157
160 161 158
160 157 158
161 152 153
161 158 153
2 29 162
162 163 159
162 29 159
163 164 160
163 159 160
164 165 161
164 160 161
165 6 152
165 161 152
2 40 170
41 40 169
168 170 169
40 169 170
42 41 171
171 172 169
171 41 169
172 167 168
172 169 168
43 42 173
173 174 171
173 42 171
174 175 172
174 171 172
175 166 167
175 172 167
3 43 176
176 177 173
176 43 173
177 178 174
177 173 174
178 179 175
178 174 175
179 7 166
179 175 166
3 54 184
55 54 183
182 184 183
54 183 184
56 55 185
185 186 183
185 55 183
186 181 182
186 183 182
57 56 187
187 188 185
187 56 185
188 189 186
188 185 186
189 180 181
189 186 181
4 57 190
190 191 187
190 57 187
191 192 188
191 187 188
192 193 189
192 188 189
193 8 180
193 189 180
4 68 198
69 68 197
196 198 197
68 197 198
70 69 199
199 200 197
199 69 197
200 195 196
200 197 196
71 70 201
201 202 199
201 70 199
202 203 200
202 199 200
203 194 195
203 200 195
5 71 204
204 205 201
204 71 201
205 206 202
205 201 202
206 207 203
206 202 203
207 9 194
207 203 194
5 78 212
79 78 211
210 212 211
78 211 212
80 79 213
213 214 211
213 79 211
214 209 210
214 211 210
81 80 215
215 216 213
215 80 213
216 217 214
216 213 214
217 208 209
217 214 209
1 81 218
218 219 215
218 81 215
219 220 216
219 215 216
220 221 217
220 216 217
221 10 208
221 217 208
6 96 165
97 96 222
164 165 222
96 222 165
98 97 223
223 224 222
223 97 222
224 163 164
224 222 164
99 98 225
225 226 223
225 98 223
226 227 224
226 223 224
227 162 163
227 224 163
7 99 166
166 167 225
166 99 225
167 168 226
167 225 226
168 170 227
168 226 227
170 2 162
170 227 162
7 110 179
111 110 228
178 179 228
110 228 179
112 111 229
229 230 228
229 111 228
230 177 178
230 228 178
113 112 231
231 232 229
231 112 229
232 233 230
232 229 230
233 176 177
233 230 177
8 113 180
180 181 231
180 113 231
181 182 232
181 231 232
182 184 233
182 232 233
184 3 176
184 233 176
8 124 193
125 124 234
192 193 234
124 234 193
126 125 235
235 236 234
235 125 234
236 191 192
236 234 192
127 126 237
237 238 235
237 126 235
238 239 236
238 235 236
239 190 191
239 236 191
9 127 194
194 195 237
194 127 237
195 196 238
195 237 238
196 198 239
196 238 239
198 4 190
198 239 190
9 138 207
139 138 240
206 207 240
138 240 207
140 139 241
241 242 240
241 139 240
242 205 206
242 240 206
141 140 243
243 244 241
243 140 241
244 245 242
244 241 242
245 204 205
245 242 205
10 141 208
208 209 243
208 141 243
209 210 244
209 243 244
210 212 245
210 244 245
212 5 204
212 245 204
10 148 221
149 148 246
220 221 246
148 246 221
150 149 247
247 248 246
247 149 246
248 219 220
248 246 220
151 150 249
249 250 247
249 150 247
250 251 248
250 247 248
251 218 219
251 248 219
6 151 152
152 153 249
152 151 249
153 154 250
153 249 250
154 156 251
154 250 251
156 1 218
156 251 218
