0 24 26
22 25 24
23 26 25
24 25 26
20 27 22
27 28 25
27 25 22
28 21 23
28 23 25
18 29 20
29 30 27
29 27 20
30 31 28
30 28 27
31 19 21
31 21 28
16 32 18
32 33 29
32 29 18
33 34 30
33 30 29
34 35 31
34 31 30
35 17 19
35 19 31
14 36 16
36 37 32
36 32 16
37 38 33
37 33 32
38 39 34
38 34 33
39 40 35
39 35 34
40 15 17
40 17 35
12 41 14
41 42 36
41 36 14
42 43 37
42 37 36
43 44 38
43 38 37
44 45 39
44 39 38
45 46 40
45 40 39
46 13 15
46 15 40
1 47 12
47 48 41
47 41 12
48 49 42
48 42 41
49 50 43
49 43 42
50 51 44
50 44 43
51 52 45
51 45 44
52 53 46
52 46 45
53 2 13
53 13 46
0 26 61
23 60 26
59 61 60
26 60 61
21 62 23
62 63 60
62 60 23
63 58 59
63 59 60
19 64 21
64 65 62
64 62 21
65 66 63
65 63 62
66 57 58
66 58 63
17 67 19
67 68 64
67 64 19
68 69 65
68 65 64
69 70 66
69 66 65
70 56 57
70 57 66
15 71 17
71 72 67
71 67 17
72 73 68
72 68 67
73 74 69
73 69 68
74 75 70
74 70 69
75 55 56
75 56 70
13 76 15
76 77 71
76 71 15
77 78 72
77 72 71
78 79 73
78 73 72
79 80 74
79 74 73
80 81 75
80 75 74
81 54 55
81 55 75
2 82 13
82 83 76
82 76 13
83 84 77
83 77 76
84 85 78
84 78 77
85 86 79
85 79 78
86 87 80
86 80 79
87 88 81
87 81 80
88 3 54
88 54 81
0 61 96
59 95 61
94 96 95
61 95 96
58 97 59
97 98 95
97 95 59
98 93 94
98 94 95
57 99 58
99 100 97
99 97 58
100 101 98
100 98 97
101 92 93
101 93 98
56 102 57
102 103 99
102 99 57
103 104 100
103 100 99
104 105 101
104 101 100
105 91 92
105 92 101
55 106 56
106 107 102
106 102 56
107 108 103
107 103 102
108 109 104
108 104 103
109 110 105
109 105 104
110 90 91
110 91 105
54 111 55
111 112 106
111 106 55
112 113 107
112 107 106
113 114 108
113 108 107
114 115 109
114 109 108
115 116 110
115 110 109
116 89 90
116 90 110
3 117 54
117 118 111
117 111 54
118 119 112
118 112 111
119 120 113
119 113 112
120 121 114
120 114 113
121 122 115
121 115 114
122 123 116
122 116 115
123 4 89
123 89 116
0 96 131
94 130 96
129 131 130
96 130 131
93 132 94
132 133 130
132 130 94
133 128 129
133 129 130
92 134 93
134 135 132
134 132 93
135 136 133
135 133 132
136 127 128
136 128 133
91 137 92
137 138 134
137 134 92
138 139 135
138 135 134
139 140 136
139 136 135
140 126 127
140 127 136
90 141 91
141 142 137
141 137 91
142 143 138
142 138 137
143 144 139
143 139 138
144 145 140
144 140 139
145 125 126
145 126 140
89 146 90
146 147 141
146 141 90
147 148 142
147 142 141
148 149 143
148 143 142
149 150 144
149 144 143
150 151 145
150 145 144
151 124 125
151 125 145
4 152 89
152 153 146
152 146 89
153 154 147
153 147 146
154 155 148
154 148 147
155 156 149
155 149 148
156 157 150
156 150 149
157 158 151
157 151 150
158 5 124
158 124 151
0 131 24
129 159 131
22 24 159
131 159 24
128 160 129
160 161 159
160 159 129
161 20 22
161 22 159
127 162 128
162 163 160
162 160 128
163 164 161
163 161 160
164 18 20
164 20 161
126 165 127
165 166 162
165 162 127
166 167 163
166 163 162
167 168 164
167 164 163
168 16 18
168 18 164
125 169 126
169 170 165
169 165 126
170 171 166
170 166 165
171 172 167
171 167 166
172 173 168
172 168 167
173 14 16
173 16 168
124 174 125
174 175 169
174 169 125
175 176 170
175 170 169
176 177 171
176 171 170
177 178 172
177 172 171
178 179 173
178 173 172
179 12 14
179 14 173
5 180 124
180 181 174
180 174 124
181 182 175
181 175 174
182 183 176
182 176 175
183 184 177
183 177 176
184 185 178
184 178 177
185 186 179
185 179 178
186 1 12
186 12 179
11 199 201
197 200 199
198 201 200
199 200 201
195 202 197
202 203 200
202 200 197
203 196 198
203 198 200
193 204 195
204 205 202
204 202 195
205 206 203
205 203 202
206 194 196
206 196 203
191 207 193
207 208 204
207 204 193
208 209 205
208 205 204
209 210 206
209 206 205
210 192 194
210 194 206
189 211 191
211 212 207
211 207 191
212 213 208
212 208 207
213 214 209
213 209 208
214 215 210
214 210 209
215 190 192
215 192 210
187 216 189
216 217 211
216 211 189
217 218 212
217 212 211
218 219 213
218 213 212
219 220 214
219 214 213
220 221 215
220 215 214
221 188 190
221 190 215
7 222 187
222 223 216
222 216 187
223 224 217
223 217 216
224 225 218
224 218 217
225 226 219
225 219 218
226 227 220
226 220 219
227 228 221
227 221 220
228 6 188
228 188 221
11 235 199
234 236 235
197 199 236
235 236 199
233 237 234
237 238 236
237 236 234
238 195 197
238 197 236
232 239 233
239 240 237
239 237 233
240 241 238
240 238 237
241 193 195
241 195 238
231 242 232
242 243 239
242 239 232
243 244 240
243 240 239
244 245 241
244 241 240
245 191 193
245 193 241
230 246 231
246 247 242
246 242 231
247 248 243
247 243 242
248 249 244
248 244 243
249 250 245
249 245 244
250 189 191
250 191 245
229 251 230
251 252 246
251 246 230
252 253 247
252 247 246
253 254 248
253 248 247
254 255 249
254 249 248
255 256 250
255 250 249
256 187 189
256 189 250
8 257 229
257 258 251
257 251 229
258 259 252
258 252 251
259 260 253
259 253 252
260 261 254
260 254 253
261 262 255
261 255 254
262 263 256
262 256 255
263 7 187
263 187 256
11 270 235
269 271 270
234 235 271
270 271 235
268 272 269
272 273 271
272 271 269
273 233 234
273 234 271
267 274 268
274 275 272
274 272 268
275 276 273
275 273 272
276 232 233
276 233 273
266 277 267
277 278 274
277 274 267
278 279 275
278 275 274
279 280 276
279 276 275
280 231 232
280 232 276
265 281 266
281 282 277
281 277 266
282 283 278
282 278 277
283 284 279
283 279 278
284 285 280
284 280 279
285 230 231
285 231 280
264 286 265
286 287 281
286 281 265
287 288 282
287 282 281
288 289 283
288 283 282
289 290 284
289 284 283
290 291 285
290 285 284
291 229 230
291 230 285
9 292 264
292 293 286
292 286 264
293 294 287
293 287 286
294 295 288
294 288 287
295 296 289
295 289 288
296 297 290
296 290 289
297 298 291
297 291 290
298 8 229
298 229 291
11 305 270
304 306 305
269 270 306
305 306 270
303 307 304
307 308 306
307 306 304
308 268 269
308 269 306
302 309 303
309 310 307
309 307 303
310 311 308
310 308 307
311 267 268
311 268 308
301 312 302
312 313 309
312 309 302
313 314 310
313 310 309
314 315 311
314 311 310
315 266 267
315 267 311
300 316 301
316 317 312
316 312 301
317 318 313
317 313 312
318 319 314
318 314 313
319 320 315
319 315 314
320 265 266
320 266 315
299 321 300
321 322 316
321 316 300
322 323 317
322 317 316
323 324 318
323 318 317
324 325 319
324 319 318
325 326 320
325 320 319
326 264 265
326 265 320
10 327 299
327 328 321
327 321 299
328 329 322
328 322 321
329 330 323
329 323 322
330 331 324
330 324 323
331 332 325
331 325 324
332 333 326
332 326 325
333 9 264
333 264 326
11 201 305
198 334 201
304 305 334
201 334 305
196 335 198
335 336 334
335 334 198
336 303 304
336 304 334
194 337 196
337 338 335
337 335 196
338 339 336
338 336 335
339 302 303
339 303 336
192 340 194
340 341 337
340 337 194
341 342 338
341 338 337
342 343 339
342 339 338
343 301 302
343 302 339
190 344 192
344 345 340
344 340 192
345 346 341
345 341 340
346 347 342
346 342 341
347 348 343
347 343 342
348 300 301
348 301 343
188 349 190
349 350 344
349 344 190
350 351 345
350 345 344
351 352 346
351 346 345
352 353 347
352 347 346
353 354 348
353 348 347
354 299 300
354 300 348
6 355 188
355 356 349
355 349 188
356 357 350
356 350 349
357 358 351
357 351 350
358 359 352
358 352 351
359 360 353
359 353 352
360 361 354
360 354 353
361 10 299
361 299 354
1 368 47
367 369 368
48 47 369
368 369 47
366 370 367
370 371 369
370 369 367
371 49 48
371 48 369
365 372 366
372 373 370
372 370 366
373 374 371
373 371 370
374 50 49
374 49 371
364 375 365
375 376 372
375 372 365
376 377 373
376 373 372
377 378 374
377 374 373
378 51 50
378 50 374
363 379 364
379 380 375
379 375 364
380 381 376
380 376 375
381 382 377
381 377 376
382 383 378
382 378 377
383 52 51
383 51 378
362 384 363
384 385 379
384 379 363
385 386 380
385 380 379
386 387 381
386 381 380
387 388 382
387 382 381
388 389 383
388 383 382
389 53 52
389 52 383
6 390 362
390 391 384
390 384 362
391 392 385
391 385 384
392 393 386
392 386 385
393 394 387
393 387 386
394 395 388
394 388 387
395 396 389
395 389 388
396 2 53
396 53 389
2 403 82
402 404 403
83 82 404
403 404 82
401 405 402
405 406 404
405 404 402
406 84 83
406 83 404
400 407 401
407 408 405
407 405 401
408 409 406
408 406 405
409 85 84
409 84 406
399 410 400
410 411 407
410 407 400
411 412 408
411 408 407
412 413 409
412 409 408
413 86 85
413 85 409
398 414 399
414 415 410
414 410 399
415 416 411
415 411 410
416 417 412
416 412 411
417 418 413
417 413 412
418 87 86
418 86 413
397 419 398
419 420 414
419 414 398
420 421 415
420 415 414
421 422 416
421 416 415
422 423 417
422 417 416
423 424 418
423 418 417
424 88 87
424 87 418
7 425 397
425 426 419
425 419 397
426 427 420
426 420 419
427 428 421
427 421 420
428 429 422
428 422 421
429 430 423
429 423 422
430 431 424
430 424 423
431 3 88
431 88 424
3 438 117
437 439 438
118 117 439
438 439 117
436 440 437
440 441 439
440 439 437
441 119 118
441 118 439
435 442 436
442 443 440
442 440 436
443 444 441
443 441 440
444 120 119
444 119 441
434 445 435
445 446 442
445 442 435
446 447 443
446 443 442
447 448 444
447 444 443
448 121 120
448 120 444
433 449 434
449 450 445
449 445 434
450 451 446
450 446 445
451 452 447
451 447 446
452 453 448
452 448 447
453 122 121
453 121 448
432 454 433
454 455 449
454 449 433
455 456 450
455 450 449
456 457 451
456 451 450
457 458 452
457 452 451
458 459 453
458 453 452
459 123 122
459 122 453
8 460 432
460 461 454
460 454 432
461 462 455
461 455 454
462 463 456
462 456 455
463 464 457
463 457 456
464 465 458
464 458 457
465 466 459
465 459 458
466 4 123
466 123 459
4 473 152
472 474 473
153 152 474
473 474 152
471 475 472
475 476 474
475 474 472
476 154 153
476 153 474
470 477 471
477 478 475
477 475 471
478 479 476
478 476 475
479 155 154
479 154 476
469 480 470
480 481 477
480 477 470
481 482 478
481 478 477
482 483 479
482 479 478
483 156 155
483 155 479
468 484 469
484 485 480
484 480 469
485 486 481
485 481 480
486 487 482
486 482 481
487 488 483
487 483 482
488 157 156
488 156 483
467 489 468
489 490 484
489 484 468
490 491 485
490 485 484
491 492 486
491 486 485
492 493 487
492 487 486
493 494 488
493 488 487
494 158 157
494 157 488
9 495 467
495 496 489
495 489 467
496 497 490
496 490 489
497 498 491
497 491 490
498 499 492
498 492 491
499 500 493
499 493 492
500 501 494
500 494 493
501 5 158
501 158 494
5 508 180
507 509 508
181 180 509
508 509 180
506 510 507
510 511 509
510 509 507
511 182 181
511 181 509
505 512 506
512 513 510
512 510 506
513 514 511
513 511 510
514 183 182
514 182 511
504 515 505
515 516 512
515 512 505
516 517 513
516 513 512
517 518 514
517 514 513
518 184 183
518 183 514
503 519 504
519 520 515
519 515 504
520 521 516
520 516 515
521 522 517
521 517 516
522 523 518
522 518 517
523 185 184
523 184 518
502 524 503
524 525 519
524 519 503
525 526 520
525 520 519
526 527 521
526 521 520
527 528 522
527 522 521
528 529 523
528 523 522
529 186 185
529 185 523
10 530 502
530 531 524
530 524 502
531 532 525
531 525 524
532 533 526
532 526 525
533 534 527
533 527 526
534 535 528
534 528 527
535 536 529
535 529 528
536 1 186
536 186 529
6 228 390
227 537 228
391 390 537
228 537 390
226 538 227
538 539 537
538 537 227
539 392 391
539 391 537
225 540 226
540 541 538
540 538 226
541 542 539
541 539 538
542 393 392
542 392 539
224 543 225
543 544 540
543 540 225
544 545 541
544 541 540
545 546 542
545 542 541
546 394 393
546 393 542
223 547 224
547 548 543
547 543 224
548 549 544
548 544 543
549 550 545
549 545 544
550 551 546
550 546 545
551 395 394
551 394 546
222 552 223
552 553 547
552 547 223
553 554 548
553 548 547
554 555 549
554 549 548
555 556 550
555 550 549
556 557 551
556 551 550
557 396 395
557 395 551
7 397 222
397 398 552
397 552 222
398 399 553
398 553 552
399 400 554
399 554 553
400 401 555
400 555 554
401 402 556
401 556 555
402 403 557
402 557 556
403 2 396
403 396 557
7 263 425
262 558 263
426 425 558
263 558 425
261 559 262
559 560 558
559 558 262
560 427 426
560 426 558
260 561 261
561 562 559
561 559 261
562 563 560
562 560 559
563 428 427
563 427 560
259 564 260
564 565 561
564 561 260
565 566 562
565 562 561
566 567 563
566 563 562
567 429 428
567 428 563
258 568 259
568 569 564
568 564 259
569 570 565
569 565 564
570 571 566
570 566 565
571 572 567
571 567 566
572 430 429
572 429 567
257 573 258
573 574 568
573 568 258
574 575 569
574 569 568
575 576 570
575 570 569
576 577 571
576 571 570
577 578 572
577 572 571
578 431 430
578 430 572
8 432 257
432 433 573
432 573 257
433 434 574
433 574 573
434 435 575
434 575 574
435 436 576
435 576 575
436 437 577
436 577 576
437 438 578
437 578 577
438 3 431
438 431 578
8 298 460
297 579 298
461 460 579
298 579 460
296 580 297
580 581 579
580 579 297
581 462 461
581 461 579
295 582 296
582 583 580
582 580 296
583 584 581
583 581 580
584 463 462
584 462 581
294 585 295
585 586 582
585 582 295
586 587 583
586 583 582
587 588 584
587 584 583
588 464 463
588 463 584
293 589 294
589 590 585
589 585 294
590 591 586
590 586 585
591 592 587
591 587 586
592 593 588
592 588 587
593 465 464
593 464 588
292 594 293
594 595 589
594 589 293
595 596 590
595 590 589
596 597 591
596 591 590
597 598 592
597 592 591
598 599 593
598 593 592
599 466 465
599 465 593
9 467 292
467 468 594
467 594 292
468 469 595
468 595 594
469 470 596
469 596 595
470 471 597
470 597 596
471 472 598
471 598 597
472 473 599
472 599 598
473 4 466
473 466 599
9 333 495
332 600 333
496 495 600
333 600 495
331 601 332
601 602 600
601 600 332
602 497 496
602 496 600
330 603 331
603 604 601
603 601 331
604 605 602
604 602 601
605 498 497
605 497 602
329 606 330
606 607 603
606 603 330
607 608 604
607 604 603
608 609 605
608 605 604
609 499 498
609 498 605
328 610 329
610 611 606
610 606 329
611 612 607
611 607 606
612 613 608
612 608 607
613 614 609
613 609 608
614 500 499
614 499 609
327 615 328
615 616 610
615 610 328
616 617 611
616 611 610
617 618 612
617 612 611
618 619 613
618 613 612
619 620 614
619 614 613
620 501 500
620 500 614
10 502 327
502 503 615
502 615 327
503 504 616
503 616 615
504 505 617
504 617 616
505 506 618
505 618 617
506 507 619
506 619 618
507 508 620
507 620 619
508 5 501
508 501 620
10 361 530
360 621 361
531 530 621
361 621 530
359 622 360
622 623 621
622 621 360
623 532 531
623 531 621
358 624 359
624 625 622
624 622 359
625 626 623
625 623 622
626 533 532
626 532 623
357 627 358
627 628 624
627 624 358
628 629 625
628 625 624
629 630 626
629 626 625
630 534 533
630 533 626
356 631 357
631 632 627
631 627 357
632 633 628
632 628 627
633 634 629
633 629 628
634 635 630
634 630 629
635 535 534
635 534 630
355 636 356
636 637 631
636 631 356
637 638 632
637 632 631
638 639 633
638 633 632
639 640 634
639 634 633
640 641 635
640 635 634
641 536 535
641 535 635
6 362 355
362 363 636
362 636 355
363 364 637
363 637 636
364 365 638
364 638 637
365 366 639
365 639 638
366 367 640
366 640 639
367 368 641
367 641 640
368 1 536
368 536 641
