0 22 24
20 23 22
21 24 23
22 23 24
18 25 20
25 26 23
25 23 20
26 19 21
26 21 23
16 27 18
27 28 25
27 25 18
28 29 26
28 26 25
29 17 19
29 19 26
14 30 16
30 31 27
30 27 16
31 32 28
31 28 27
32 33 29
32 29 28
33 15 17
33 17 29
12 34 14
34 35 30
34 30 14
35 36 31
35 31 30
36 37 32
36 32 31
37 38 33
37 33 32
38 13 15
38 15 33
1 39 12
39 40 34
39 34 12
40 41 35
40 35 34
41 42 36
41 36 35
42 43 37
42 37 36
43 44 38
43 38 37
44 2 13
44 13 38
0 24 51
21 50 24
49 51 50
24 50 51
19 52 21
52 53 50
52 50 21
53 48 49
53 49 50
17 54 19
54 55 52
54 52 19
55 56 53
55 53 52
56 47 48
56 48 53
15 57 17
57 58 54
57 54 17
58 59 55
58 55 54
59 60 56
59 56 55
60 46 47
60 47 56
13 61 15
61 62 57
61 57 15
62 63 58
62 58 57
63 64 59
63 59 58
64 65 60
64 60 59
65 45 46
65 46 60
2 66 13
66 67 61
66 61 13
67 68 62
67 62 61
68 69 63
68 63 62
69 70 64
69 64 63
70 71 65
70 65 64
71 3 45
71 45 65
0 51 78
49 77 51
76 78 77
51 77 78
48 79 49
79 80 77
79 77 49
80 75 76
80 76 77
47 81 48
81 82 79
81 79 48
82 83 80
82 80 79
83 74 75
83 75 80
46 84 47
84 85 81
84 81 47
85 86 82
85 82 81
86 87 83
86 83 82
87 73 74
87 74 83
45 88 46
88 89 84
88 84 46
89 90 85
89 85 84
90 91 86
90 86 85
91 92 87
91 87 86
92 72 73
92 73 87
3 93 45
93 94 88
93 88 45
94 95 89
94 89 88
95 96 90
95 90 89
96 97 91
96 91 90
97 98 92
97 92 91
98 4 72
98 72 92
0 78 105
76 104 78
103 105 104
78 104 105
75 106 76
106 107 104
106 104 76
107 102 103
107 103 104
74 108 75
108 109 106
108 106 75
109 110 107
109 107 106
110 101 102
110 102 107
73 111 74
111 112 108
111 108 74
112 113 109
112 109 108
113 114 110
113 110 109
114 100 101
114 101 110
72 115 73
115 116 111
115 111 73
116 117 112
116 112 111
117 118 113
117 113 112
118 119 114
118 114 113
119 99 100
119 100 114
4 120 72
120 121 115
120 115 72
121 122 116
121 116 115
122 123 117
122 117 116
123 124 118
123 118 117
124 125 119
124 119 118
125 5 99
125 99 119
0 105 22
103 126 105
20 22 126
105 126 22
102 127 103
127 128 126
127 126 103
128 18 20
128 20 126
101 129 102
129 130 127
129 127 102
130 131 128
130 128 127
131 16 18
131 18 128
100 132 101
132 133 129
132 129 101
133 134 130
133 130 129
134 135 131
134 131 130
135 14 16
135 16 131
99 136 100
136 137 132
136 132 100
137 138 133
137 133 132
138 139 134
138 134 133
139 140 135
139 135 134
140 12 14
140 14 135
5 141 99
141 142 136
141 136 99
142 143 137
142 137 136
143 144 138
143 138 137
144 145 139
144 139 138
145 146 140
145 140 139
146 1 12
146 12 140
11 157 159
155 158 157
156 159 158
157 158 159
153 160 155
160 161 158
160 158 155
161 154 156
161 156 158
151 162 153
162 163 160
162 160 153
163 164 161
163 161 160
164 152 154
164 154 161
149 165 151
165 166 162
165 162 151
166 167 163
166 163 162
167 168 164
167 164 163
168 150 152
168 152 164
147 169 149
169 170 165
169 165 149
170 171 166
170 166 165
171 172 167
171 167 166
172 173 168
172 168 167
173 148 150
173 150 168
7 174 147
174 175 169
174 169 147
175 176 170
175 170 169
176 177 171
176 171 170
177 178 172
177 172 171
178 179 173
178 173 172
179 6 148
179 148 173
11 185 157
184 186 185
155 157 186
185 186 157
183 187 184
187 188 186
187 186 184
188 153 155
188 155 186
182 189 183
189 190 187
189 187 183
190 191 188
190 188 187
191 151 153
191 153 188
181 192 182
192 193 189
192 189 182
193 194 190
193 190 189
194 195 191
194 191 190
195 149 151
195 151 191
180 196 181
196 197 192
196 192 181
197 198 193
197 193 192
198 199 194
198 194 193
199 200 195
199 195 194
200 147 149
200 149 195
8 201 180
201 202 196
201 196 180
202 203 197
202 197 196
203 204 198
203 198 197
204 205 199
204 199 198
205 206 200
205 200 199
206 7 147
206 147 200
11 212 185
211 213 212
184 185 213
212 213 185
210 214 211
214 215 213
214 213 211
215 183 184
215 184 213
209 216 210
216 217 214
216 214 210
217 218 215
217 215 214
218 182 183
218 183 215
208 219 209
219 220 216
219 216 209
220 221 217
220 217 216
221 222 218
221 218 217
222 181 182
222 182 218
207 223 208
223 224 219
223 219 208
224 225 220
224 220 219
225 226 221
225 221 220
226 227 222
226 222 221
227 180 181
227 181 222
9 228 207
228 229 223
228 223 207
229 230 224
229 224 223
230 231 225
230 225 224
231 232 226
231 226 225
232 233 227
232 227 226
233 8 180
233 180 227
11 239 212
238 240 239
211 212 240
239 240 212
237 241 238
241 242 240
241 240 238
242 210 211
242 211 240
236 243 237
243 244 241
243 241 237
244 245 242
244 242 241
245 209 210
245 210 242
235 246 236
246 247 243
246 243 236
247 248 244
247 244 243
248 249 245
248 245 244
249 208 209
249 209 245
234 250 235
250 251 246
250 246 235
251 252 247
251 247 246
252 253 248
252 248 247
253 254 249
253 249 248
254 207 208
254 208 249
10 255 234
255 256 250
255 250 234
256 257 251
256 251 250
257 258 252
257 252 251
258 259 253
258 253 252
259 260 254
259 254 253
260 9 207
260 207 254
11 159 239
156 261 159
238 239 261
159 261 239
154 262 156
262 263 261
262 261 156
263 237 238
263 238 261
152 264 154
264 265 262
264 262 154
265 266 263
265 263 262
266 236 237
266 237 263
150 267 152
267 268 264
267 264 152
268 269 265
268 265 264
269 270 266
269 266 265
270 235 236
270 236 266
148 271 150
271 272 267
271 267 150
272 273 268
272 268 267
273 274 269
273 269 268
274 275 270
274 270 269
275 234 235
275 235 270
6 276 148
276 277 271
276 271 148
277 278 272
277 272 271
278 279 273
278 273 272
279 280 274
279 274 273
280 281 275
280 275 274
281 10 234
281 234 275
1 287 39
286 288 287
40 39 288
287 288 39
285 289 286
289 290 288
289 288 286
290 41 40
290 40 288
284 291 285
291 292 289
291 289 285
292 293 290
292 290 289
293 42 41
293 41 290
283 294 284
294 295 291
294 291 284
295 296 292
295 292 291
296 297 293
296 293 292
297 43 42
297 42 293
282 298 283
298 299 294
298 294 283
299 300 295
299 295 294
300 301 296
300 296 295
301 302 297
301 297 296
302 44 43
302 43 297
6 303 282
303 304 298
303 298 282
304 305 299
304 299 298
305 306 300
305 300 299
306 307 301
306 301 300
307 308 302
307 302 301
308 2 44
308 44 302
2 314 66
313 315 314
67 66 315
314 315 66
312 316 313
316 317 315
316 315 313
317 68 67
317 67 315
311 318 312
318 319 316
318 316 312
319 320 317
319 317 316
320 69 68
320 68 317
310 321 311
321 322 318
321 318 311
322 323 319
322 319 318
323 324 320
323 320 319
324 70 69
324 69 320
309 325 310
325 326 321
325 321 310
326 327 322
326 322 321
327 328 323
327 323 322
328 329 324
328 324 323
329 71 70
329 70 324
7 330 309
330 331 325
330 325 309
331 332 326
331 326 325
332 333 327
332 327 326
333 334 328
333 328 327
334 335 329
334 329 328
335 3 71
335 71 329
3 341 93
340 342 341
94 93 342
341 342 93
339 343 340
343 344 342
343 342 340
344 95 94
344 94 342
338 345 339
345 346 343
345 343 339
346 347 344
346 344 343
347 96 95
347 95 344
337 348 338
348 349 345
348 345 338
349 350 346
349 346 345
350 351 347
350 347 346
351 97 96
351 96 347
336 352 337
352 353 348
352 348 337
353 354 349
353 349 348
354 355 350
354 350 349
355 356 351
355 351 350
356 98 97
356 97 351
8 357 336
357 358 352
357 352 336
358 359 353
358 353 352
359 360 354
359 354 353
360 361 355
360 355 354
361 362 356
361 356 355
362 4 98
362 98 356
4 368 120
367 369 368
121 120 369
368 369 120
366 370 367
370 371 369
370 369 367
371 122 121
371 121 369
365 372 366
372 373 370
372 370 366
373 374 371
373 371 370
374 123 122
374 122 371
364 375 365
375 376 372
375 372 365
376 377 373
376 373 372
377 378 374
377 374 373
378 124 123
378 123 374
363 379 364
379 380 375
379 375 364
380 381 376
380 376 375
381 382 377
381 377 376
382 383 378
382 378 377
383 125 124
383 124 378
9 384 363
384 385 379
384 379 363
385 386 380
385 380 379
386 387 381
386 381 380
387 388 382
387 382 381
388 389 383
388 383 382
389 5 125
389 125 383
5 395 141
394 396 395
142 141 396
395 396 141
393 397 394
397 398 396
397 396 394
398 143 142
398 142 396
392 399 393
399 400 397
399 397 393
400 401 398
400 398 397
401 144 143
401 143 398
391 402 392
402 403 399
402 399 392
403 404 400
403 400 399
404 405 401
404 401 400
405 145 144
405 144 401
390 406 391
406 407 402
406 402 391
407 408 403
407 403 402
408 409 404
408 404 403
409 410 405
409 405 404
410 146 145
410 145 405
10 411 390
411 412 406
411 406 390
412 413 407
412 407 406
413 414 408
413 408 407
414 415 409
414 409 408
415 416 410
415 410 409
416 1 146
416 146 410
6 179 303
178 417 179
304 303 417
179 417 303
177 418 178
418 419 417
418 417 178
419 305 304
419 304 417
176 420 177
420 421 418
420 418 177
421 422 419
421 419 418
422 306 305
422 305 419
175 423 176
423 424 420
423 420 176
424 425 421
424 421 420
425 426 422
425 422 421
426 307 306
426 306 422
174 427 175
427 428 423
427 423 175
428 429 424
428 424 423
429 430 425
429 425 424
430 431 426
430 426 425
431 308 307
431 307 426
7 309 174
309 310 427
309 427 174
310 311 428
310 428 427
311 312 429
311 429 428
312 313 430
312 430 429
313 314 431
313 431 430
314 2 308
314 308 431
7 206 330
205 432 206
331 330 432
206 432 330
204 433 205
433 434 432
433 432 205
434 332 331
434 331 432
203 435 204
435 436 433
435 433 204
436 437 434
436 434 433
437 333 332
437 332 434
202 438 203
438 439 435
438 435 203
439 440 436
439 436 435
440 441 437
440 437 436
441 334 333
441 333 437
201 442 202
442 443 438
442 438 202
443 444 439
443 439 438
444 445 440
444 440 439
445 446 441
445 441 440
446 335 334
446 334 441
8 336 201
336 337 442
336 442 201
337 338 443
337 443 442
338 339 444
338 444 443
339 340 445
339 445 444
340 341 446
340 446 445
341 3 335
341 335 446
8 233 357
232 447 233
358 357 447
233 447 357
231 448 232
448 449 447
448 447 232
449 359 358
449 358 447
230 450 231
450 451 448
450 448 231
451 452 449
451 449 448
452 360 359
452 359 449
229 453 230
453 454 450
453 450 230
454 455 451
454 451 450
455 456 452
455 452 451
456 361 360
456 360 452
228 457 229
457 458 453
457 453 229
458 459 454
458 454 453
459 460 455
459 455 454
460 461 456
460 456 455
461 362 361
461 361 456
9 363 228
363 364 457
363 457 228
364 365 458
364 458 457
365 366 459
365 459 458
366 367 460
366 460 459
367 368 461
367 461 460
368 4 362
368 362 461
9 260 384
259 462 260
385 384 462
260 462 384
258 463 259
463 464 462
463 462 259
464 386 385
464 385 462
257 465 258
465 466 463
465 463 258
466 467 464
466 464 463
467 387 386
467 386 464
256 468 257
468 469 465
468 465 257
469 470 466
469 466 465
470 471 467
470 467 466
471 388 387
471 387 467
255 472 256
472 473 468
472 468 256
473 474 469
473 469 468
474 475 470
474 470 469
475 476 471
475 471 470
476 389 388
476 388 471
10 390 255
390 391 472
390 472 255
391 392 473
391 473 472
392 393 474
392 474 473
393 394 475
393 475 474
394 395 476
394 476 475
395 5 389
395 389 476
10 281 411
280 477 281
412 411 477
281 477 411
279 478 280
478 479 477
478 477 280
479 413 412
479 412 477
278 480 279
480 481 478
480 478 279
481 482 479
481 479 478
482 414 413
482 413 479
277 483 278
483 484 480
483 480 278
484 485 481
484 481 480
485 486 482
485 482 481
486 415 414
486 414 482
276 487 277
487 488 483
487 483 277
488 489 484
488 484 483
489 490 485
489 485 484
490 491 486
490 486 485
491 416 415
491 415 486
6 282 276
282 283 487
282 487 276
283 284 488
283 488 487
284 285 489
284 489 488
285 286 490
285 490 489
286 287 491
286 491 490
287 1 416
287 416 491
