0.28209479 0 0 0.63078313 0 0
0.28209479 0 0 -0.12615664 -0.43701936 0.43701938
0.28209479 0.25687355 -0.41563011 -0.12615664 -0.13504641 -0.35355611
0.28209479 -0.41563013 -0.25687353 -0.12615664 0.35355609 0.13504642
0.28209479 0.41563013 0.25687353 -0.12615664 0.35355609 0.13504642
0.28209479 -0.25687355 0.41563011 -0.12615664 -0.13504641 -0.35355611
0.28209479 0.41563013 0.25687353 -0.12615664 0.35355609 0.13504642
0.28209479 -0.25687355 0.41563011 -0.12615664 -0.13504641 -0.35355611
0.28209479 -1.0703888e-16 5.3519436e-17 -0.12615664 -0.43701936 0.43701938
0.28209479 0.25687355 -0.41563011 -0.12615664 -0.13504641 -0.35355611
0.28209479 -0.41563013 -0.25687353 -0.12615664 0.35355609 0.13504642
0.28209479 0 0 0.63078313 0 0
0.28209479 0 0 0.093662042 -0.5412471 0.31010701
0.28209479 0.18227632 -0.51475658 0.093662042 -0.16725455 -0.25088184
0.28209479 0 0 0.36926687 -0.48860252 0.15098648
0.28209479 0.088747629 -0.46468861 0.36926687 -0.15098648 -0.12215063
0.28209479 0 0 0.57110301 -0.26559644 0.034456334
0.28209479 0.10390753 -0.25687355 0.44154818 -0.3535561 0.033761604
0.28209479 0.020252925 -0.25259723 0.57110301 -0.082073815 -0.02787576
0.28209479 0.18328583 -0.20781506 0.18003192 -0.50454258 0.18474809
0.28209479 0.25687355 -0.41563012 0.18003192 -0.3535561 -0.041731638
0.28209479 0.21687245 -0.13107968 -0.076671107 -0.45606635 0.3461168
0.28209479 0.37594099 -0.28719334 -0.053875331 -0.39528773 0.12215063
0.28209479 0.37889585 -0.39323903 -0.076671107 -0.26559643 -0.15253995
0.28209479 -0.29492929 -0.31813706 0.093662042 0.4378781 0.095828335
0.28209479 -0.14359668 -0.28719335 0.36926687 0.39528774 0.04665739
0.28209479 -0.064218388 -0.41563013 0.44154818 0.13504641 -0.088389028
0.28209479 -0.032769921 -0.15611367 0.57110301 0.21487204 0.010647593
0.28209479 -0.039689146 -0.54406689 0.18003192 0.041731637 -0.25719705
0.28209479 -0.23234431 -0.4646886 0.18003192 0.28603289 -0.11722488
0.28209479 0.027988854 -0.47425072 -0.076671107 -0.016268073 -0.4074888
0.28209479 -0.23234431 -0.46468859 -0.053875331 0.15098648 -0.3197945
0.28209479 -0.39619391 -0.37411476 -0.076671107 0.29191873 -0.099301983
0.28209479 0.29492929 0.31813706 0.093662042 0.4378781 0.095828335
0.28209479 0.14359668 0.28719335 0.36926687 0.39528774 0.04665739
0.28209479 -2.675972e-17 -5.3519438e-17 0.44154818 0.43701938 0.10925485
0.28209479 0.032769921 0.15611367 0.57110301 0.21487204 0.010647593
0.28209479 -0.11906744 -0.12843677 0.18003192 0.53033415 0.23140548
0.28209479 0.11906744 0.12843677 0.18003192 0.53033415 0.23140548
0.28209479 -0.26215937 -0.16202339 -0.076671107 0.44601213 0.31321393
0.28209479 -9.6817575e-17 -5.9836549e-17 -0.053875331 0.4886025 0.39528775
0.28209479 0.26215937 0.16202339 -0.076671107 0.44601213 0.31321393
0.28209479 -0.18227632 0.51475658 0.093662042 -0.16725455 -0.25088184
0.28209479 -0.088747629 0.46468861 0.36926687 -0.15098648 -0.12215063
0.28209479 0.064218388 0.41563013 0.44154818 0.13504641 -0.088389028
0.28209479 -0.020252925 0.25259723 0.57110301 -0.082073815 -0.02787576
0.28209479 0.23234431 0.4646886 0.18003192 0.28603289 -0.11722488
0.28209479 0.039689146 0.54406689 0.18003192 0.041731637 -0.25719705
0.28209479 0.39619391 0.37411476 -0.076671107 0.29191873 -0.099301983
0.28209479 0.23234431 0.46468859 -0.053875331 0.15098648 -0.3197945
0.28209479 -0.027988854 0.47425072 -0.076671107 -0.016268073 -0.4074888
0.28209479 -0.10390753 0.25687355 0.44154818 -0.3535561 0.033761604
0.28209479 -0.25687355 0.41563012 0.18003192 -0.3535561 -0.041731638
0.28209479 -0.18328583 0.20781506 0.18003192 -0.50454258 0.18474809
0.28209479 -0.37889585 0.39323903 -0.076671107 -0.26559643 -0.15253995
0.28209479 -0.37594099 0.28719334 -0.053875331 -0.39528773 0.12215063
0.28209479 -0.21687245 0.13107968 -0.076671107 -0.45606635 0.3461168
0.28209479 -0.18227632 0.51475658 0.093662042 -0.16725455 -0.25088184
0.28209479 0.29492929 0.31813706 0.093662042 0.4378781 0.095828335
0.28209479 -0.088747629 0.46468861 0.36926687 -0.15098648 -0.12215063
0.28209479 0.14359668 0.28719335 0.36926687 0.39528774 0.04665739
0.28209479 -0.020252925 0.25259723 0.57110301 -0.082073815 -0.02787576
0.28209479 0.064218388 0.41563013 0.44154818 0.13504641 -0.088389028
0.28209479 0.032769921 0.15611367 0.57110301 0.21487204 0.010647593
0.28209479 0.039689146 0.54406689 0.18003192 0.041731637 -0.25719705
0.28209479 0.23234431 0.4646886 0.18003192 0.28603289 -0.11722488
0.28209479 -0.027988854 0.47425072 -0.076671107 -0.016268073 -0.4074888
0.28209479 0.23234431 0.46468859 -0.053875331 0.15098648 -0.3197945
0.28209479 0.39619391 0.37411476 -0.076671107 0.29191873 -0.099301983
0.28209479 -7.595431e-17 6.6283653e-17 0.093662042 -0.5412471 0.31010701
0.28209479 -3.6981023e-17 5.9836551e-17 0.36926687 -0.48860252 0.15098648
0.28209479 -8.4393678e-18 3.2526184e-17 0.57110301 -0.26559644 0.034456334
0.28209479 -0.10390753 0.25687355 0.44154818 -0.3535561 0.033761604
0.28209479 -0.18328583 0.20781506 0.18003192 -0.50454258 0.18474809
0.28209479 -0.25687355 0.41563012 0.18003192 -0.3535561 -0.041731638
0.28209479 -0.21687245 0.13107968 -0.076671107 -0.45606635 0.3461168
0.28209479 -0.37594099 0.28719334 -0.053875331 -0.39528773 0.12215063
0.28209479 -0.37889585 0.39323903 -0.076671107 -0.26559643 -0.15253995
0.28209479 0.18227632 -0.51475658 0.093662042 -0.16725455 -0.25088184
0.28209479 0.088747629 -0.46468861 0.36926687 -0.15098648 -0.12215063
0.28209479 0.020252925 -0.25259723 0.57110301 -0.082073815 -0.02787576
0.28209479 0.10390753 -0.25687355 0.44154818 -0.3535561 0.033761604
0.28209479 0.25687355 -0.41563012 0.18003192 -0.3535561 -0.041731638
0.28209479 0.18328583 -0.20781506 0.18003192 -0.50454258 0.18474809
0.28209479 0.37889585 -0.39323903 -0.076671107 -0.26559643 -0.15253995
0.28209479 0.37594099 -0.28719334 -0.053875331 -0.39528773 0.12215063
0.28209479 0.21687245 -0.13107968 -0.076671107 -0.45606635 0.3461168
0.28209479 -0.29492929 -0.31813706 0.093662042 0.4378781 0.095828335
0.28209479 -0.14359668 -0.28719335 0.36926687 0.39528774 0.04665739
0.28209479 -0.032769921 -0.15611367 0.57110301 0.21487204 0.010647593
0.28209479 -0.064218388 -0.41563013 0.44154818 0.13504641 -0.088389028
0.28209479 -0.23234431 -0.4646886 0.18003192 0.28603289 -0.11722488
0.28209479 -0.039689146 -0.54406689 0.18003192 0.041731637 -0.25719705
0.28209479 -0.39619391 -0.37411476 -0.076671107 0.29191873 -0.099301983
0.28209479 -0.23234431 -0.46468859 -0.053875331 0.15098648 -0.3197945
0.28209479 0.027988854 -0.47425072 -0.076671107 -0.016268073 -0.4074888
0.28209479 -5.351944e-17 -1.0703888e-16 0.44154818 0.43701938 0.10925485
0.28209479 0.11906744 0.12843677 0.18003192 0.53033415 0.23140548
0.28209479 -0.11906744 -0.12843677 0.18003192 0.53033415 0.23140548
0.28209479 0.26215937 0.16202339 -0.076671107 0.44601213 0.31321393
0.28209479 0 0 -0.053875331 0.4886025 0.39528775
0.28209479 -0.26215937 -0.16202339 -0.076671107 0.44601213 0.31321393
0.28209479 0.41644683 0.12151754 -0.25571145 0.23616721 0.29753922
0.28209479 0.32109193 -2.067302e-17 -0.31539157 -6.3625012e-17 0.44194512
0.28209479 0.15428747 -0.040505847 -0.25571145 -0.2624895 0.48800915
0.28209479 0.40047022 -0.12843677 -0.24311026 -0.26024131 0.30689871
0.28209479 0.51953765 -3.932242e-17 -0.31539157 -5.4122668e-17 0.16880802
0.28209479 0.50437775 -0.20781505 -0.24311026 -0.20256961 -0.012895785
0.28209479 0.51180173 0.18705738 -0.25571145 0.18854973 0.0040670184
0.28209479 0.51953765 -5.4122668e-17 -0.31539157 -3.932242e-17 -0.16880802
0.28209479 0.41166576 -0.23712536 -0.25571145 -0.11963707 -0.30411979
0.28209479 -0.1620234 0.26215935 -0.25571145 -0.042590368 -0.48549559
0.28209479 6.6899297e-17 -6.6899297e-17 -0.31539157 -4.0964005e-33 -0.54627422
0.28209479 0.1620234 -0.26215935 -0.25571145 -0.042590368 -0.48549559
0.28209479 -0.14359668 -0.28719334 -0.24311026 0.041731635 -0.48367676
0.28209479 -0.32109193 -6.3625012e-17 -0.31539157 2.067302e-17 -0.44194512
0.28209479 -0.41563012 -0.25687353 -0.24311026 0.13504641 -0.28603289
0.28209479 -0.41166576 0.23712536 -0.25571145 -0.11963707 -0.30411979
0.28209479 -0.51953765 -5.4122668e-17 -0.31539157 3.932242e-17 -0.16880802
0.28209479 -0.51180173 -0.18705738 -0.25571145 0.18854973 0.0040670184
0.28209479 -0.15428747 0.040505847 -0.25571145 -0.2624895 0.48800915
0.28209479 -0.32109193 -2.067302e-17 -0.31539157 6.3625012e-17 0.44194512
0.28209479 -0.41644683 -0.12151754 -0.25571145 0.23616721 0.29753922
0.28209479 -0.16812592 -0.049058479 -0.24311026 0.28603288 0.47570673
0.28209479 -1.3379859e-16 -8.192801e-33 -0.31539157 6.6899297e-17 0.54627422
0.28209479 0.16812592 0.049058479 -0.24311026 0.28603288 0.47570673
0.28209479 0.15428747 -0.040505847 -0.25571145 -0.2624895 0.48800915
0.28209479 0.32109193 2.067302e-17 -0.31539157 6.3625012e-17 0.44194512
0.28209479 0.41644683 0.12151754 -0.25571145 0.23616721 0.29753922
0.28209479 0.41166576 -0.23712536 -0.25571145 -0.11963707 -0.30411979
0.28209479 0.51953765 5.4122668e-17 -0.31539157 3.932242e-17 -0.16880802
0.28209479 0.51180173 0.18705738 -0.25571145 0.18854973 0.0040670184
0.28209479 0.41563012 0.25687353 -0.24311026 0.13504641 -0.28603289
0.28209479 0.32109193 6.3625012e-17 -0.31539157 2.067302e-17 -0.44194512
0.28209479 0.14359668 0.28719334 -0.24311026 0.041731635 -0.48367676
0.28209479 0.1620234 -0.26215935 -0.25571145 -0.042590368 -0.48549559
0.28209479 2.0069789e-16 6.6899297e-17 -0.31539157 1.2289201e-32 -0.54627422
0.28209479 -0.1620234 0.26215935 -0.25571145 -0.042590368 -0.48549559
0.28209479 -0.51180173 -0.18705738 -0.25571145 0.18854973 0.0040670184
0.28209479 -0.51953765 5.4122668e-17 -0.31539157 -3.932242e-17 -0.16880802
0.28209479 -0.41166576 0.23712536 -0.25571145 -0.11963707 -0.30411979
0.28209479 -0.50437775 0.20781505 -0.24311026 -0.20256961 -0.012895785
0.28209479 -0.51953765 3.932242e-17 -0.31539157 -5.4122668e-17 0.16880802
0.28209479 -0.40047022 0.12843677 -0.24311026 -0.26024131 0.30689871
0.28209479 -0.41644683 -0.12151754 -0.25571145 0.23616721 0.29753922
0.28209479 -0.32109193 2.067302e-17 -0.31539157 -6.3625012e-17 0.44194512
0.28209479 -0.15428747 0.040505847 -0.25571145 -0.2624895 0.48800915
0.28209479 0.41563012 0.25687353 -0.24311026 0.13504641 -0.28603289
0.28209479 0.14359668 0.28719334 -0.24311026 0.041731635 -0.48367676
0.28209479 0.32109193 -6.3625012e-17 -0.31539157 -2.067302e-17 -0.44194512
0.28209479 -0.50437775 0.20781505 -0.24311026 -0.20256961 -0.012895785
0.28209479 -0.40047022 0.12843677 -0.24311026 -0.26024131 0.30689871
0.28209479 -0.51953765 -3.932242e-17 -0.31539157 5.4122668e-17 0.16880802
0.28209479 0.40047022 -0.12843677 -0.24311026 -0.26024131 0.30689871
0.28209479 0.50437775 -0.20781505 -0.24311026 -0.20256961 -0.012895785
0.28209479 0.51953765 3.932242e-17 -0.31539157 5.4122668e-17 0.16880802
0.28209479 -0.14359668 -0.28719334 -0.24311026 0.041731635 -0.48367676
0.28209479 -0.41563012 -0.25687353 -0.24311026 0.13504641 -0.28603289
0.28209479 -0.32109193 6.3625012e-17 -0.31539157 -2.067302e-17 -0.44194512
0.28209479 -0.16812592 -0.049058479 -0.24311026 0.28603288 0.47570673
0.28209479 0.16812592 0.049058479 -0.24311026 0.28603288 0.47570673
0.28209479 -2.6759719e-16 1.6385602e-32 -0.31539157 -6.6899297e-17 0.54627422
