0 14 16
12 14 15
13 16 15
14 15 16
1 12 17
17 18 15
17 12 15
18 2 13
18 15 13
0 16 21
13 16 20
19 21 20
16 20 21
2 13 22
22 23 20
22 13 20
23 3 19
23 20 19
0 21 26
19 21 25
24 26 25
21 25 26
3 19 27
27 28 25
27 19 25
28 4 24
28 25 24
0 26 31
24 26 30
29 31 30
26 30 31
4 24 32
32 33 30
32 24 30
33 5 29
33 30 29
0 31 14
29 31 34
12 14 34
31 34 14
5 29 35
35 36 34
35 29 34
36 1 12
36 34 12
11 39 41
37 39 40
38 41 40
39 40 41
6 37 42
42 43 40
42 37 40
43 7 38
43 40 38
11 41 46
38 41 45
44 46 45
41 45 46
7 38 47
47 48 45
47 38 45
48 8 44
48 45 44
11 46 51
44 46 50
49 51 50
46 50 51
8 44 52
52 53 50
52 44 50
53 9 49
53 50 49
11 51 56
49 51 55
54 56 55
51 55 56
9 49 57
57 58 55
57 49 55
58 10 54
58 55 54
11 56 39
54 56 59
37 39 59
56 59 39
10 54 60
60 61 59
60 54 59
61 6 37
61 59 37
1 17 64
18 17 63
62 64 63
17 63 64
2 18 65
65 66 63
65 18 63
66 6 62
66 63 62
2 22 69
23 22 68
67 69 68
22 68 69
3 23 70
70 71 68
70 23 68
71 7 67
71 68 67
3 27 74
28 27 73
72 74 73
27 73 74
4 28 75
75 76 73
75 28 73
76 8 72
76 73 72
4 32 79
33 32 78
77 79 78
32 78 79
5 33 80
80 81 78
80 33 78
81 9 77
81 78 77
5 35 84
36 35 83
82 84 83
35 83 84
1 36 85
85 86 83
85 36 83
86 10 82
86 83 82
6 42 66
43 42 87
65 66 87
42 87 66
7 43 67
67 69 87
67 43 87
69 2 65
69 87 65
7 47 71
48 47 88
70 71 88
47 88 71
8 48 72
72 74 88
72 48 88
74 3 70
74 88 70
8 52 76
53 52 89
75 76 89
52 89 76
9 53 77
77 79 89
77 53 89
79 4 75
79 89 75
9 57 81
58 57 90
80 81 90
57 90 81
10 58 82
82 84 90
82 58 90
84 5 80
84 90 80
10 60 86
61 60 91
85 86 91
60 91 86
6 61 62
62 64 91
62 61 91
64 1 85
64 91 85
