0 14 16
12 15 14
13 16 15
14 15 16
1 17 12
17 18 15
17 15 12
18 2 13
18 13 15
0 16 21
13 20 16
19 21 20
16 20 21
2 22 13
22 23 20
22 20 13
23 3 19
23 19 20
0 21 26
19 25 21
24 26 25
21 25 26
3 27 19
27 28 25
27 25 19
28 4 24
28 24 25
0 26 31
24 30 26
29 31 30
26 30 31
4 32 24
32 33 30
32 30 24
33 5 29
33 29 30
0 31 14
29 34 31
12 14 34
31 34 14
5 35 29
35 36 34
35 34 29
36 1 12
36 12 34
11 39 41
37 40 39
38 41 40
39 40 41
7 42 37
42 43 40
42 40 37
43 6 38
43 38 40
11 45 39
44 46 45
37 39 46
45 46 39
8 47 44
47 48 46
47 46 44
48 7 37
48 37 46
11 50 45
49 51 50
44 45 51
50 51 45
9 52 49
52 53 51
52 51 49
53 8 44
53 44 51
11 55 50
54 56 55
49 50 56
55 56 50
10 57 54
57 58 56
57 56 54
58 9 49
58 49 56
11 41 55
38 59 41
54 55 59
41 59 55
6 60 38
60 61 59
60 59 38
61 10 54
61 54 59
1 63 17
62 64 63
18 17 64
63 64 17
6 65 62
65 66 64
65 64 62
66 2 18
66 18 64
2 68 22
67 69 68
23 22 69
68 69 22
7 70 67
70 71 69
70 69 67
71 3 23
71 23 69
3 73 27
72 74 73
28 27 74
73 74 27
8 75 72
75 76 74
75 74 72
76 4 28
76 28 74
4 78 32
77 79 78
33 32 79
78 79 32
9 80 77
80 81 79
80 79 77
81 5 33
81 33 79
5 83 35
82 84 83
36 35 84
83 84 35
10 85 82
85 86 84
85 84 82
86 1 36
86 36 84
6 43 65
42 87 43
66 65 87
43 87 65
7 67 42
67 68 87
67 87 42
68 2 66
68 66 87
7 48 70
47 88 48
71 70 88
48 88 70
8 72 47
72 73 88
72 88 47
73 3 71
73 71 88
8 53 75
52 89 53
76 75 89
53 89 75
9 77 52
77 78 89
77 89 52
78 4 76
78 76 89
9 58 80
57 90 58
81 80 90
58 90 80
10 82 57
82 83 90
82 90 57
83 5 81
83 81 90
10 61 85
60 91 61
86 85 91
61 91 85
6 62 60
62 63 91
62 91 60
63 1 86
63 86 91
