0.28209479 0 0 0.63078313 0 0 0 0 0 0 0.84628438 0 0 0 0 0 0 0 0 0 0 1.0171072 0 0 0 0 0 0
0.28209479 0 0 -0.12615664 -0.43701936 0.43701938 0 0 0 0 -0.16925685 0.42818981 0.15138791 -0.56644184 0.40053489 0 0 0 0 0 0 0.33361117 -0.074575596 -0.47165707 0.2358286 0.3875058 -0.60585451 0.34979028
0.28209479 0.25687355 -0.41563011 -0.12615664 -0.13504641 -0.35355611 -0.38093131 0.33294616 0.088983581 0.4072327 -0.16925685 0.13231793 -0.12247539 0.45826108 0.12377209 0.33267033 1.4839156e-16 -0.36853992 -0.13861657 -0.27723307 -0.070925607 0.33361117 -0.023045127 0.38157859 -0.19078934 0.11974588 -0.60585451 0.10809114
0.28209479 -0.41563013 -0.25687353 -0.12615664 0.35355609 0.13504642 -0.2354285 -0.5387182 -0.14397846 0.25168365 -0.16925685 -0.34641283 0.046781437 -0.17504016 -0.32403953 0.20560157 2.9678312e-16 -0.2277702 0.22428632 0.44857253 -0.043834436 0.33361117 0.060332925 -0.14575005 0.072875044 -0.31349878 -0.60585451 -0.28298628
0.28209479 0.41563013 0.25687353 -0.12615664 0.35355609 0.13504642 0.2354285 0.5387182 0.14397846 -0.25168365 -0.16925685 -0.34641283 0.046781437 -0.17504016 -0.32403953 -0.20560157 4.4517467e-16 0.2277702 -0.22428632 -0.44857253 0.043834436 0.33361117 0.060332925 -0.14575005 0.072875044 -0.31349878 -0.60585451 -0.28298628
0.28209479 -0.25687355 0.41563011 -0.12615664 -0.13504641 -0.35355611 0.38093131 -0.33294616 -0.088983581 -0.4072327 -0.16925685 0.13231793 -0.12247539 0.45826108 0.12377209 -0.33267033 5.9356623e-16 0.36853992 0.13861657 0.27723307 0.070925607 0.33361117 -0.023045127 0.38157859 -0.19078934 0.11974588 -0.60585451 0.10809114
0.28209479 0.41563013 0.25687353 -0.12615664 0.35355609 0.13504642 0.2354285 0.5387182 0.14397846 -0.25168365 -0.16925685 -0.34641283 0.046781437 -0.17504016 -0.32403953 -0.20560157 7.4195779e-17 0.2277702 -0.22428632 -0.44857253 0.043834436 0.33361117 0.060332925 -0.14575005 0.072875044 -0.31349878 -0.60585451 -0.28298628
0.28209479 -0.25687355 0.41563011 -0.12615664 -0.13504641 -0.35355611 0.38093131 -0.33294616 -0.088983581 -0.4072327 -0.16925685 0.13231793 -0.12247539 0.45826108 0.12377209 -0.33267033 2.2258734e-16 0.36853992 0.13861657 0.27723307 0.070925607 0.33361117 -0.023045127 0.38157859 -0.19078934 0.11974588 -0.60585451 0.10809114
0.28209479 -1.0703888e-16 5.3519436e-17 -0.12615664 -0.43701936 0.43701938 -1.9620551e-16 2.0810736e-16 -3.7079344e-17 -5.2438127e-17 -0.16925685 0.42818981 0.15138791 -0.56644184 0.40053489 -2.5702173e-16 3.7097889e-16 -1.898231e-16 -8.6642021e-17 1.1552267e-16 9.1328765e-18 0.33361117 -0.074575596 -0.47165707 0.2358286 0.3875058 -0.60585451 0.34979028
0.28209479 0.25687355 -0.41563011 -0.12615664 -0.13504641 -0.35355611 -0.38093131 0.33294616 0.088983581 0.4072327 -0.16925685 0.13231793 -0.12247539 0.45826108 0.12377209 0.33267033 5.1937045e-16 -0.36853992 -0.13861657 -0.27723307 -0.070925607 0.33361117 -0.023045127 0.38157859 -0.19078934 0.11974588 -0.60585451 0.10809114
0.28209479 -0.41563013 -0.25687353 -0.12615664 0.35355609 0.13504642 -0.2354285 -0.5387182 -0.14397846 0.25168365 -0.16925685 -0.34641283 0.046781437 -0.17504016 -0.32403953 0.20560157 6.6776201e-16 -0.2277702 0.22428632 0.44857253 -0.043834436 0.33361117 0.060332925 -0.14575005 0.072875044 -0.31349878 -0.60585451 -0.28298628
0.28209479 0 0 0.63078313 0 0 0 0 0 0 0.84628438 0 0 0 0 0 0 0 0 0 0 1.0171072 0 0 0 0 0 0
0.28209479 0 0 0.093662042 -0.5412471 0.31010701 0 0 0 0 -0.36264118 -0.0087053567 0.5441748 -0.49780713 0.20167966 0 0 0 0 0 0 0.011746361 0.52007814 -0.16054546 -0.4548075 0.61065144 -0.37782006 0.12497996
0.28209479 0.18227632 -0.51475658 0.093662042 -0.16725455 -0.25088184 -0.19180876 0.29260369 0.31985792 -0.0082792863 -0.36264118 -0.0026901032 -0.44024666 0.40273443 0.062322443 0.118863 9.2539225e-17 -0.58076403 0.26732914 -0.094366254 0.4946237 0.011746361 0.16071298 0.12988401 0.367947 0.18870167 -0.37782006 0.038620931
0.28209479 0 0 0.36926687 -0.48860252 0.15098648 0 0 0 0 -0.040406503 -0.61793592 0.53156417 -0.21880021 0.047809599 0 0 0 0 0 0 -0.40906091 -0.14873075 0.66888624 -0.56474445 0.26826296 -0.080853369 0.014425134
0.28209479 0.088747629 -0.46468861 0.36926687 -0.15098648 -0.12215063 -0.045469631 0.12860753 0.31244558 -0.58769199 -0.040406503 -0.1909527 -0.43004445 0.17701308 0.014773979 0.013719118 1.9803364e-17 -0.25513324 0.33194846 0.39316147 -0.14145135 -0.40906091 -0.045960329 -0.54114033 0.45688786 0.082897815 -0.080853369 0.0044576117
0.28209479 0 0 0.57110301 -0.26559644 0.034456334 0 0 0 0 0.59411704 -0.57876422 0.1658652 -0.027142214 0.0024898724 0 0 0 0 0 0 0.43540257 -0.83005879 0.38069583 -0.10320157 0.018681206 -0.0022888992 0.00017144027
0.28209479 0.10390753 -0.25687355 0.44154818 -0.3535561 0.033761604 0.014714282 -0.13467956 0.41393819 -0.40898592 0.14809975 -0.56292082 0.13449667 0.043760041 -0.020252471 -0.0032125247 -4.6372365e-18 0.092531658 -0.40651889 0.6763633 -0.29040288 -0.27512753 -0.39970527 0.21976376 0.13208599 -0.1273589 0.03786591 -0.0044216609
0.28209479 0.020252925 -0.25259723 0.57110301 -0.082073815 -0.02787576 -0.0023680094 0.015953793 0.097493116 -0.55043748 0.59411704 -0.17884798 -0.13418776 0.021958513 0.00076941288 0.00016304939 5.6061862e-19 -0.017766882 0.06066036 0.2237674 -0.78943282 0.43540257 -0.25650227 -0.3079894 0.083491823 0.00577281 -0.0022888992 5.2977958e-05
0.28209479 0.18328583 -0.20781506 0.18003192 -0.50454258 0.18474809 0.14202925 -0.38814191 0.42305522 -0.084659536 -0.32925342 -0.20554016 0.42643037 -0.16349049 0.0011286315 0.052848761 -0.24884108 0.54501911 -0.55744172 0.096200724 0.18405062 -0.20481717 0.44684623 0.096968217 -0.2348018 0.0043309795 0.10018934 -0.051603685
0.28209479 0.25687355 -0.41563012 0.18003192 -0.3535561 -0.041731638 -0.044962844 -0.2179161 0.59290834 -0.16931907 -0.32925342 -0.1440314 -0.096323799 0.36041067 -0.13472908 -0.065409186 0.24884108 -0.17253917 -0.31296679 0.13482451 0.36810125 -0.20481717 0.31312562 -0.021903569 0.51761467 -0.51700563 0.10018934 0.034315743
0.28209479 0.21687245 -0.13107968 -0.076671107 -0.45606635 0.3461168 0.31484443 -0.42790895 0.14388745 0.09904429 -0.24765163 0.34460543 0.22963666 -0.38385833 0.15259863 0.28389718 -0.56622728 0.45063623 0.050037132 -0.26346118 0.032740311 0.3273808 0.11391357 -0.42046992 0.044886114 0.21841412 -0.098039993 -0.030902407
0.28209479 0.37594099 -0.28719334 -0.053875331 -0.39528773 0.12215063 0.19261244 -0.54479024 0.30433145 0.18734436 -0.27695013 0.25785739 0.098883283 0.17701308 -0.26510829 -0.15214735 -6.7867135e-17 0.31684027 -0.011432856 -0.46092499 0.11805194 0.3073502 0.16248456 -0.14976361 0.0037147601 -0.43609322 0.55417721 -0.20941286
0.28209479 0.37889585 -0.39323903 -0.076671107 -0.26559643 -0.15253995 -0.2424222 -0.12055935 0.25138444 0.29713287 -0.24765163 0.20068565 -0.10120504 0.56206649 -0.25227928 -0.11711899 0.56622728 -0.34697843 0.014097494 -0.4602906 0.098220932 0.3273808 0.066339115 0.18530872 -0.065724717 -0.36108685 -0.098039993 0.2604529
0.28209479 -0.29492929 -0.31813706 0.093662042 0.4378781 0.095828335 -0.11854433 -0.47344271 -0.51754099 -0.0051168803 -0.36264118 0.0070427815 0.16815926 -0.15383086 -0.16316228 0.073461377 1.8507845e-16 -0.35893191 -0.43254764 0.15268781 0.30569426 0.011746361 -0.42075205 -0.049611275 -0.14054325 -0.49402739 -0.37782006 -0.10111091
0.28209479 -0.14359668 -0.28719335 0.36926687 0.39528774 0.04665739 -0.028101777 -0.20809136 -0.50554757 -0.36321362 -0.040406503 0.49992066 0.16426236 -0.067612982 -0.038678778 0.0084788813 3.9606728e-17 -0.15768101 -0.53710389 -0.63614861 -0.08742174 -0.40906091 0.1203257 0.20669721 -0.17451563 -0.2170293 -0.080853369 -0.011670179
0.28209479 -0.064218388 -0.41563013 0.44154818 0.13504641 -0.088389028 0.023808208 0.083236545 -0.25582787 -0.66175311 0.14809975 0.21501662 -0.35211686 -0.11456528 0.0077357557 -0.0051979741 -1.391171e-17 0.14971937 0.25124249 -0.41801551 -0.46988172 -0.27512753 0.15267383 -0.57534899 -0.34580562 0.048646771 0.03786591 0.0016889242
0.28209479 -0.032769921 -0.15611367 0.57110301 0.21487204 0.010647593 -0.0014635103 -0.02581378 -0.15774718 -0.34018907 0.59411704 0.46823009 0.051255165 -0.0083874055 -0.0020143491 0.00010077006 1.1212372e-18 -0.010980537 -0.098150524 -0.36206325 -0.48789632 0.43540257 0.67153167 0.11764148 -0.031891039 -0.015113413 -0.0022888992 -0.00013869809
0.28209479 -0.039689146 -0.54406689 0.18003192 0.041731637 -0.25719705 0.042816059 0.4101107 -0.091609377 -0.22164154 -0.32925342 0.017000601 -0.59365503 -0.095877506 0.13542661 -0.032746856 -0.24884108 0.16430116 0.58899286 -0.020831532 0.48185079 -0.20481717 -0.036959466 -0.1349943 -0.13769737 0.51968232 0.10018934 -0.066208574
0.28209479 -0.23234431 -0.4646886 0.18003192 0.28603289 -0.11722488 0.11424068 -0.035546248 -0.53629063 -0.18930448 -0.32925342 0.11652385 -0.27057519 -0.41966623 -0.08439578 0.01242366 0.24884108 0.43838403 -0.051050817 -0.12194991 0.41154971 -0.20481717 -0.25332395 -0.061527498 -0.60271632 -0.32385803 0.10018934 0.07281198
0.28209479 0.027988854 -0.47425072 -0.076671107 -0.016268073 -0.4074888 -0.047837639 0.57181188 0.018569647 0.35834561 -0.24765163 0.012292216 -0.27035488 0.059029343 0.34659042 0.058339119 -0.56622728 -0.068469922 -0.066864285 -0.034001445 0.11845556 0.3273808 0.0040633437 0.49502591 -0.0069025408 0.4960742 -0.098039993 -0.27955163
0.28209479 -0.23234431 -0.46468859 -0.053875331 0.15098648 -0.3197945 0.31165348 0.33669888 -0.18808718 0.30312954 -0.27695013 -0.098492758 -0.2588798 -0.46342625 0.10126235 -0.24617958 7.8081508e-16 0.51265832 0.0070658936 0.28486731 0.19101206 0.3073502 -0.062063579 0.39208621 -0.0097253682 0.16657279 0.55417721 0.079988595
0.28209479 -0.39619391 -0.37411476 -0.076671107 0.29191873 -0.099301983 0.16501927 -0.23283983 -0.26286111 0.2826825 -0.24765163 -0.22057487 -0.065883469 -0.52558435 -0.3085158 0.21151367 0.56622728 0.23619177 0.027226907 0.48130464 0.093444185 0.3273808 -0.072913744 0.12063412 0.061458712 -0.44157807 -0.098039993 0.19187115
0.28209479 0.29492929 0.31813706 0.093662042 0.4378781 0.095828335 0.11854433 0.47344271 0.51754099 0.0051168803 -0.36264118 0.0070427815 0.16815926 -0.15383086 -0.16316228 -0.073461377 2.7761768e-16 0.35893191 0.43254764 -0.15268781 -0.30569426 0.011746361 -0.42075205 -0.049611275 -0.14054325 -0.49402739 -0.37782006 -0.10111091
0.28209479 0.14359668 0.28719335 0.36926687 0.39528774 0.04665739 0.028101777 0.20809136 0.50554757 0.36321362 -0.040406503 0.49992066 0.16426236 -0.067612982 -0.038678778 -0.0084788813 3.4665896e-16 0.15768101 0.53710389 0.63614861 0.08742174 -0.40906091 0.1203257 0.20669721 -0.17451563 -0.2170293 -0.080853369 -0.011670179
0.28209479 -2.675972e-17 -5.3519438e-17 0.44154818 0.43701938 0.10925485 -1.2262845e-17 -5.2026842e-17 -1.0660315e-16 -8.5211953e-17 0.14809975 0.6958084 0.43524037 0.14161047 0.025033431 -4.0159647e-18 -2.3186183e-17 -7.7115646e-17 -1.5703864e-16 -1.7418653e-16 -6.0505253e-17 -0.27512753 0.49406288 0.71117046 0.42743926 0.15742426 0.03786591 0.0054654734
0.28209479 0.032769921 0.15611367 0.57110301 0.21487204 0.010647593 0.0014635103 0.02581378 0.15774718 0.34018907 0.59411704 0.46823009 0.051255165 -0.0083874055 -0.0020143491 -0.00010077006 1.6818558e-18 0.010980537 0.098150524 0.36206325 0.48789632 0.43540257 0.67153167 0.11764148 -0.031891039 -0.015113413 -0.0022888992 -0.00013869809
0.28209479 -0.11906744 -0.12843677 0.18003192 0.53033415 0.23140548 -0.11556747 -0.27543114 -0.27482813 -0.052322471 -0.32925342 0.21604711 0.53412365 0.31862355 0.082569615 -0.073087431 -0.24884108 -0.44347541 -0.39556875 -0.062494596 0.11374954 -0.20481717 -0.46968844 0.12145715 0.45760083 0.31685036 0.10018934 0.010684536
0.28209479 0.11906744 0.12843677 0.18003192 0.53033415 0.23140548 0.11556747 0.27543114 0.27482813 0.052322471 -0.32925342 0.21604711 0.53412365 0.31862355 0.082569615 0.073087431 0.24884108 0.44347541 0.39556875 0.062494596 -0.11374954 -0.20481717 -0.46968844 0.12145715 0.45760083 0.31685036 0.10018934 0.010684536
0.28209479 -0.26215937 -0.16202339 -0.076671107 0.44601213 0.31321393 -0.34440972 -0.49730211 -0.17393377 0.12242547 -0.24765163 -0.33700842 0.20780673 0.28834685 0.06160603 -0.24784162 -0.56622728 -0.49295297 0.058151555 0.31847668 0.04046925 0.3273808 -0.11140229 -0.38049883 -0.033717568 0.088176593 -0.098039993 -0.14187
0.28209479 -9.6817575e-17 -5.9836549e-17 -0.053875331 0.4886025 0.39528775 -1.6052272e-16 -2.1045299e-16 -7.8375687e-17 3.9033077e-17 -0.27695013 -0.31872926 0.31999303 0.57282635 0.32769186 -1.9019882e-16 -3.3933568e-16 -2.6405387e-16 -4.4165232e-18 1.1870384e-16 2.4596046e-17 0.3073502 -0.20084196 -0.48464521 0.012021216 0.53904086 0.55417721 0.25884853
0.28209479 0.26215937 0.16202339 -0.076671107 0.44601213 0.31321393 0.34440972 0.49730211 0.17393377 -0.12242547 -0.24765163 -0.33700842 0.20780673 0.28834685 0.06160603 0.24784162 0.56622728 0.49295297 -0.058151555 -0.31847668 -0.04046925 0.3273808 -0.11140229 -0.38049883 -0.033717568 0.088176593 -0.098039993 -0.14187
0.28209479 -0.18227632 0.51475658 0.093662042 -0.16725455 -0.25088184 0.19180876 -0.29260369 -0.31985792 0.0082792863 -0.36264118 -0.0026901032 -0.44024666 0.40273443 0.062322443 -0.118863 3.701569e-16 0.58076403 -0.26732914 0.094366254 -0.4946237 0.011746361 0.16071298 0.12988401 0.367947 0.18870167 -0.37782006 0.038620931
0.28209479 -0.088747629 0.46468861 0.36926687 -0.15098648 -0.12215063 0.045469631 -0.12860753 -0.31244558 0.58769199 -0.040406503 -0.1909527 -0.43004445 0.17701308 0.014773979 -0.013719118 7.9213456e-17 0.25513324 -0.33194846 -0.39316147 0.14145135 -0.40906091 -0.045960329 -0.54114033 0.45688786 0.082897815 -0.080853369 0.0044576117
0.28209479 0.064218388 0.41563013 0.44154818 0.13504641 -0.088389028 -0.023808208 -0.083236545 0.25582787 0.66175311 0.14809975 0.21501662 -0.35211686 -0.11456528 0.0077357557 0.0051979741 -3.2460656e-17 -0.14971937 -0.25124249 0.41801551 0.46988172 -0.27512753 0.15267383 -0.57534899 -0.34580562 0.048646771 0.03786591 0.0016889242
0.28209479 -0.020252925 0.25259723 0.57110301 -0.082073815 -0.02787576 0.0023680094 -0.015953793 -0.097493116 0.55043748 0.59411704 -0.17884798 -0.13418776 0.021958513 0.00076941288 -0.00016304939 2.2424745e-18 0.017766882 -0.06066036 -0.2237674 0.78943282 0.43540257 -0.25650227 -0.3079894 0.083491823 0.00577281 -0.0022888992 5.2977958e-05
0.28209479 0.23234431 0.4646886 0.18003192 0.28603289 -0.11722488 -0.11424068 0.035546248 0.53629063 0.18930448 -0.32925342 0.11652385 -0.27057519 -0.41966623 -0.08439578 -0.01242366 -0.24884108 -0.43838403 0.051050817 0.12194991 -0.41154971 -0.20481717 -0.25332395 -0.061527498 -0.60271632 -0.32385803 0.10018934 0.07281198
0.28209479 0.039689146 0.54406689 0.18003192 0.041731637 -0.25719705 -0.042816059 -0.4101107 0.091609377 0.22164154 -0.32925342 0.017000601 -0.59365503 -0.095877506 0.13542661 0.032746856 0.24884108 -0.16430116 -0.58899286 0.020831532 -0.48185079 -0.20481717 -0.036959466 -0.1349943 -0.13769737 0.51968232 0.10018934 -0.066208574
0.28209479 0.39619391 0.37411476 -0.076671107 0.29191873 -0.099301983 -0.16501927 0.23283983 0.26286111 -0.2826825 -0.24765163 -0.22057487 -0.065883469 -0.52558435 -0.3085158 -0.21151367 -0.56622728 -0.23619177 -0.027226907 -0.48130464 -0.093444185 0.3273808 -0.072913744 0.12063412 0.061458712 -0.44157807 -0.098039993 0.19187115
0.28209479 0.23234431 0.46468859 -0.053875331 0.15098648 -0.3197945 -0.31165348 -0.33669888 0.18808718 -0.30312954 -0.27695013 -0.098492758 -0.2588798 -0.46342625 0.10126235 0.24617958 -4.7506995e-16 -0.51265832 -0.0070658936 -0.28486731 -0.19101206 0.3073502 -0.062063579 0.39208621 -0.0097253682 0.16657279 0.55417721 0.079988595
0.28209479 -0.027988854 0.47425072 -0.076671107 -0.016268073 -0.4074888 0.047837639 -0.57181188 -0.018569647 -0.35834561 -0.24765163 0.012292216 -0.27035488 0.059029343 0.34659042 -0.058339119 0.56622728 0.068469922 0.066864285 0.034001445 -0.11845556 0.3273808 0.0040633437 0.49502591 -0.0069025408 0.4960742 -0.098039993 -0.27955163
0.28209479 -0.10390753 0.25687355 0.44154818 -0.3535561 0.033761604 -0.014714282 0.13467956 -0.41393819 0.40898592 0.14809975 -0.56292082 0.13449667 0.043760041 -0.020252471 0.0032125247 -4.1735129e-17 -0.092531658 0.40651889 -0.6763633 0.29040288 -0.27512753 -0.39970527 0.21976376 0.13208599 -0.1273589 0.03786591 -0.0044216609
0.28209479 -0.25687355 0.41563012 0.18003192 -0.3535561 -0.041731638 0.044962844 0.2179161 -0.59290834 0.16931907 -0.32925342 -0.1440314 -0.096323799 0.36041067 -0.13472908 0.065409186 -0.24884108 0.17253917 0.31296679 -0.13482451 -0.36810125 -0.20481717 0.31312562 -0.021903569 0.51761467 -0.51700563 0.10018934 0.034315743
0.28209479 -0.18328583 0.20781506 0.18003192 -0.50454258 0.18474809 -0.14202925 0.38814191 -0.42305522 0.084659536 -0.32925342 -0.20554016 0.42643037 -0.16349049 0.0011286315 -0.052848761 0.24884108 -0.54501911 0.55744172 -0.096200724 -0.18405062 -0.20481717 0.44684623 0.096968217 -0.2348018 0.0043309795 0.10018934 -0.051603685
0.28209479 -0.37889585 0.39323903 -0.076671107 -0.26559643 -0.15253995 0.2424222 0.12055935 -0.25138444 -0.29713287 -0.24765163 0.20068565 -0.10120504 0.56206649 -0.25227928 0.11711899 -0.56622728 0.34697843 -0.014097494 0.4602906 -0.098220932 0.3273808 0.066339115 0.18530872 -0.065724717 -0.36108685 -0.098039993 0.2604529
0.28209479 -0.37594099 0.28719334 -0.053875331 -0.39528773 0.12215063 -0.19261244 0.54479024 -0.30433145 -0.18734436 -0.27695013 0.25785739 0.098883283 0.17701308 -0.26510829 0.15214735 -6.1080422e-16 -0.31684027 0.011432856 0.46092499 -0.11805194 0.3073502 0.16248456 -0.14976361 0.0037147601 -0.43609322 0.55417721 -0.20941286
0.28209479 -0.21687245 0.13107968 -0.076671107 -0.45606635 0.3461168 -0.31484443 0.42790895 -0.14388745 -0.09904429 -0.24765163 0.34460543 0.22963666 -0.38385833 0.15259863 -0.28389718 0.56622728 -0.45063623 -0.050037132 0.26346118 -0.032740311 0.3273808 0.11391357 -0.42046992 0.044886114 0.21841412 -0.098039993 -0.030902407
0.28209479 -0.18227632 0.51475658 0.093662042 -0.16725455 -0.25088184 0.19180876 -0.29260369 -0.31985792 0.0082792863 -0.36264118 -0.0026901032 -0.44024666 0.40273443 0.062322443 -0.118863 -5.3233441e-16 0.58076403 -0.26732914 0.094366254 -0.4946237 0.011746361 0.16071298 0.12988401 0.367947 0.18870167 -0.37782006 0.038620931
0.28209479 0.29492929 0.31813706 0.093662042 0.4378781 0.095828335 0.11854433 0.47344271 0.51754099 0.0051168803 -0.36264118 0.0070427815 0.16815926 -0.15383086 -0.16316228 -0.073461377 -1.215162e-16 0.35893191 0.43254764 -0.15268781 -0.30569426 0.011746361 -0.42075205 -0.049611275 -0.14054325 -0.49402739 -0.37782006 -0.10111091
0.28209479 -0.088747629 0.46468861 0.36926687 -0.15098648 -0.12215063 0.045469631 -0.12860753 -0.31244558 0.58769199 -0.040406503 -0.1909527 -0.43004445 0.17701308 0.014773979 -0.013719118 2.9705046e-17 0.25513324 -0.33194846 -0.39316147 0.14145135 -0.40906091 -0.045960329 -0.54114033 0.45688786 0.082897815 -0.080853369 0.0044576117
0.28209479 0.14359668 0.28719335 0.36926687 0.39528774 0.04665739 0.028101777 0.20809136 0.50554757 0.36321362 -0.040406503 0.49992066 0.16426236 -0.067612982 -0.038678778 -0.0084788813 9.901682e-18 0.15768101 0.53710389 0.63614861 0.08742174 -0.40906091 0.1203257 0.20669721 -0.17451563 -0.2170293 -0.080853369 -0.011670179
0.28209479 -0.020252925 0.25259723 0.57110301 -0.082073815 -0.02787576 0.0023680094 -0.015953793 -0.097493116 0.55043748 0.59411704 -0.17884798 -0.13418776 0.021958513 0.00076941288 -0.00016304939 8.4092792e-19 0.017766882 -0.06066036 -0.2237674 0.78943282 0.43540257 -0.25650227 -0.3079894 0.083491823 0.00577281 -0.0022888992 5.2977958e-05
0.28209479 0.064218388 0.41563013 0.44154818 0.13504641 -0.088389028 -0.023808208 -0.083236545 0.25582787 0.66175311 0.14809975 0.21501662 -0.35211686 -0.11456528 0.0077357557 0.0051979741 -9.2744731e-18 -0.14971937 -0.25124249 0.41801551 0.46988172 -0.27512753 0.15267383 -0.57534899 -0.34580562 0.048646771 0.03786591 0.0016889242
0.28209479 0.032769921 0.15611367 0.57110301 0.21487204 0.010647593 0.0014635103 0.02581378 0.15774718 0.34018907 0.59411704 0.46823009 0.051255165 -0.0083874055 -0.0020143491 -0.00010077006 2.8030931e-19 0.010980537 0.098150524 0.36206325 0.48789632 0.43540257 0.67153167 0.11764148 -0.031891039 -0.015113413 -0.0022888992 -0.00013869809
0.28209479 0.039689146 0.54406689 0.18003192 0.041731637 -0.25719705 -0.042816059 -0.4101107 0.091609377 0.22164154 -0.32925342 0.017000601 -0.59365503 -0.095877506 0.13542661 0.032746856 0.24884108 -0.16430116 -0.58899286 0.020831532 -0.48185079 -0.20481717 -0.036959466 -0.1349943 -0.13769737 0.51968232 0.10018934 -0.066208574
0.28209479 0.23234431 0.4646886 0.18003192 0.28603289 -0.11722488 -0.11424068 0.035546248 0.53629063 0.18930448 -0.32925342 0.11652385 -0.27057519 -0.41966623 -0.08439578 -0.01242366 -0.24884108 -0.43838403 0.051050817 0.12194991 -0.41154971 -0.20481717 -0.25332395 -0.061527498 -0.60271632 -0.32385803 0.10018934 0.07281198
0.28209479 -0.027988854 0.47425072 -0.076671107 -0.016268073 -0.4074888 0.047837639 -0.57181188 -0.018569647 -0.35834561 -0.24765163 0.012292216 -0.27035488 0.059029343 0.34659042 -0.058339119 0.56622728 0.068469922 0.066864285 0.034001445 -0.11845556 0.3273808 0.0040633437 0.49502591 -0.0069025408 0.4960742 -0.098039993 -0.27955163
0.28209479 0.23234431 0.46468859 -0.053875331 0.15098648 -0.3197945 -0.31165348 -0.33669888 0.18808718 -0.30312954 -0.27695013 -0.098492758 -0.2588798 -0.46342625 0.10126235 0.24617958 -1.3573427e-16 -0.51265832 -0.0070658936 -0.28486731 -0.19101206 0.3073502 -0.062063579 0.39208621 -0.0097253682 0.16657279 0.55417721 0.079988595
0.28209479 0.39619391 0.37411476 -0.076671107 0.29191873 -0.099301983 -0.16501927 0.23283983 0.26286111 -0.2826825 -0.24765163 -0.22057487 -0.065883469 -0.52558435 -0.3085158 -0.21151367 -0.56622728 -0.23619177 -0.027226907 -0.48130464 -0.093444185 0.3273808 -0.072913744 0.12063412 0.061458712 -0.44157807 -0.098039993 0.19187115
0.28209479 -7.595431e-17 6.6283653e-17 0.093662042 -0.5412471 0.31010701 -9.8794542e-17 1.8289137e-16 -1.3328438e-16 1.0660987e-18 -0.36264118 -0.0087053567 0.5441748 -0.49780713 0.20167966 -9.1833784e-17 2.3134806e-16 -2.9913293e-16 1.6709357e-16 3.9322297e-17 -6.3691203e-17 0.011746361 0.52007814 -0.16054546 -0.4548075 0.61065144 -0.37782006 0.12497996
0.28209479 -3.6981023e-17 5.9836551e-17 0.36926687 -0.48860252 0.15098648 -2.3419949e-17 8.0385891e-17 -1.3019567e-16 7.5675325e-17 -0.040406503 -0.61793592 0.53156417 -0.21880021 0.047809599 -1.0599417e-17 4.950841e-17 -1.3141095e-16 2.0748375e-16 -1.6382988e-16 1.8214263e-17 -0.40906091 -0.14873075 0.66888624 -0.56474445 0.26826296 -0.080853369 0.014425134
0.28209479 -8.4393678e-18 3.2526184e-17 0.57110301 -0.26559644 0.034456334 -1.2196857e-18 9.9718878e-18 -4.0625256e-17 7.0878175e-17 0.59411704 -0.57876422 0.1658652 -0.027142214 0.0024898724 -1.2597227e-19 1.4015465e-18 -9.1511515e-18 3.7915641e-17 -9.3243587e-17 1.0165288e-16 0.43540257 -0.83005879 0.38069583 -0.10320157 0.018681206 -0.0022888992 0.00017144027
0.28209479 -0.10390753 0.25687355 0.44154818 -0.3535561 0.033761604 -0.014714282 0.13467956 -0.41393819 0.40898592 0.14809975 -0.56292082 0.13449667 0.043760041 -0.020252471 0.0032125247 -1.8548946e-17 -0.092531658 0.40651889 -0.6763633 0.29040288 -0.27512753 -0.39970527 0.21976376 0.13208599 -0.1273589 0.03786591 -0.0044216609
0.28209479 -0.18328583 0.20781506 0.18003192 -0.50454258 0.18474809 -0.14202925 0.38814191 -0.42305522 0.084659536 -0.32925342 -0.20554016 0.42643037 -0.16349049 0.0011286315 -0.052848761 0.24884108 -0.54501911 0.55744172 -0.096200724 -0.18405062 -0.20481717 0.44684623 0.096968217 -0.2348018 0.0043309795 0.10018934 -0.051603685
0.28209479 -0.25687355 0.41563012 0.18003192 -0.3535561 -0.041731638 0.044962844 0.2179161 -0.59290834 0.16931907 -0.32925342 -0.1440314 -0.096323799 0.36041067 -0.13472908 0.065409186 -0.24884108 0.17253917 0.31296679 -0.13482451 -0.36810125 -0.20481717 0.31312562 -0.021903569 0.51761467 -0.51700563 0.10018934 0.034315743
0.28209479 -0.21687245 0.13107968 -0.076671107 -0.45606635 0.3461168 -0.31484443 0.42790895 -0.14388745 -0.09904429 -0.24765163 0.34460543 0.22963666 -0.38385833 0.15259863 -0.28389718 0.56622728 -0.45063623 -0.050037132 0.26346118 -0.032740311 0.3273808 0.11391357 -0.42046992 0.044886114 0.21841412 -0.098039993 -0.030902407
0.28209479 -0.37594099 0.28719334 -0.053875331 -0.39528773 0.12215063 -0.19261244 0.54479024 -0.30433145 -0.18734436 -0.27695013 0.25785739 0.098883283 0.17701308 -0.26510829 0.15214735 -2.7146854e-16 -0.31684027 0.011432856 0.46092499 -0.11805194 0.3073502 0.16248456 -0.14976361 0.0037147601 -0.43609322 0.55417721 -0.20941286
0.28209479 -0.37889585 0.39323903 -0.076671107 -0.26559643 -0.15253995 0.2424222 0.12055935 -0.25138444 -0.29713287 -0.24765163 0.20068565 -0.10120504 0.56206649 -0.25227928 0.11711899 -0.56622728 0.34697843 -0.014097494 0.4602906 -0.098220932 0.3273808 0.066339115 0.18530872 -0.065724717 -0.36108685 -0.098039993 0.2604529
0.28209479 0.18227632 -0.51475658 0.093662042 -0.16725455 -0.25088184 -0.19180876 0.29260369 0.31985792 -0.0082792863 -0.36264118 -0.0026901032 -0.44024666 0.40273443 0.062322443 0.118863 3.2388729e-16 -0.58076403 0.26732914 -0.094366254 0.4946237 0.011746361 0.16071298 0.12988401 0.367947 0.18870167 -0.37782006 0.038620931
0.28209479 0.088747629 -0.46468861 0.36926687 -0.15098648 -0.12215063 -0.045469631 0.12860753 0.31244558 -0.58769199 -0.040406503 -0.1909527 -0.43004445 0.17701308 0.014773979 0.013719118 6.9311774e-17 -0.25513324 0.33194846 0.39316147 -0.14145135 -0.40906091 -0.045960329 -0.54114033 0.45688786 0.082897815 -0.080853369 0.0044576117
0.28209479 0.020252925 -0.25259723 0.57110301 -0.082073815 -0.02787576 -0.0023680094 0.015953793 0.097493116 -0.55043748 0.59411704 -0.17884798 -0.13418776 0.021958513 0.00076941288 0.00016304939 1.9621652e-18 -0.017766882 0.06066036 0.2237674 -0.78943282 0.43540257 -0.25650227 -0.3079894 0.083491823 0.00577281 -0.0022888992 5.2977958e-05
0.28209479 0.10390753 -0.25687355 0.44154818 -0.3535561 0.033761604 0.014714282 -0.13467956 0.41393819 -0.40898592 0.14809975 -0.56292082 0.13449667 0.043760041 -0.020252471 -0.0032125247 -2.7823419e-17 0.092531658 -0.40651889 0.6763633 -0.29040288 -0.27512753 -0.39970527 0.21976376 0.13208599 -0.1273589 0.03786591 -0.0044216609
0.28209479 0.25687355 -0.41563012 0.18003192 -0.3535561 -0.041731638 -0.044962844 -0.2179161 0.59290834 -0.16931907 -0.32925342 -0.1440314 -0.096323799 0.36041067 -0.13472908 -0.065409186 0.24884108 -0.17253917 -0.31296679 0.13482451 0.36810125 -0.20481717 0.31312562 -0.021903569 0.51761467 -0.51700563 0.10018934 0.034315743
0.28209479 0.18328583 -0.20781506 0.18003192 -0.50454258 0.18474809 0.14202925 -0.38814191 0.42305522 -0.084659536 -0.32925342 -0.20554016 0.42643037 -0.16349049 0.0011286315 0.052848761 -0.24884108 0.54501911 -0.55744172 0.096200724 0.18405062 -0.20481717 0.44684623 0.096968217 -0.2348018 0.0043309795 0.10018934 -0.051603685
0.28209479 0.37889585 -0.39323903 -0.076671107 -0.26559643 -0.15253995 -0.2424222 -0.12055935 0.25138444 0.29713287 -0.24765163 0.20068565 -0.10120504 0.56206649 -0.25227928 -0.11711899 0.56622728 -0.34697843 0.014097494 -0.4602906 0.098220932 0.3273808 0.066339115 0.18530872 -0.065724717 -0.36108685 -0.098039993 0.2604529
0.28209479 0.37594099 -0.28719334 -0.053875331 -0.39528773 0.12215063 0.19261244 -0.54479024 0.30433145 0.18734436 -0.27695013 0.25785739 0.098883283 0.17701308 -0.26510829 -0.15214735 -2.3760358e-15 0.31684027 -0.011432856 -0.46092499 0.11805194 0.3073502 0.16248456 -0.14976361 0.0037147601 -0.43609322 0.55417721 -0.20941286
0.28209479 0.21687245 -0.13107968 -0.076671107 -0.45606635 0.3461168 0.31484443 -0.42790895 0.14388745 0.09904429 -0.24765163 0.34460543 0.22963666 -0.38385833 0.15259863 0.28389718 -0.56622728 0.45063623 0.050037132 -0.26346118 0.032740311 0.3273808 0.11391357 -0.42046992 0.044886114 0.21841412 -0.098039993 -0.030902407
0.28209479 -0.29492929 -0.31813706 0.093662042 0.4378781 0.095828335 -0.11854433 -0.47344271 -0.51754099 -0.0051168803 -0.36264118 0.0070427815 0.16815926 -0.15383086 -0.16316228 0.073461377 4.1642651e-16 -0.35893191 -0.43254764 0.15268781 0.30569426 0.011746361 -0.42075205 -0.049611275 -0.14054325 -0.49402739 -0.37782006 -0.10111091
0.28209479 -0.14359668 -0.28719335 0.36926687 0.39528774 0.04665739 -0.028101777 -0.20809136 -0.50554757 -0.36321362 -0.040406503 0.49992066 0.16426236 -0.067612982 -0.038678778 0.0084788813 8.9115138e-17 -0.15768101 -0.53710389 -0.63614861 -0.08742174 -0.40906091 0.1203257 0.20669721 -0.17451563 -0.2170293 -0.080853369 -0.011670179
0.28209479 -0.032769921 -0.15611367 0.57110301 0.21487204 0.010647593 -0.0014635103 -0.02581378 -0.15774718 -0.34018907 0.59411704 0.46823009 0.051255165 -0.0083874055 -0.0020143491 0.00010077006 2.5227838e-18 -0.010980537 -0.098150524 -0.36206325 -0.48789632 0.43540257 0.67153167 0.11764148 -0.031891039 -0.015113413 -0.0022888992 -0.00013869809
0.28209479 -0.064218388 -0.41563013 0.44154818 0.13504641 -0.088389028 0.023808208 0.083236545 -0.25582787 -0.66175311 0.14809975 0.21501662 -0.35211686 -0.11456528 0.0077357557 -0.0051979741 -3.7097892e-17 0.14971937 0.25124249 -0.41801551 -0.46988172 -0.27512753 0.15267383 -0.57534899 -0.34580562 0.048646771 0.03786591 0.0016889242
0.28209479 -0.23234431 -0.4646886 0.18003192 0.28603289 -0.11722488 0.11424068 -0.035546248 -0.53629063 -0.18930448 -0.32925342 0.11652385 -0.27057519 -0.41966623 -0.08439578 0.01242366 0.24884108 0.43838403 -0.051050817 -0.12194991 0.41154971 -0.20481717 -0.25332395 -0.061527498 -0.60271632 -0.32385803 0.10018934 0.07281198
0.28209479 -0.039689146 -0.54406689 0.18003192 0.041731637 -0.25719705 0.042816059 0.4101107 -0.091609377 -0.22164154 -0.32925342 0.017000601 -0.59365503 -0.095877506 0.13542661 -0.032746856 -0.24884108 0.16430116 0.58899286 -0.020831532 0.48185079 -0.20481717 -0.036959466 -0.1349943 -0.13769737 0.51968232 0.10018934 -0.066208574
0.28209479 -0.39619391 -0.37411476 -0.076671107 0.29191873 -0.099301983 0.16501927 -0.23283983 -0.26286111 0.2826825 -0.24765163 -0.22057487 -0.065883469 -0.52558435 -0.3085158 0.21151367 0.56622728 0.23619177 0.027226907 0.48130464 0.093444185 0.3273808 -0.072913744 0.12063412 0.061458712 -0.44157807 -0.098039993 0.19187115
0.28209479 -0.23234431 -0.46468859 -0.053875331 0.15098648 -0.3197945 0.31165348 0.33669888 -0.18808718 0.30312954 -0.27695013 -0.098492758 -0.2588798 -0.46342625 0.10126235 -0.24617958 -5.4293708e-16 0.51265832 0.0070658936 0.28486731 0.19101206 0.3073502 -0.062063579 0.39208621 -0.0097253682 0.16657279 0.55417721 0.079988595
0.28209479 0.027988854 -0.47425072 -0.076671107 -0.016268073 -0.4074888 -0.047837639 0.57181188 0.018569647 0.35834561 -0.24765163 0.012292216 -0.27035488 0.059029343 0.34659042 0.058339119 -0.56622728 -0.068469922 -0.066864285 -0.034001445 0.11845556 0.3273808 0.0040633437 0.49502591 -0.0069025408 0.4960742 -0.098039993 -0.27955163
0.28209479 -5.351944e-17 -1.0703888e-16 0.44154818 0.43701938 0.10925485 -2.4525689e-17 -1.0405368e-16 -2.1320629e-16 -1.7042391e-16 0.14809975 0.6958084 0.43524037 0.14161047 0.025033431 -8.0319295e-18 -4.6372365e-17 -1.5423129e-16 -3.1407727e-16 -3.4837305e-16 -1.2101051e-16 -0.27512753 0.49406288 0.71117046 0.42743926 0.15742426 0.03786591 0.0054654734
0.28209479 0.11906744 0.12843677 0.18003192 0.53033415 0.23140548 0.11556747 0.27543114 0.27482813 0.052322471 -0.32925342 0.21604711 0.53412365 0.31862355 0.082569615 0.073087431 0.24884108 0.44347541 0.39556875 0.062494596 -0.11374954 -0.20481717 -0.46968844 0.12145715 0.45760083 0.31685036 0.10018934 0.010684536
0.28209479 -0.11906744 -0.12843677 0.18003192 0.53033415 0.23140548 -0.11556747 -0.27543114 -0.27482813 -0.052322471 -0.32925342 0.21604711 0.53412365 0.31862355 0.082569615 -0.073087431 -0.24884108 -0.44347541 -0.39556875 -0.062494596 0.11374954 -0.20481717 -0.46968844 0.12145715 0.45760083 0.31685036 0.10018934 0.010684536
0.28209479 0.26215937 0.16202339 -0.076671107 0.44601213 0.31321393 0.34440972 0.49730211 0.17393377 -0.12242547 -0.24765163 -0.33700842 0.20780673 0.28834685 0.06160603 0.24784162 0.56622728 0.49295297 -0.058151555 -0.31847668 -0.04046925 0.3273808 -0.11140229 -0.38049883 -0.033717568 0.088176593 -0.098039993 -0.14187
0.28209479 0 0 -0.053875331 0.4886025 0.39528775 0 0 0 0 -0.27695013 -0.31872926 0.31999303 0.57282635 0.32769186 0 0 0 0 0 0 0.3073502 -0.20084196 -0.48464521 0.012021216 0.53904086 0.55417721 0.25884853
0.28209479 -0.26215937 -0.16202339 -0.076671107 0.44601213 0.31321393 -0.34440972 -0.49730211 -0.17393377 0.12242547 -0.24765163 -0.33700842 0.20780673 0.28834685 0.06160603 -0.24784162 -0.56622728 -0.49295297 0.058151555 0.31847668 0.04046925 0.3273808 -0.11140229 -0.38049883 -0.033717568 0.088176593 -0.098039993 -0.14187
0.28209479 0.41644683 0.12151754 -0.25571145 0.23616721 0.29753922 0.51972395 0.39893291 -0.2014156 -0.19038626 0.13191373 -0.37001236 -0.14390562 0.058319373 -0.1780485 0.16084644 0.34994768 -0.12829117 -0.47878757 -0.0014266928 0.20989415 0.027184687 0.4079256 -0.0010193308 -0.0699932 0.043950351 -0.36413536 -0.53837704
0.28209479 0.32109193 -2.067302e-17 -0.31539157 -6.3625012e-17 0.44194512 0.59520515 -8.7688745e-17 -0.27807377 3.7978762e-17 0.31735664 1.1688661e-16 -0.3827357 -6.3709602e-17 0.19339388 0.6497467 -1.4491363e-16 -0.47986974 1.3690401e-16 0.27073543 -5.5121323e-17 -0.31784601 -1.6964599e-16 0.37263536 9.9466584e-17 -0.15591913 -8.8734006e-33 -0.2111155
0.28209479 0.15428747 -0.040505847 -0.25571145 -0.2624895 0.48800915 0.31581122 -0.17874207 -0.074621536 0.063462086 0.13191373 0.41125252 -0.2360269 -0.36138607 0.44953034 0.44657759 -0.34994768 -0.077956365 0.21452099 -0.00052856885 -0.069964716 0.027184687 -0.45339142 -0.001671856 0.43372495 -0.11096424 -0.36413536 0.34101301
0.28209479 0.40047022 -0.12843677 -0.24311026 -0.26024131 0.30689871 0.51550662 -0.42600743 -0.16135597 0.19389452 0.096525224 0.39287322 -0.12365449 -0.084327824 -0.1388125 0.20506448 -0.40263329 -0.06636322 0.47880271 -0.061621194 -0.19867869 0.081747202 -0.40256699 -0.047223149 0.094778607 0.017869886 0.35420154 -0.49767635
0.28209479 0.51953765 -3.932242e-17 -0.31539157 -5.4122668e-17 0.16880802 0.36785702 -1.030843e-16 -0.4499328 7.2239899e-17 0.31735664 9.942969e-17 -0.14619203 3.349412e-17 -0.50631175 -0.40156554 -1.7746801e-32 -0.29657581 1.6094031e-16 0.43805913 -1.0484699e-16 -0.31784601 -1.443095e-16 0.14233404 -5.2292678e-17 0.40820158 1.4491363e-16 -0.55270755
0.28209479 0.50437775 -0.20781505 -0.24311026 -0.20256961 -0.012895785 -0.027281777 -0.2950806 -0.203222 0.31372793 0.096525224 0.30580915 0.0051959216 0.31862353 -0.53317135 -0.53668675 0.40263329 0.0035120918 0.33165006 -0.077609664 -0.32146887 0.081747202 -0.3133547 0.0019843015 -0.35811068 0.068637272 0.35420154 0.041237458
0.28209479 0.51180173 0.18705738 -0.25571145 0.18854973 0.0040670184 0.0087306552 0.28846424 -0.24753424 -0.29307007 0.13191373 -0.2954082 -0.0019670241 -0.28166825 -0.54930686 -0.56173128 -0.34994768 -0.002155117 -0.34620631 -0.0017533663 0.32309944 0.027184687 0.32567714 -1.3933078e-05 0.33804996 0.13559355 -0.36413536 -0.013393602
0.28209479 0.51953765 -5.4122668e-17 -0.31539157 -3.932242e-17 -0.16880802 -0.36785702 -3.349412e-17 -0.4499328 9.942969e-17 0.31735664 7.2239899e-17 0.14619203 1.030843e-16 -0.50631175 -0.40156554 1.4491363e-16 0.29657581 5.2292678e-17 0.43805913 -1.443095e-16 -0.31784601 -1.0484699e-16 -0.14233404 -1.6094031e-16 0.40820158 2.6620202e-32 0.55270755
0.28209479 0.41166576 -0.23712536 -0.25571145 -0.11963707 -0.30411979 -0.52511979 0.06781203 -0.19910322 0.37151352 0.13191373 0.18744005 0.14708833 0.39742942 -0.16144181 0.18632258 0.34994768 0.1296231 -0.081386008 -0.0014103135 -0.40958058 0.027184687 -0.20664605 0.001041875 -0.47698313 0.039851074 -0.36413536 0.53009934
0.28209479 -0.1620234 0.26215935 -0.25571145 -0.042590368 -0.48549559 0.32993772 -0.35702277 0.078363038 -0.41073525 0.13191373 0.066727987 0.23481121 0.18730552 0.43926683 -0.46232271 0.34994768 -0.081443418 0.42848825 0.00055507114 0.45282115 0.027184687 -0.073565256 0.0016632449 -0.22479859 -0.10843074 -0.36413536 -0.31934171
0.28209479 6.6899297e-17 -6.6899297e-17 -0.31539157 -4.0964005e-33 -0.54627422 -1.5328555e-16 1.0838925e-16 -5.7936491e-17 1.2290186e-16 0.31735664 7.5255682e-33 0.47308735 1.9910782e-32 0.62583574 2.5099777e-16 -1.4491363e-16 1.2358276e-16 -1.6922266e-16 5.6407554e-17 -1.7837635e-16 -0.31784601 -1.0922401e-32 -0.46060263 -3.1085698e-32 -0.5045649 -4.4367003e-32 -0.68318411
0.28209479 0.1620234 -0.26215935 -0.25571145 -0.042590368 -0.48549559 -0.32993772 0.35702277 -0.078363038 0.41073525 0.13191373 0.066727987 0.23481121 0.18730552 0.43926683 0.46232271 -0.34994768 0.081443418 -0.42848825 -0.00055507114 -0.45282115 0.027184687 -0.073565256 0.0016632449 -0.22479859 -0.10843074 -0.36413536 -0.31934171
0.28209479 -0.14359668 -0.28719334 -0.24311026 0.041731635 -0.48367676 0.29131883 0.3942139 0.057857437 0.43356134 0.096525224 -0.06300015 0.19488124 -0.18217824 0.44738051 -0.40994993 -0.40263329 -0.037502634 -0.443069 0.022095522 -0.44425905 0.081747202 0.064554619 0.074424359 0.20475567 -0.057593075 0.35420154 -0.34881836
0.28209479 -0.32109193 -6.3625012e-17 -0.31539157 2.067302e-17 -0.44194512 0.59520515 6.3709602e-17 0.27807377 1.1688661e-16 0.31735664 -3.7978762e-17 0.3827357 -8.7688745e-17 0.19339388 -0.6497467 2.0417791e-31 -0.47986974 -9.9466584e-17 -0.27073543 -1.6964599e-16 -0.31784601 5.5121323e-17 -0.37263536 1.3690401e-16 -0.15591913 1.4491363e-16 0.2111155
0.28209479 -0.41563012 -0.25687353 -0.24311026 0.13504641 -0.28603289 0.49864555 0.05144301 0.16746414 0.38778905 0.096525224 -0.20387277 0.11524731 -0.43121587 -0.19070552 -0.12662617 0.40263329 -0.064192628 -0.057818364 0.06395388 -0.39735738 0.081747202 0.20890314 0.044012482 0.48465664 0.024550281 0.35420154 0.5231625
0.28209479 -0.41166576 0.23712536 -0.25571145 -0.11963707 -0.30411979 0.52511979 -0.06781203 0.19910322 -0.37151352 0.13191373 0.18744005 0.14708833 0.39742942 -0.16144181 -0.18632258 -0.34994768 -0.1296231 0.081386008 0.0014103135 0.40958058 0.027184687 -0.20664605 0.001041875 -0.47698313 0.039851074 -0.36413536 0.53009934
0.28209479 -0.51953765 -5.4122668e-17 -0.31539157 3.932242e-17 -0.16880802 0.36785702 -3.349412e-17 0.4499328 9.942969e-17 0.31735664 -7.2239899e-17 0.14619203 -1.030843e-16 -0.50631175 0.40156554 1.4491363e-16 -0.29657581 5.2292678e-17 -0.43805913 -1.443095e-16 -0.31784601 1.0484699e-16 -0.14233404 1.6094031e-16 0.40820158 6.2113804e-32 0.55270755
0.28209479 -0.51180173 -0.18705738 -0.25571145 0.18854973 0.0040670184 -0.0087306552 -0.28846424 0.24753424 0.29307007 0.13191373 -0.2954082 -0.0019670241 -0.28166825 -0.54930686 0.56173128 0.34994768 0.002155117 0.34620631 0.0017533663 -0.32309944 0.027184687 0.32567714 -1.3933078e-05 0.33804996 0.13559355 -0.36413536 -0.013393602
0.28209479 -0.15428747 0.040505847 -0.25571145 -0.2624895 0.48800915 -0.31581122 0.17874207 0.074621536 -0.063462086 0.13191373 0.41125252 -0.2360269 -0.36138607 0.44953034 -0.44657759 0.34994768 0.077956365 -0.21452099 0.00052856885 0.069964716 0.027184687 -0.45339142 -0.001671856 0.43372495 -0.11096424 -0.36413536 0.34101301
0.28209479 -0.32109193 -2.067302e-17 -0.31539157 6.3625012e-17 0.44194512 -0.59520515 -8.7688745e-17 0.27807377 3.7978762e-17 0.31735664 -1.1688661e-16 -0.3827357 6.3709602e-17 0.19339388 -0.6497467 -1.4491363e-16 0.47986974 1.3690401e-16 -0.27073543 -5.5121323e-17 -0.31784601 1.6964599e-16 0.37263536 -9.9466584e-17 -0.15591913 -7.9860605e-32 -0.2111155
0.28209479 -0.41644683 -0.12151754 -0.25571145 0.23616721 0.29753922 -0.51972395 -0.39893291 0.2014156 0.19038626 0.13191373 -0.37001236 -0.14390562 0.058319373 -0.1780485 -0.16084644 -0.34994768 0.12829117 0.47878757 0.0014266928 -0.20989415 0.027184687 0.4079256 -0.0010193308 -0.0699932 0.043950351 -0.36413536 -0.53837704
0.28209479 -0.16812592 -0.049058479 -0.24311026 0.28603288 0.47570673 -0.33546168 -0.21184406 0.067740668 0.074061118 0.096525224 -0.43180945 -0.19166998 0.37909841 0.41530885 -0.45842747 -0.40263329 0.043185318 0.23809799 0.025869888 -0.075888506 0.081747202 0.44246394 -0.073197994 -0.42608024 -0.053464363 0.35420154 0.28209475
0.28209479 -1.3379859e-16 -8.192801e-33 -0.31539157 6.6899297e-17 0.54627422 -3.0657109e-16 -3.9821564e-32 1.1587298e-16 1.5051136e-32 0.31735664 -1.2290186e-16 -0.47308735 1.0838925e-16 0.62583574 -5.0199554e-16 -8.8734006e-32 2.4716552e-16 6.2171397e-32 -1.1281511e-16 -2.1844802e-32 -0.31784601 1.7837635e-16 0.46060263 -1.6922266e-16 -0.5045649 1.4491363e-16 0.68318411
0.28209479 0.16812592 0.049058479 -0.24311026 0.28603288 0.47570673 0.33546168 0.21184406 -0.067740668 -0.074061118 0.096525224 -0.43180945 -0.19166998 0.37909841 0.41530885 0.45842747 0.40263329 -0.043185318 -0.23809799 -0.025869888 0.075888506 0.081747202 0.44246394 -0.073197994 -0.42608024 -0.053464363 0.35420154 0.28209475
0.28209479 0.15428747 -0.040505847 -0.25571145 -0.2624895 0.48800915 0.31581122 -0.17874207 -0.074621536 0.063462086 0.13191373 0.41125252 -0.2360269 -0.36138607 0.44953034 0.44657759 -0.34994768 -0.077956365 0.21452099 -0.00052856885 -0.069964716 0.027184687 -0.45339142 -0.001671856 0.43372495 -0.11096424 -0.36413536 0.34101301
0.28209479 0.32109193 2.067302e-17 -0.31539157 6.3625012e-17 0.44194512 0.59520515 8.7688745e-17 -0.27807377 -3.7978762e-17 0.31735664 -1.1688661e-16 -0.3827357 6.3709602e-17 0.19339388 0.6497467 1.4491363e-16 -0.47986974 -1.3690401e-16 0.27073543 5.5121323e-17 -0.31784601 1.6964599e-16 0.37263536 -9.9466584e-17 -0.15591913 3.5502572e-31 -0.2111155
0.28209479 0.41644683 0.12151754 -0.25571145 0.23616721 0.29753922 0.51972395 0.39893291 -0.2014156 -0.19038626 0.13191373 -0.37001236 -0.14390562 0.058319373 -0.1780485 0.16084644 0.34994768 -0.12829117 -0.47878757 -0.0014266928 0.20989415 0.027184687 0.4079256 -0.0010193308 -0.0699932 0.043950351 -0.36413536 -0.53837704
0.28209479 0.41166576 -0.23712536 -0.25571145 -0.11963707 -0.30411979 -0.52511979 0.06781203 -0.19910322 0.37151352 0.13191373 0.18744005 0.14708833 0.39742942 -0.16144181 0.18632258 0.34994768 0.1296231 -0.081386008 -0.0014103135 -0.40958058 0.027184687 -0.20664605 0.001041875 -0.47698313 0.039851074 -0.36413536 0.53009934
0.28209479 0.51953765 5.4122668e-17 -0.31539157 3.932242e-17 -0.16880802 -0.36785702 3.349412e-17 -0.4499328 -9.942969e-17 0.31735664 -7.2239899e-17 0.14619203 -1.030843e-16 -0.50631175 -0.40156554 -1.4491363e-16 0.29657581 -5.2292678e-17 0.43805913 1.443095e-16 -0.31784601 1.0484699e-16 -0.14233404 1.6094031e-16 0.40820158 1.4206411e-31 0.55270755
0.28209479 0.51180173 0.18705738 -0.25571145 0.18854973 0.0040670184 0.0087306552 0.28846424 -0.24753424 -0.29307007 0.13191373 -0.2954082 -0.0019670241 -0.28166825 -0.54930686 -0.56173128 -0.34994768 -0.002155117 -0.34620631 -0.0017533663 0.32309944 0.027184687 0.32567714 -1.3933078e-05 0.33804996 0.13559355 -0.36413536 -0.013393602
0.28209479 0.41563012 0.25687353 -0.24311026 0.13504641 -0.28603289 -0.49864555 -0.05144301 -0.16746414 -0.38778905 0.096525224 -0.20387277 0.11524731 -0.43121587 -0.19070552 0.12662617 -0.40263329 0.064192628 0.057818364 -0.06395388 0.39735738 0.081747202 0.20890314 0.044012482 0.48465664 0.024550281 0.35420154 0.5231625
0.28209479 0.32109193 6.3625012e-17 -0.31539157 2.067302e-17 -0.44194512 -0.59520515 -6.3709602e-17 -0.27807377 -1.1688661e-16 0.31735664 -3.7978762e-17 0.3827357 -8.7688745e-17 0.19339388 0.6497467 -1.2422761e-31 0.47986974 9.9466584e-17 0.27073543 1.6964599e-16 -0.31784601 5.5121323e-17 -0.37263536 1.3690401e-16 -0.15591913 1.4491363e-16 0.2111155
0.28209479 0.14359668 0.28719334 -0.24311026 0.041731635 -0.48367676 -0.29131883 -0.3942139 -0.057857437 -0.43356134 0.096525224 -0.06300015 0.19488124 -0.18217824 0.44738051 0.40994993 0.40263329 0.037502634 0.443069 -0.022095522 0.44425905 0.081747202 0.064554619 0.074424359 0.20475567 -0.057593075 0.35420154 -0.34881836
0.28209479 0.1620234 -0.26215935 -0.25571145 -0.042590368 -0.48549559 -0.32993772 0.35702277 -0.078363038 0.41073525 0.13191373 0.066727987 0.23481121 0.18730552 0.43926683 0.46232271 -0.34994768 0.081443418 -0.42848825 -0.00055507114 -0.45282115 0.027184687 -0.073565256 0.0016632449 -0.22479859 -0.10843074 -0.36413536 -0.31934171
0.28209479 2.0069789e-16 6.6899297e-17 -0.31539157 1.2289201e-32 -0.54627422 -4.5985664e-16 -1.0838925e-16 -1.7380947e-16 -1.2290186e-16 0.31735664 -2.2576705e-32 0.47308735 -5.9732346e-32 0.62583574 7.529933e-16 1.4491363e-16 3.7074827e-16 1.6922266e-16 1.6922266e-16 1.7837635e-16 -0.31784601 3.2767203e-32 -0.46060263 9.3257095e-32 -0.5045649 3.9051933e-31 -0.68318411
0.28209479 -0.1620234 0.26215935 -0.25571145 -0.042590368 -0.48549559 0.32993772 -0.35702277 0.078363038 -0.41073525 0.13191373 0.066727987 0.23481121 0.18730552 0.43926683 -0.46232271 0.34994768 -0.081443418 0.42848825 0.00055507114 0.45282115 0.027184687 -0.073565256 0.0016632449 -0.22479859 -0.10843074 -0.36413536 -0.31934171
0.28209479 -0.51180173 -0.18705738 -0.25571145 0.18854973 0.0040670184 -0.0087306552 -0.28846424 0.24753424 0.29307007 0.13191373 -0.2954082 -0.0019670241 -0.28166825 -0.54930686 0.56173128 0.34994768 0.002155117 0.34620631 0.0017533663 -0.32309944 0.027184687 0.32567714 -1.3933078e-05 0.33804996 0.13559355 -0.36413536 -0.013393602
0.28209479 -0.51953765 5.4122668e-17 -0.31539157 -3.932242e-17 -0.16880802 0.36785702 3.349412e-17 0.4499328 -9.942969e-17 0.31735664 7.2239899e-17 0.14619203 1.030843e-16 -0.50631175 0.40156554 -1.4491363e-16 -0.29657581 -5.2292678e-17 -0.43805913 1.443095e-16 -0.31784601 -1.0484699e-16 -0.14233404 -1.6094031e-16 0.40820158 1.0657051e-31 0.55270755
0.28209479 -0.41166576 0.23712536 -0.25571145 -0.11963707 -0.30411979 0.52511979 -0.06781203 0.19910322 -0.37151352 0.13191373 0.18744005 0.14708833 0.39742942 -0.16144181 -0.18632258 -0.34994768 -0.1296231 0.081386008 0.0014103135 0.40958058 0.027184687 -0.20664605 0.001041875 -0.47698313 0.039851074 -0.36413536 0.53009934
0.28209479 -0.50437775 0.20781505 -0.24311026 -0.20256961 -0.012895785 0.027281777 0.2950806 0.203222 -0.31372793 0.096525224 0.30580915 0.0051959216 0.31862353 -0.53317135 0.53668675 -0.40263329 -0.0035120918 -0.33165006 0.077609664 0.32146887 0.081747202 -0.3133547 0.0019843015 -0.35811068 0.068637272 0.35420154 0.041237458
0.28209479 -0.51953765 3.932242e-17 -0.31539157 -5.4122668e-17 0.16880802 -0.36785702 1.030843e-16 0.4499328 -7.2239899e-17 0.31735664 9.942969e-17 -0.14619203 3.349412e-17 -0.50631175 0.40156554 -1.5972121e-31 0.29657581 -1.6094031e-16 -0.43805913 1.0484699e-16 -0.31784601 -1.443095e-16 0.14233404 -5.2292678e-17 0.40820158 1.4491363e-16 -0.55270755
0.28209479 -0.40047022 0.12843677 -0.24311026 -0.26024131 0.30689871 -0.51550662 0.42600743 0.16135597 -0.19389452 0.096525224 0.39287322 -0.12365449 -0.084327824 -0.1388125 -0.20506448 0.40263329 0.06636322 -0.47880271 0.061621194 0.19867869 0.081747202 -0.40256699 -0.047223149 0.094778607 0.017869886 0.35420154 -0.49767635
0.28209479 -0.41644683 -0.12151754 -0.25571145 0.23616721 0.29753922 -0.51972395 -0.39893291 0.2014156 0.19038626 0.13191373 -0.37001236 -0.14390562 0.058319373 -0.1780485 -0.16084644 -0.34994768 0.12829117 0.47878757 0.0014266928 -0.20989415 0.027184687 0.4079256 -0.0010193308 -0.0699932 0.043950351 -0.36413536 -0.53837704
0.28209479 -0.32109193 2.067302e-17 -0.31539157 -6.3625012e-17 0.44194512 -0.59520515 8.7688745e-17 0.27807377 -3.7978762e-17 0.31735664 1.1688661e-16 -0.3827357 -6.3709602e-17 0.19339388 -0.6497467 1.4491363e-16 0.47986974 -1.3690401e-16 -0.27073543 5.5121323e-17 -0.31784601 -1.6964599e-16 0.37263536 9.9466584e-17 -0.15591913 4.2601293e-31 -0.2111155
0.28209479 -0.15428747 0.040505847 -0.25571145 -0.2624895 0.48800915 -0.31581122 0.17874207 0.074621536 -0.063462086 0.13191373 0.41125252 -0.2360269 -0.36138607 0.44953034 -0.44657759 0.34994768 0.077956365 -0.21452099 0.00052856885 0.069964716 0.027184687 -0.45339142 -0.001671856 0.43372495 -0.11096424 -0.36413536 0.34101301
0.28209479 0.41563012 0.25687353 -0.24311026 0.13504641 -0.28603289 -0.49864555 -0.05144301 -0.16746414 -0.38778905 0.096525224 -0.20387277 0.11524731 -0.43121587 -0.19070552 0.12662617 -0.40263329 0.064192628 0.057818364 -0.06395388 0.39735738 0.081747202 0.20890314 0.044012482 0.48465664 0.024550281 0.35420154 0.5231625
0.28209479 0.14359668 0.28719334 -0.24311026 0.041731635 -0.48367676 -0.29131883 -0.3942139 -0.057857437 -0.43356134 0.096525224 -0.06300015 0.19488124 -0.18217824 0.44738051 0.40994993 0.40263329 0.037502634 0.443069 -0.022095522 0.44425905 0.081747202 0.064554619 0.074424359 0.20475567 -0.057593075 0.35420154 -0.34881836
0.28209479 0.32109193 -6.3625012e-17 -0.31539157 -2.067302e-17 -0.44194512 -0.59520515 6.3709602e-17 -0.27807377 1.1688661e-16 0.31735664 3.7978762e-17 0.3827357 8.7688745e-17 0.19339388 0.6497467 3.5493602e-32 0.47986974 -9.9466584e-17 0.27073543 -1.6964599e-16 -0.31784601 -5.5121323e-17 -0.37263536 -1.3690401e-16 -0.15591913 -1.4491363e-16 0.2111155
0.28209479 -0.50437775 0.20781505 -0.24311026 -0.20256961 -0.012895785 0.027281777 0.2950806 0.203222 -0.31372793 0.096525224 0.30580915 0.0051959216 0.31862353 -0.53317135 0.53668675 -0.40263329 -0.0035120918 -0.33165006 0.077609664 0.32146887 0.081747202 -0.3133547 0.0019843015 -0.35811068 0.068637272 0.35420154 0.041237458
0.28209479 -0.40047022 0.12843677 -0.24311026 -0.26024131 0.30689871 -0.51550662 0.42600743 0.16135597 -0.19389452 0.096525224 0.39287322 -0.12365449 -0.084327824 -0.1388125 -0.20506448 0.40263329 0.06636322 -0.47880271 0.061621194 0.19867869 0.081747202 -0.40256699 -0.047223149 0.094778607 0.017869886 0.35420154 -0.49767635
0.28209479 -0.51953765 -3.932242e-17 -0.31539157 5.4122668e-17 0.16880802 -0.36785702 -1.030843e-16 0.4499328 7.2239899e-17 0.31735664 -9.942969e-17 -0.14619203 -3.349412e-17 -0.50631175 0.40156554 7.0987205e-32 0.29657581 1.6094031e-16 -0.43805913 -1.0484699e-16 -0.31784601 1.443095e-16 0.14233404 5.2292678e-17 0.40820158 -1.4491363e-16 -0.55270755
0.28209479 0.40047022 -0.12843677 -0.24311026 -0.26024131 0.30689871 0.51550662 -0.42600743 -0.16135597 0.19389452 0.096525224 0.39287322 -0.12365449 -0.084327824 -0.1388125 0.20506448 -0.40263329 -0.06636322 0.47880271 -0.061621194 -0.19867869 0.081747202 -0.40256699 -0.047223149 0.094778607 0.017869886 0.35420154 -0.49767635
0.28209479 0.50437775 -0.20781505 -0.24311026 -0.20256961 -0.012895785 -0.027281777 -0.2950806 -0.203222 0.31372793 0.096525224 0.30580915 0.0051959216 0.31862353 -0.53317135 -0.53668675 0.40263329 0.0035120918 0.33165006 -0.077609664 -0.32146887 0.081747202 -0.3133547 0.0019843015 -0.35811068 0.068637272 0.35420154 0.041237458
0.28209479 0.51953765 3.932242e-17 -0.31539157 5.4122668e-17 0.16880802 0.36785702 1.030843e-16 -0.4499328 -7.2239899e-17 0.31735664 -9.942969e-17 -0.14619203 -3.349412e-17 -0.50631175 -0.40156554 1.0648081e-31 -0.29657581 -1.6094031e-16 0.43805913 1.0484699e-16 -0.31784601 1.443095e-16 0.14233404 5.2292678e-17 0.40820158 -1.4491363e-16 -0.55270755
0.28209479 -0.14359668 -0.28719334 -0.24311026 0.041731635 -0.48367676 0.29131883 0.3942139 0.057857437 0.43356134 0.096525224 -0.06300015 0.19488124 -0.18217824 0.44738051 -0.40994993 -0.40263329 -0.037502634 -0.443069 0.022095522 -0.44425905 0.081747202 0.064554619 0.074424359 0.20475567 -0.057593075 0.35420154 -0.34881836
0.28209479 -0.41563012 -0.25687353 -0.24311026 0.13504641 -0.28603289 0.49864555 0.05144301 0.16746414 0.38778905 0.096525224 -0.20387277 0.11524731 -0.43121587 -0.19070552 -0.12662617 0.40263329 -0.064192628 -0.057818364 0.06395388 -0.39735738 0.081747202 0.20890314 0.044012482 0.48465664 0.024550281 0.35420154 0.5231625
0.28209479 -0.32109193 6.3625012e-17 -0.31539157 -2.067302e-17 -0.44194512 0.59520515 -6.3709602e-17 0.27807377 -1.1688661e-16 0.31735664 3.7978762e-17 0.3827357 8.7688745e-17 0.19339388 -0.6497467 1.4197441e-31 -0.47986974 9.9466584e-17 -0.27073543 1.6964599e-16 -0.31784601 -5.5121323e-17 -0.37263536 -1.3690401e-16 -0.15591913 -1.4491363e-16 0.2111155
0.28209479 -0.16812592 -0.049058479 -0.24311026 0.28603288 0.47570673 -0.33546168 -0.21184406 0.067740668 0.074061118 0.096525224 -0.43180945 -0.19166998 0.37909841 0.41530885 -0.45842747 -0.40263329 0.043185318 0.23809799 0.025869888 -0.075888506 0.081747202 0.44246394 -0.073197994 -0.42608024 -0.053464363 0.35420154 0.28209475
0.28209479 0.16812592 0.049058479 -0.24311026 0.28603288 0.47570673 0.33546168 0.21184406 -0.067740668 -0.074061118 0.096525224 -0.43180945 -0.19166998 0.37909841 0.41530885 0.45842747 0.40263329 -0.043185318 -0.23809799 -0.025869888 0.075888506 0.081747202 0.44246394 -0.073197994 -0.42608024 -0.053464363 0.35420154 0.28209475
0.28209479 -2.6759719e-16 1.6385602e-32 -0.31539157 -6.6899297e-17 0.54627422 -6.1314218e-16 7.9643128e-32 2.3174596e-16 -3.0102273e-32 0.31735664 1.2290186e-16 -0.47308735 -1.0838925e-16 0.62583574 -1.0039911e-15 1.7746801e-31 4.9433103e-16 -1.2434279e-31 -2.2563021e-16 4.3689604e-32 -0.31784601 -1.7837635e-16 0.46060263 1.6922266e-16 -0.5045649 -1.4491363e-16 0.68318411
