0 0 1
0.8944272 0 0.44721358
0.27639321 0.85065082 0.44721358
-0.72360681 0.52573112 0.44721358
-0.72360681 -0.52573112 0.44721358
0.27639321 -0.85065082 0.44721358
0.72360681 0.52573112 -0.44721358
-0.27639321 0.85065082 -0.44721358
-0.8944272 1.0953574e-16 -0.44721358
-0.27639321 -0.85065082 -0.44721358
0.72360681 -0.52573112 -0.44721358
0 0 -1
0.68655724 0 0.72707576
0.21215785 0.65295473 0.72707576
0.34327862 0 0.93923362
0.49112348 0.3568221 0.79465446
0.10607893 0.32647737 0.93923362
0.79263616 0.32647737 0.5149179
0.55543647 0.65295473 0.5149179
-0.55543647 0.40354822 0.72707576
-0.18759248 0.57735028 0.79465446
-0.27771824 0.20177411 0.93923362
-0.065560382 0.85472884 0.5149179
-0.44935754 0.73002558 0.5149179
-0.55543647 -0.40354822 0.72707576
-0.60706201 6.9855709e-17 0.79465446
-0.27771824 -0.20177411 0.93923362
-0.83315471 0.20177411 0.5149179
-0.83315471 -0.20177411 0.5149179
0.21215785 -0.65295473 0.72707576
-0.18759248 -0.57735028 0.79465446
0.10607893 -0.32647737 0.93923362
-0.44935754 -0.73002558 0.5149179
-0.065560382 -0.85472884 0.5149179
0.49112348 -0.3568221 0.79465446
0.55543647 -0.65295473 0.5149179
0.79263616 -0.32647737 0.5149179
-0.21215785 0.65295473 -0.72707576
0.55543647 0.40354822 -0.72707576
-0.10607893 0.32647737 -0.93923362
0.18759248 0.57735028 -0.79465446
0.27771824 0.20177411 -0.93923362
0.065560382 0.85472884 -0.5149179
0.44935754 0.73002558 -0.5149179
-0.68655724 8.4079012e-17 -0.72707576
-0.34327862 4.2039506e-17 -0.93923362
-0.49112348 0.3568221 -0.79465446
-0.79263616 0.32647737 -0.5149179
-0.55543647 0.65295473 -0.5149179
-0.21215785 -0.65295473 -0.72707576
-0.10607893 -0.32647737 -0.93923362
-0.49112348 -0.3568221 -0.79465446
-0.55543647 -0.65295473 -0.5149179
-0.79263616 -0.32647737 -0.5149179
0.55543647 -0.40354822 -0.72707576
0.27771824 -0.20177411 -0.93923362
0.18759248 -0.57735028 -0.79465446
0.44935754 -0.73002558 -0.5149179
0.065560382 -0.85472884 -0.5149179
0.60706201 -3.4927855e-17 -0.79465446
0.83315471 0.20177411 -0.5149179
0.83315471 -0.20177411 -0.5149179
0.89871508 0.40354821 -0.1716393
0.96427546 0.20177411 0.1716393
0.79465447 0.57735027 0.18759246
0.66151539 0.73002558 -0.1716393
0.48987608 0.85472883 0.1716393
-0.10607893 0.97943209 -0.1716393
0.10607893 0.97943209 0.1716393
-0.303531 0.93417236 0.18759246
-0.48987608 0.85472883 -0.1716393
-0.66151539 0.73002558 0.1716393
-0.96427546 0.20177411 -0.1716393
-0.89871508 0.40354821 0.1716393
-0.98224695 1.5717534e-16 0.18759246
-0.96427546 -0.20177411 -0.1716393
-0.89871508 -0.40354821 0.1716393
-0.48987608 -0.85472883 -0.1716393
-0.66151539 -0.73002558 0.1716393
-0.303531 -0.93417236 0.18759246
-0.10607893 -0.97943209 -0.1716393
0.10607893 -0.97943209 0.1716393
0.66151539 -0.73002558 -0.1716393
0.48987608 -0.85472883 0.1716393
0.79465447 -0.57735027 0.18759246
0.89871508 -0.40354821 -0.1716393
0.96427546 -0.20177411 0.1716393
0.303531 0.93417236 -0.18759246
-0.79465447 0.57735027 -0.18759246
-0.79465447 -0.57735027 -0.18759246
0.303531 -0.93417236 -0.18759246
0.98224695 1.7463927e-17 -0.18759246
