0.28209479 0 0 0.63078313 0 0 0 0 0 0 0.84628438 0 0 0 0
0.28209479 0 0 -0.12615664 -0.43701936 0.43701938 0 0 0 0 -0.16925685 0.42818981 0.15138791 -0.56644184 0.40053489
0.28209479 0.25687355 -0.41563011 -0.12615664 -0.13504641 -0.35355611 -0.38093131 0.33294616 0.088983581 0.4072327 -0.16925685 0.13231793 -0.12247539 0.45826108 0.12377209
0.28209479 -0.41563013 -0.25687353 -0.12615664 0.35355609 0.13504642 -0.2354285 -0.5387182 -0.14397846 0.25168365 -0.16925685 -0.34641283 0.046781437 -0.17504016 -0.32403953
0.28209479 0.41563013 0.25687353 -0.12615664 0.35355609 0.13504642 0.2354285 0.5387182 0.14397846 -0.25168365 -0.16925685 -0.34641283 0.046781437 -0.17504016 -0.32403953
0.28209479 -0.25687355 0.41563011 -0.12615664 -0.13504641 -0.35355611 0.38093131 -0.33294616 -0.088983581 -0.4072327 -0.16925685 0.13231793 -0.12247539 0.45826108 0.12377209
0.28209479 0.41563013 0.25687353 -0.12615664 0.35355609 0.13504642 0.2354285 0.5387182 0.14397846 -0.25168365 -0.16925685 -0.34641283 0.046781437 -0.17504016 -0.32403953
0.28209479 -0.25687355 0.41563011 -0.12615664 -0.13504641 -0.35355611 0.38093131 -0.33294616 -0.088983581 -0.4072327 -0.16925685 0.13231793 -0.12247539 0.45826108 0.12377209
0.28209479 -1.0703888e-16 5.3519436e-17 -0.12615664 -0.43701936 0.43701938 -1.9620551e-16 2.0810736e-16 -3.7079344e-17 -5.2438127e-17 -0.16925685 0.42818981 0.15138791 -0.56644184 0.40053489
0.28209479 0.25687355 -0.41563011 -0.12615664 -0.13504641 -0.35355611 -0.38093131 0.33294616 0.088983581 0.4072327 -0.16925685 0.13231793 -0.12247539 0.45826108 0.12377209
0.28209479 -0.41563013 -0.25687353 -0.12615664 0.35355609 0.13504642 -0.2354285 -0.5387182 -0.14397846 0.25168365 -0.16925685 -0.34641283 0.046781437 -0.17504016 -0.32403953
0.28209479 0 0 0.63078313 0 0 0 0 0 0 0.84628438 0 0 0 0
0.28209479 0 0 0.04223187 -0.52975431 0.33980023 0 0 0 0 -0.35321217 0.1149135 0.48431107 -0.53389041 0.24215101
0.28209479 0.19972956 -0.50382629 0.04223187 -0.16370309 -0.27490416 -0.2302993 0.31381291 0.2846709 0.10928923 -0.35321217 0.035510224 -0.39181588 0.43192641 0.074828778
0.28209479 0 0 0.25986681 -0.53338256 0.21414864 0 0 0 0 -0.24351518 -0.41020747 0.60383004 -0.33877245 0.096176637
0.28209479 0.12587341 -0.50727696 0.25986681 -0.16482428 -0.17324989 -0.091469417 0.19912545 0.35492239 -0.39013049 -0.24351518 -0.12676108 -0.48850876 0.27407267 0.029720215
0.28209479 0 0 0.46593143 -0.41441111 0.095177172 0 0 0 0 0.22143799 -0.70559112 0.3940279 -0.11698176 0.018997854
0.28209479 0.055943738 -0.39412838 0.46593143 -0.12806007 -0.07699995 -0.018068033 0.068760151 0.23160379 -0.67105703 0.22143799 -0.21803965 -0.31877527 0.094640228 0.0058706598
0.28209479 0 0 0.59399868 -0.21119161 0.021237514 0 0 0 0 0.68737533 -0.4821165 0.10534812 -0.013302532 0.00094590239
0.28209479 0.063040057 -0.20968623 0.51597546 -0.28860833 0.020482956 0.0054159942 -0.066699376 0.28119492 -0.40455983 0.38736104 -0.55682883 0.091365768 0.021671941 -0.0074544765
0.28209479 0.012483098 -0.20085516 0.59399868 -0.065261798 -0.01718151 -0.00089960663 0.007819032 0.061922069 -0.45852004 0.68737533 -0.14898219 -0.085228417 0.010761974 0.00029229991
0.28209479 0.11880808 -0.1922355 0.33860077 -0.46671784 0.11975593 0.059677684 -0.23273634 0.39493335 -0.21641279 -0.10732576 -0.52541654 0.39808415 -0.098031614 0.00047422709
0.28209479 0.16650853 -0.38447101 0.33860077 -0.32705057 -0.02705095 -0.018892435 -0.13066612 0.55349578 -0.43282559 -0.10732576 -0.36818344 -0.089920841 0.21610823 -0.056610306
0.28209479 0.15935669 -0.15015927 0.11094961 -0.5224501 0.25432474 0.16999176 -0.36019202 0.29728931 -0.014175716 -0.36089753 -0.049321659 0.4744578 -0.32311244 0.082391514
0.28209479 0.26941645 -0.32087041 0.14012566 -0.44164023 0.087538712 0.098922075 -0.4362034 0.55297486 -0.07270457 -0.35234829 -0.10006926 0.17967242 0.14173108 -0.13615456
0.28209479 0.27841061 -0.45047781 0.11094961 -0.30425591 -0.11208552 -0.13088933 -0.10148073 0.51939141 -0.042527148 -0.36089753 -0.028723138 -0.20910215 0.47311901 -0.13621139
0.28209479 0.17406771 -0.10099038 -0.085488753 -0.45756403 0.37512074 0.27387869 -0.34858227 0.10565402 0.080343066 -0.2351658 0.36401584 0.22768733 -0.45693156 0.23156396
0.28209479 0.32750035 -0.22629716 -0.057810814 -0.43044278 0.22538278 0.30960035 -0.56937128 0.25685997 0.15165483 -0.27219898 0.28846463 0.17676871 -0.067924615 -0.11840574
0.28209479 0.39743002 -0.33944574 -0.057810814 -0.34823553 0.010161376 0.016938781 -0.42070596 0.31170612 0.22748225 -0.27219898 0.23337279 0.0079696122 0.38962021 -0.33103682
0.28209479 0.36131417 -0.40396151 -0.085488753 -0.23744262 -0.20116462 -0.30486359 -0.013431351 0.21930715 0.32137227 -0.2351658 0.18889788 -0.12210105 0.57455692 -0.18891691
0.28209479 -0.32316922 -0.31138177 0.04223187 0.42858024 0.10500405 -0.14233279 -0.50775995 -0.4606072 0.067544459 -0.35321217 -0.092966973 0.14966035 -0.16498121 -0.19590428
0.28209479 -0.20366746 -0.31351441 0.25986681 0.43151556 0.066175568 -0.056531209 -0.32219174 -0.57427649 -0.2411139 -0.24351518 0.33186481 0.18659374 -0.10468644 -0.077808534
0.28209479 -0.09051887 -0.24358474 0.46593143 0.33526563 0.029411364 -0.011166659 -0.11125626 -0.3747428 -0.41473605 0.22143799 0.57083521 0.12176132 -0.036149351 -0.015369587
0.28209479 -0.038960898 -0.33927944 0.51597546 0.11023857 -0.053625076 0.0087632627 0.041222481 -0.17378802 -0.65459155 0.38736104 0.21268969 -0.23919869 -0.056737878 0.0028473566
0.28209479 -0.020198076 -0.12413532 0.59399868 0.1708576 0.0065627528 -0.00055598748 -0.01265146 -0.10019201 -0.28338097 0.68737533 0.39004044 0.032554358 -0.0041107084 -0.00076525111
0.28209479 -0.025726982 -0.50327908 0.33860077 0.038603083 -0.16671822 0.017990402 0.24590919 -0.085519802 -0.56657605 -0.10732576 0.04345816 -0.55419284 -0.057489746 0.056903394
0.28209479 -0.15060838 -0.42985165 0.33860077 0.26458947 -0.075986578 0.048001517 -0.021314121 -0.50064164 -0.48391372 -0.10732576 0.29786666 -0.25258917 -0.25163885 -0.03546132
0.28209479 0.020566057 -0.54328134 0.11094961 -0.018636009 -0.29942055 -0.025828643 0.48132219 0.038367193 -0.051288223 -0.36089753 -0.0017593238 -0.5585867 0.049687903 0.18713215
0.28209479 -0.16650853 -0.51917922 0.14012566 0.16869156 -0.22917932 0.16005928 0.26958853 -0.34175726 -0.11763847 -0.35234829 0.038223055 -0.47038851 -0.37105677 0.052006413
0.28209479 -0.29112113 -0.42856986 0.11094961 0.33440961 -0.072966556 0.089097706 -0.19599274 -0.54310363 -0.040458939 -0.36089753 0.031569784 -0.13612341 -0.4424102 -0.16657478
0.28209479 0.079666705 -0.46637699 -0.085488753 -0.045347504 -0.40579349 -0.13559725 0.55058661 0.048355363 0.37102701 -0.2351658 0.036076284 -0.24630479 0.16477388 0.33203131
0.28209479 -0.13247667 -0.47930508 -0.057810814 0.082207256 -0.37483837 0.20828232 0.50055613 -0.10390204 0.32121009 -0.27219898 -0.055091842 -0.29398739 -0.27971587 0.25785804
0.28209479 -0.31555493 -0.43608617 -0.057810814 0.21522139 -0.24182423 0.32006909 0.11134525 -0.24749113 0.29224659 -0.27219898 -0.14423232 -0.18966381 -0.56249413 -0.086186264
0.28209479 -0.4105509 -0.35065232 -0.085488753 0.31081642 -0.049629544 0.08546263 -0.32684989 -0.24919241 0.27896205 -0.2351658 -0.24727053 -0.030123684 -0.47272106 -0.34832104
0.28209479 0.32316922 0.31138177 0.04223187 0.42858024 0.10500405 0.14233279 0.50775995 0.4606072 -0.067544459 -0.35321217 -0.092966973 0.14966035 -0.16498121 -0.19590428
0.28209479 0.20366746 0.31351441 0.25986681 0.43151556 0.066175568 0.056531209 0.32219174 0.57427649 0.2411139 -0.24351518 0.33186481 0.18659374 -0.10468644 -0.077808534
0.28209479 0.09051887 0.24358474 0.46593143 0.33526563 0.029411364 0.011166659 0.11125626 0.3747428 0.41473605 0.22143799 0.57083521 0.12176132 -0.036149351 -0.015369587
0.28209479 -1.6234956e-17 -4.368799e-17 0.51597546 0.35673951 0.066284239 -4.5136756e-18 -2.5766033e-17 -7.2417244e-17 -8.428978e-17 0.38736104 0.68827828 0.29566584 0.070131874 0.0092142397
0.28209479 0.020198076 0.12413532 0.59399868 0.1708576 0.0065627528 0.00055598748 0.01265146 0.10019201 0.28338097 0.68737533 0.39004044 0.032554358 -0.0041107084 -0.00076525111
0.28209479 -0.077180946 -0.11880807 0.33860077 0.49057586 0.14999982 -0.048559004 -0.16515309 -0.2565594 -0.13375046 -0.10732576 0.55227516 0.4986187 0.19105198 0.034694005
0.28209479 0.077180946 0.11880807 0.33860077 0.49057586 0.14999982 0.048559004 0.16515309 0.2565594 0.13375046 -0.10732576 0.55227516 0.4986187 0.19105198 0.034694005
0.28209479 -0.19263327 -0.18560706 0.11094961 0.51093241 0.23014789 -0.18595474 -0.41860365 -0.35936874 -0.017522149 -0.36089753 0.048234338 0.42935446 0.24271573 0.033262515
0.28209479 -6.9383889e-17 -6.6853143e-17 0.14012566 0.54589734 0.28328122 -8.2441403e-17 -1.6850579e-16 -1.4240981e-16 -1.5147951e-17 -0.35234829 0.1236924 0.58143217 0.4586514 0.16829629
0.28209479 0.19263327 0.18560706 0.11094961 0.51093241 0.23014789 0.18595474 0.41860365 0.35936874 0.017522149 -0.36089753 0.048234338 0.42935446 0.24271573 0.033262515
0.28209479 -0.30297114 -0.18724646 -0.085488753 0.42953773 0.28146691 -0.3576824 -0.54228558 -0.18389464 0.14896424 -0.2351658 -0.34171947 0.1708422 0.19032183 -0.026357329
0.28209479 -0.11314859 -0.069929669 -0.057810814 0.48124966 0.38111845 -0.1808748 -0.24054555 -0.088742937 0.04686392 -0.27219898 -0.32251326 0.29891288 0.52051441 0.27777077
0.28209479 0.11314859 0.069929669 -0.057810814 0.48124966 0.38111845 0.1808748 0.24054555 0.088742937 -0.04686392 -0.27219898 -0.32251326 0.29891288 0.52051441 0.27777077
0.28209479 0.30297114 0.18724646 -0.085488753 0.42953773 0.28146691 0.3576824 0.54228558 0.18389464 -0.14896424 -0.2351658 -0.34171947 0.1708422 0.19032183 -0.026357329
0.28209479 -0.19972956 0.50382629 0.04223187 -0.16370309 -0.27490416 0.2302993 -0.31381291 -0.2846709 -0.10928923 -0.35321217 0.035510224 -0.39181588 0.43192641 0.074828778
0.28209479 -0.12587341 0.50727696 0.25986681 -0.16482428 -0.17324989 0.091469417 -0.19912545 -0.35492239 0.39013049 -0.24351518 -0.12676108 -0.48850876 0.27407267 0.029720215
0.28209479 -0.055943738 0.39412838 0.46593143 -0.12806007 -0.07699995 0.018068033 -0.068760151 -0.23160379 0.67105703 0.22143799 -0.21803965 -0.31877527 0.094640228 0.0058706598
0.28209479 0.038960898 0.33927944 0.51597546 0.11023857 -0.053625076 -0.0087632627 -0.041222481 0.17378802 0.65459155 0.38736104 0.21268969 -0.23919869 -0.056737878 0.0028473566
0.28209479 -0.012483098 0.20085516 0.59399868 -0.065261798 -0.01718151 0.00089960663 -0.007819032 -0.061922069 0.45852004 0.68737533 -0.14898219 -0.085228417 0.010761974 0.00029229991
0.28209479 0.15060838 0.42985165 0.33860077 0.26458947 -0.075986578 -0.048001517 0.021314121 0.50064164 0.48391372 -0.10732576 0.29786666 -0.25258917 -0.25163885 -0.03546132
0.28209479 0.025726982 0.50327908 0.33860077 0.038603083 -0.16671822 -0.017990402 -0.24590919 0.085519802 0.56657605 -0.10732576 0.04345816 -0.55419284 -0.057489746 0.056903394
0.28209479 0.29112113 0.42856986 0.11094961 0.33440961 -0.072966556 -0.089097706 0.19599274 0.54310363 0.040458939 -0.36089753 0.031569784 -0.13612341 -0.4424102 -0.16657478
0.28209479 0.16650853 0.51917922 0.14012566 0.16869156 -0.22917932 -0.16005928 -0.26958853 0.34175726 0.11763847 -0.35234829 0.038223055 -0.47038851 -0.37105677 0.052006413
0.28209479 -0.020566057 0.54328134 0.11094961 -0.018636009 -0.29942055 0.025828643 -0.48132219 -0.038367193 0.051288223 -0.36089753 -0.0017593238 -0.5585867 0.049687903 0.18713215
0.28209479 0.4105509 0.35065232 -0.085488753 0.31081642 -0.049629544 -0.08546263 0.32684989 0.24919241 -0.27896205 -0.2351658 -0.24727053 -0.030123684 -0.47272106 -0.34832104
0.28209479 0.31555493 0.43608617 -0.057810814 0.21522139 -0.24182423 -0.32006909 -0.11134525 0.24749113 -0.29224659 -0.27219898 -0.14423232 -0.18966381 -0.56249413 -0.086186264
0.28209479 0.13247667 0.47930508 -0.057810814 0.082207256 -0.37483837 -0.20828232 -0.50055613 0.10390204 -0.32121009 -0.27219898 -0.055091842 -0.29398739 -0.27971587 0.25785804
0.28209479 -0.079666705 0.46637699 -0.085488753 -0.045347504 -0.40579349 0.13559725 -0.55058661 -0.048355363 -0.37102701 -0.2351658 0.036076284 -0.24630479 0.16477388 0.33203131
0.28209479 -0.063040057 0.20968623 0.51597546 -0.28860833 0.020482956 -0.0054159942 0.066699376 -0.28119492 0.40455983 0.38736104 -0.55682883 0.091365768 0.021671941 -0.0074544765
0.28209479 -0.16650853 0.38447101 0.33860077 -0.32705057 -0.02705095 0.018892435 0.13066612 -0.55349578 0.43282559 -0.10732576 -0.36818344 -0.089920841 0.21610823 -0.056610306
0.28209479 -0.11880808 0.1922355 0.33860077 -0.46671784 0.11975593 -0.059677684 0.23273634 -0.39493335 0.21641279 -0.10732576 -0.52541654 0.39808415 -0.098031614 0.00047422709
0.28209479 -0.27841061 0.45047781 0.11094961 -0.30425591 -0.11208552 0.13088933 0.10148073 -0.51939141 0.042527148 -0.36089753 -0.028723138 -0.20910215 0.47311901 -0.13621139
0.28209479 -0.26941645 0.32087041 0.14012566 -0.44164023 0.087538712 -0.098922075 0.4362034 -0.55297486 0.07270457 -0.35234829 -0.10006926 0.17967242 0.14173108 -0.13615456
0.28209479 -0.15935669 0.15015927 0.11094961 -0.5224501 0.25432474 -0.16999176 0.36019202 -0.29728931 0.014175716 -0.36089753 -0.049321659 0.4744578 -0.32311244 0.082391514
0.28209479 -0.36131417 0.40396151 -0.085488753 -0.23744262 -0.20116462 0.30486359 0.013431351 -0.21930715 -0.32137227 -0.2351658 0.18889788 -0.12210105 0.57455692 -0.18891691
0.28209479 -0.39743002 0.33944574 -0.057810814 -0.34823553 0.010161376 -0.016938781 0.42070596 -0.31170612 -0.22748225 -0.27219898 0.23337279 0.0079696122 0.38962021 -0.33103682
0.28209479 -0.32750035 0.22629716 -0.057810814 -0.43044278 0.22538278 -0.30960035 0.56937128 -0.25685997 -0.15165483 -0.27219898 0.28846463 0.17676871 -0.067924615 -0.11840574
0.28209479 -0.17406771 0.10099038 -0.085488753 -0.45756403 0.37512074 -0.27387869 0.34858227 -0.10565402 -0.080343066 -0.2351658 0.36401584 0.22768733 -0.45693156 0.23156396
0.28209479 -0.19972956 0.50382629 0.04223187 -0.16370309 -0.27490416 0.2302993 -0.31381291 -0.2846709 -0.10928923 -0.35321217 0.035510224 -0.39181588 0.43192641 0.074828778
0.28209479 0.32316922 0.31138177 0.04223187 0.42858024 0.10500405 0.14233279 0.50775995 0.4606072 -0.067544459 -0.35321217 -0.092966973 0.14966035 -0.16498121 -0.19590428
0.28209479 -0.12587341 0.50727696 0.25986681 -0.16482428 -0.17324989 0.091469417 -0.19912545 -0.35492239 0.39013049 -0.24351518 -0.12676108 -0.48850876 0.27407267 0.029720215
0.28209479 0.20366746 0.31351441 0.25986681 0.43151556 0.066175568 0.056531209 0.32219174 0.57427649 0.2411139 -0.24351518 0.33186481 0.18659374 -0.10468644 -0.077808534
0.28209479 -0.055943738 0.39412838 0.46593143 -0.12806007 -0.07699995 0.018068033 -0.068760151 -0.23160379 0.67105703 0.22143799 -0.21803965 -0.31877527 0.094640228 0.0058706598
0.28209479 0.09051887 0.24358474 0.46593143 0.33526563 0.029411364 0.011166659 0.11125626 0.3747428 0.41473605 0.22143799 0.57083521 0.12176132 -0.036149351 -0.015369587
0.28209479 -0.012483098 0.20085516 0.59399868 -0.065261798 -0.01718151 0.00089960663 -0.007819032 -0.061922069 0.45852004 0.68737533 -0.14898219 -0.085228417 0.010761974 0.00029229991
0.28209479 0.038960898 0.33927944 0.51597546 0.11023857 -0.053625076 -0.0087632627 -0.041222481 0.17378802 0.65459155 0.38736104 0.21268969 -0.23919869 -0.056737878 0.0028473566
0.28209479 0.020198076 0.12413532 0.59399868 0.1708576 0.0065627528 0.00055598748 0.01265146 0.10019201 0.28338097 0.68737533 0.39004044 0.032554358 -0.0041107084 -0.00076525111
0.28209479 0.025726982 0.50327908 0.33860077 0.038603083 -0.16671822 -0.017990402 -0.24590919 0.085519802 0.56657605 -0.10732576 0.04345816 -0.55419284 -0.057489746 0.056903394
0.28209479 0.15060838 0.42985165 0.33860077 0.26458947 -0.075986578 -0.048001517 0.021314121 0.50064164 0.48391372 -0.10732576 0.29786666 -0.25258917 -0.25163885 -0.03546132
0.28209479 -0.020566057 0.54328134 0.11094961 -0.018636009 -0.29942055 0.025828643 -0.48132219 -0.038367193 0.051288223 -0.36089753 -0.0017593238 -0.5585867 0.049687903 0.18713215
0.28209479 0.16650853 0.51917922 0.14012566 0.16869156 -0.22917932 -0.16005928 -0.26958853 0.34175726 0.11763847 -0.35234829 0.038223055 -0.47038851 -0.37105677 0.052006413
0.28209479 0.29112113 0.42856986 0.11094961 0.33440961 -0.072966556 -0.089097706 0.19599274 0.54310363 0.040458939 -0.36089753 0.031569784 -0.13612341 -0.4424102 -0.16657478
0.28209479 -0.079666705 0.46637699 -0.085488753 -0.045347504 -0.40579349 0.13559725 -0.55058661 -0.048355363 -0.37102701 -0.2351658 0.036076284 -0.24630479 0.16477388 0.33203131
0.28209479 0.13247667 0.47930508 -0.057810814 0.082207256 -0.37483837 -0.20828232 -0.50055613 0.10390204 -0.32121009 -0.27219898 -0.055091842 -0.29398739 -0.27971587 0.25785804
0.28209479 0.31555493 0.43608617 -0.057810814 0.21522139 -0.24182423 -0.32006909 -0.11134525 0.24749113 -0.29224659 -0.27219898 -0.14423232 -0.18966381 -0.56249413 -0.086186264
0.28209479 0.4105509 0.35065232 -0.085488753 0.31081642 -0.049629544 -0.08546263 0.32684989 0.24919241 -0.27896205 -0.2351658 -0.24727053 -0.030123684 -0.47272106 -0.34832104
0.28209479 -8.3227053e-17 6.4876192e-17 0.04223187 -0.52975431 0.33980023 -1.1861978e-16 1.9614815e-16 -1.18622e-16 -1.4072845e-17 -0.35321217 0.1149135 0.48431107 -0.53389041 0.24215101
0.28209479 -5.2451289e-17 6.5320525e-17 0.25986681 -0.53338256 0.21414864 -4.7112964e-17 1.2446298e-16 -1.478957e-16 5.0235927e-17 -0.24351518 -0.41020747 0.60383004 -0.33877245 0.096176637
0.28209479 -2.3311684e-17 5.0750723e-17 0.46593143 -0.41441111 0.095177172 -9.3062645e-18 4.29784e-17 -9.6509001e-17 8.640999e-17 0.22143799 -0.70559112 0.3940279 -0.11698176 0.018997854
0.28209479 -5.2016908e-18 2.5863513e-17 0.59399868 -0.21119161 0.021237514 -4.6335853e-19 4.8872709e-18 -2.5802847e-17 5.9042243e-17 0.68737533 -0.4821165 0.10534812 -0.013302532 0.00094590239
0.28209479 -0.063040057 0.20968623 0.51597546 -0.28860833 0.020482956 -0.0054159942 0.066699376 -0.28119492 0.40455983 0.38736104 -0.55682883 0.091365768 0.021671941 -0.0074544765
0.28209479 -0.11880808 0.1922355 0.33860077 -0.46671784 0.11975593 -0.059677684 0.23273634 -0.39493335 0.21641279 -0.10732576 -0.52541654 0.39808415 -0.098031614 0.00047422709
0.28209479 -0.16650853 0.38447101 0.33860077 -0.32705057 -0.02705095 0.018892435 0.13066612 -0.55349578 0.43282559 -0.10732576 -0.36818344 -0.089920841 0.21610823 -0.056610306
0.28209479 -0.15935669 0.15015927 0.11094961 -0.5224501 0.25432474 -0.16999176 0.36019202 -0.29728931 0.014175716 -0.36089753 -0.049321659 0.4744578 -0.32311244 0.082391514
0.28209479 -0.26941645 0.32087041 0.14012566 -0.44164023 0.087538712 -0.098922075 0.4362034 -0.55297486 0.07270457 -0.35234829 -0.10006926 0.17967242 0.14173108 -0.13615456
0.28209479 -0.27841061 0.45047781 0.11094961 -0.30425591 -0.11208552 0.13088933 0.10148073 -0.51939141 0.042527148 -0.36089753 -0.028723138 -0.20910215 0.47311901 -0.13621139
0.28209479 -0.17406771 0.10099038 -0.085488753 -0.45756403 0.37512074 -0.27387869 0.34858227 -0.10565402 -0.080343066 -0.2351658 0.36401584 0.22768733 -0.45693156 0.23156396
0.28209479 -0.32750035 0.22629716 -0.057810814 -0.43044278 0.22538278 -0.30960035 0.56937128 -0.25685997 -0.15165483 -0.27219898 0.28846463 0.17676871 -0.067924615 -0.11840574
0.28209479 -0.39743002 0.33944574 -0.057810814 -0.34823553 0.010161376 -0.016938781 0.42070596 -0.31170612 -0.22748225 -0.27219898 0.23337279 0.0079696122 0.38962021 -0.33103682
0.28209479 -0.36131417 0.40396151 -0.085488753 -0.23744262 -0.20116462 0.30486359 0.013431351 -0.21930715 -0.32137227 -0.2351658 0.18889788 -0.12210105 0.57455692 -0.18891691
0.28209479 0.19972956 -0.50382629 0.04223187 -0.16370309 -0.27490416 -0.2302993 0.31381291 0.2846709 0.10928923 -0.35321217 0.035510224 -0.39181588 0.43192641 0.074828778
0.28209479 0.12587341 -0.50727696 0.25986681 -0.16482428 -0.17324989 -0.091469417 0.19912545 0.35492239 -0.39013049 -0.24351518 -0.12676108 -0.48850876 0.27407267 0.029720215
0.28209479 0.055943738 -0.39412838 0.46593143 -0.12806007 -0.07699995 -0.018068033 0.068760151 0.23160379 -0.67105703 0.22143799 -0.21803965 -0.31877527 0.094640228 0.0058706598
0.28209479 0.012483098 -0.20085516 0.59399868 -0.065261798 -0.01718151 -0.00089960663 0.007819032 0.061922069 -0.45852004 0.68737533 -0.14898219 -0.085228417 0.010761974 0.00029229991
0.28209479 0.063040057 -0.20968623 0.51597546 -0.28860833 0.020482956 0.0054159942 -0.066699376 0.28119492 -0.40455983 0.38736104 -0.55682883 0.091365768 0.021671941 -0.0074544765
0.28209479 0.16650853 -0.38447101 0.33860077 -0.32705057 -0.02705095 -0.018892435 -0.13066612 0.55349578 -0.43282559 -0.10732576 -0.36818344 -0.089920841 0.21610823 -0.056610306
0.28209479 0.11880808 -0.1922355 0.33860077 -0.46671784 0.11975593 0.059677684 -0.23273634 0.39493335 -0.21641279 -0.10732576 -0.52541654 0.39808415 -0.098031614 0.00047422709
0.28209479 0.27841061 -0.45047781 0.11094961 -0.30425591 -0.11208552 -0.13088933 -0.10148073 0.51939141 -0.042527148 -0.36089753 -0.028723138 -0.20910215 0.47311901 -0.13621139
0.28209479 0.26941645 -0.32087041 0.14012566 -0.44164023 0.087538712 0.098922075 -0.4362034 0.55297486 -0.07270457 -0.35234829 -0.10006926 0.17967242 0.14173108 -0.13615456
0.28209479 0.15935669 -0.15015927 0.11094961 -0.5224501 0.25432474 0.16999176 -0.36019202 0.29728931 -0.014175716 -0.36089753 -0.049321659 0.4744578 -0.32311244 0.082391514
0.28209479 0.36131417 -0.40396151 -0.085488753 -0.23744262 -0.20116462 -0.30486359 -0.013431351 0.21930715 0.32137227 -0.2351658 0.18889788 -0.12210105 0.57455692 -0.18891691
0.28209479 0.39743002 -0.33944574 -0.057810814 -0.34823553 0.010161376 0.016938781 -0.42070596 0.31170612 0.22748225 -0.27219898 0.23337279 0.0079696122 0.38962021 -0.33103682
0.28209479 0.32750035 -0.22629716 -0.057810814 -0.43044278 0.22538278 0.30960035 -0.56937128 0.25685997 0.15165483 -0.27219898 0.28846463 0.17676871 -0.067924615 -0.11840574
0.28209479 0.17406771 -0.10099038 -0.085488753 -0.45756403 0.37512074 0.27387869 -0.34858227 0.10565402 0.080343066 -0.2351658 0.36401584 0.22768733 -0.45693156 0.23156396
0.28209479 -0.32316922 -0.31138177 0.04223187 0.42858024 0.10500405 -0.14233279 -0.50775995 -0.4606072 0.067544459 -0.35321217 -0.092966973 0.14966035 -0.16498121 -0.19590428
0.28209479 -0.20366746 -0.31351441 0.25986681 0.43151556 0.066175568 -0.056531209 -0.32219174 -0.57427649 -0.2411139 -0.24351518 0.33186481 0.18659374 -0.10468644 -0.077808534
0.28209479 -0.09051887 -0.24358474 0.46593143 0.33526563 0.029411364 -0.011166659 -0.11125626 -0.3747428 -0.41473605 0.22143799 0.57083521 0.12176132 -0.036149351 -0.015369587
0.28209479 -0.020198076 -0.12413532 0.59399868 0.1708576 0.0065627528 -0.00055598748 -0.01265146 -0.10019201 -0.28338097 0.68737533 0.39004044 0.032554358 -0.0041107084 -0.00076525111
0.28209479 -0.038960898 -0.33927944 0.51597546 0.11023857 -0.053625076 0.0087632627 0.041222481 -0.17378802 -0.65459155 0.38736104 0.21268969 -0.23919869 -0.056737878 0.0028473566
0.28209479 -0.15060838 -0.42985165 0.33860077 0.26458947 -0.075986578 0.048001517 -0.021314121 -0.50064164 -0.48391372 -0.10732576 0.29786666 -0.25258917 -0.25163885 -0.03546132
0.28209479 -0.025726982 -0.50327908 0.33860077 0.038603083 -0.16671822 0.017990402 0.24590919 -0.085519802 -0.56657605 -0.10732576 0.04345816 -0.55419284 -0.057489746 0.056903394
0.28209479 -0.29112113 -0.42856986 0.11094961 0.33440961 -0.072966556 0.089097706 -0.19599274 -0.54310363 -0.040458939 -0.36089753 0.031569784 -0.13612341 -0.4424102 -0.16657478
0.28209479 -0.16650853 -0.51917922 0.14012566 0.16869156 -0.22917932 0.16005928 0.26958853 -0.34175726 -0.11763847 -0.35234829 0.038223055 -0.47038851 -0.37105677 0.052006413
0.28209479 0.020566057 -0.54328134 0.11094961 -0.018636009 -0.29942055 -0.025828643 0.48132219 0.038367193 -0.051288223 -0.36089753 -0.0017593238 -0.5585867 0.049687903 0.18713215
0.28209479 -0.4105509 -0.35065232 -0.085488753 0.31081642 -0.049629544 0.08546263 -0.32684989 -0.24919241 0.27896205 -0.2351658 -0.24727053 -0.030123684 -0.47272106 -0.34832104
0.28209479 -0.31555493 -0.43608617 -0.057810814 0.21522139 -0.24182423 0.32006909 0.11134525 -0.24749113 0.29224659 -0.27219898 -0.14423232 -0.18966381 -0.56249413 -0.086186264
0.28209479 -0.13247667 -0.47930508 -0.057810814 0.082207256 -0.37483837 0.20828232 0.50055613 -0.10390204 0.32121009 -0.27219898 -0.055091842 -0.29398739 -0.27971587 0.25785804
0.28209479 0.079666705 -0.46637699 -0.085488753 -0.045347504 -0.40579349 -0.13559725 0.55058661 0.048355363 0.37102701 -0.2351658 0.036076284 -0.24630479 0.16477388 0.33203131
0.28209479 -3.2469912e-17 -8.7375981e-17 0.51597546 0.35673951 0.066284239 -9.0273513e-18 -5.1532065e-17 -1.4483449e-16 -1.6857956e-16 0.38736104 0.68827828 0.29566584 0.070131874 0.0092142397
0.28209479 0.077180946 0.11880807 0.33860077 0.49057586 0.14999982 0.048559004 0.16515309 0.2565594 0.13375046 -0.10732576 0.55227516 0.4986187 0.19105198 0.034694005
0.28209479 -0.077180946 -0.11880807 0.33860077 0.49057586 0.14999982 -0.048559004 -0.16515309 -0.2565594 -0.13375046 -0.10732576 0.55227516 0.4986187 0.19105198 0.034694005
0.28209479 0.19263327 0.18560706 0.11094961 0.51093241 0.23014789 0.18595474 0.41860365 0.35936874 0.017522149 -0.36089753 0.048234338 0.42935446 0.24271573 0.033262515
0.28209479 0 0 0.14012566 0.54589734 0.28328122 0 0 0 0 -0.35234829 0.1236924 0.58143217 0.4586514 0.16829629
0.28209479 -0.19263327 -0.18560706 0.11094961 0.51093241 0.23014789 -0.18595474 -0.41860365 -0.35936874 -0.017522149 -0.36089753 0.048234338 0.42935446 0.24271573 0.033262515
0.28209479 0.30297114 0.18724646 -0.085488753 0.42953773 0.28146691 0.3576824 0.54228558 0.18389464 -0.14896424 -0.2351658 -0.34171947 0.1708422 0.19032183 -0.026357329
0.28209479 0.11314859 0.069929669 -0.057810814 0.48124966 0.38111845 0.1808748 0.24054555 0.088742937 -0.04686392 -0.27219898 -0.32251326 0.29891288 0.52051441 0.27777077
0.28209479 -0.11314859 -0.069929669 -0.057810814 0.48124966 0.38111845 -0.1808748 -0.24054555 -0.088742937 0.04686392 -0.27219898 -0.32251326 0.29891288 0.52051441 0.27777077
0.28209479 -0.30297114 -0.18724646 -0.085488753 0.42953773 0.28146691 -0.3576824 -0.54228558 -0.18389464 0.14896424 -0.2351658 -0.34171947 0.1708422 0.19032183 -0.026357329
0.28209479 0.423034 0.14979716 -0.23262655 0.26989064 0.26369363 0.46789011 0.45577748 -0.1420323 -0.21902647 0.06808427 -0.3946216 -0.088534289 0.023131372 -0.22948234
0.28209479 0.37149866 0.0419578 -0.30508834 0.10533854 0.39235258 0.61136801 0.16488936 -0.29720347 -0.075122879 0.28323759 -0.18860222 -0.31388685 0.076349473 0.03340684
0.28209479 0.25835008 -0.027971867 -0.30508834 -0.10988285 0.47455984 0.51424316 -0.12356628 -0.20668322 0.050081919 0.28323759 0.19673852 -0.37965366 -0.13322582 0.3323264
0.28209479 0.12006286 -0.03744929 -0.23262655 -0.30639468 0.48381505 0.24364471 -0.16284223 -0.040310717 0.054756619 0.06808427 0.44799611 -0.16243935 -0.42632216 0.46067402
0.28209479 0.3208846 -0.11688269 -0.21672317 -0.31278516 0.36939868 0.49717944 -0.42573539 -0.075039876 0.16247909 0.02667593 0.43480391 -0.086385046 -0.23144731 0.070231846
0.28209479 0.45182511 -0.057527276 -0.30367816 -0.10623045 0.29483335 0.55874792 -0.19265941 -0.35738335 0.10263155 0.27863613 0.18952045 -0.23320645 -0.015802256 -0.24583166
0.28209479 0.46165195 -0.20206232 -0.20997094 -0.27811493 0.14999981 0.29045198 -0.47069034 -0.08798687 0.27470642 0.0097275231 0.37810095 -0.028588667 0.15293656 -0.39977285
0.28209479 0.51351786 0.06872437 -0.30442841 0.09459098 0.16685207 0.35938182 0.17807444 -0.40864932 -0.12284132 0.28108218 -0.16907657 -0.13277821 -0.057859893 -0.49464663
0.28209479 0.53883289 -0.083254256 -0.30367816 -0.087538705 0.027050949 0.061137201 -0.14657641 -0.42620452 0.14852977 0.27863613 0.15617344 -0.021396683 0.12602666 -0.60736701
0.28209479 0.47672819 -0.26135763 -0.21672317 -0.20781797 -0.11023857 -0.22043135 -0.20838585 -0.11148439 0.36331429 0.02667593 0.2888886 0.025779638 0.43748579 -0.45114291
0.28209479 0.49723692 0.21039139 -0.23262655 0.22586636 0.035320512 0.073664681 0.35513545 -0.1669457 -0.30762454 0.06808427 -0.33025134 -0.011858748 -0.28661296 -0.51590388
0.28209479 0.53116779 0.087217231 -0.30508834 0.072455638 -0.09905847 -0.2206949 0.088521201 -0.42494072 -0.15615713 0.28323759 -0.1297274 0.079247985 -0.15868756 -0.57112225
0.28209479 0.48794888 -0.095861014 -0.30508834 -0.060558493 -0.23207261 -0.47497106 -0.021659049 -0.39036506 0.17163329 0.28323759 0.10842628 0.18566092 0.18041239 -0.3863798
0.28209479 0.38151224 -0.27982619 -0.23262655 -0.13029755 -0.32084342 -0.51341739 0.11884375 -0.12809151 0.4091489 0.06808427 0.19051505 0.10772215 0.44061813 -0.089363793
0.28209479 -0.18724646 0.30297112 -0.23262655 -0.059064771 -0.46198578 0.36283667 -0.38232801 0.062867397 -0.44299035 0.06808427 0.086361774 0.15511024 0.24918561 0.374076
0.28209479 -0.069929671 0.11314858 -0.30508834 -0.0073528403 -0.53578134 0.15715131 -0.17827539 0.055944591 -0.20258562 0.28323759 0.013164812 0.42863161 0.035151514 0.59176881
0.28209479 0.069929671 -0.11314858 -0.30508834 -0.0073528403 -0.53578134 -0.15715131 0.17827539 -0.055944591 0.20258562 0.28323759 0.013164812 0.42863161 0.035151514 0.59176881
0.28209479 0.18724646 -0.30297112 -0.23262655 -0.059064771 -0.46198578 -0.36283667 0.38232801 -0.062867397 0.44299035 0.06808427 0.086361774 0.15511024 0.24918561 0.374076
0.28209479 -0.042473999 -0.3335951 -0.21672317 0.014506109 -0.48746104 0.08684244 0.48046848 0.0099326787 0.46373189 0.02667593 -0.020165001 0.1139943 -0.06299618 0.49454858
0.28209479 -0.1922355 -0.11880807 -0.30367816 0.021884676 -0.50410133 0.40646241 0.16515307 0.15205389 0.21195956 0.27863613 -0.039043361 0.39873264 -0.10045807 0.45543469
0.28209479 -0.2853166 -0.32694371 -0.20997094 0.10623045 -0.3927046 0.46996117 0.29090263 0.054378876 0.44448432 0.0097275231 -0.14442171 0.074846102 -0.40039312 0.15269964
0.28209479 -0.31737149 0.11119837 -0.30442841 -0.03613054 -0.43682439 0.58149199 -0.11005606 0.25255917 -0.19876143 0.28108218 0.064581503 0.34761788 0.15147917 0.1889382
0.28209479 -0.42002482 -0.10898124 -0.30367816 0.052128555 -0.3386027 0.59653279 0.044506195 0.33223004 0.19442799 0.27863613 -0.092999959 0.26782701 -0.18811316 -0.1295418
0.28209479 -0.45047781 -0.27841058 -0.21672317 0.18434659 -0.19102892 0.36094537 -0.088559998 0.10534566 0.38701967 0.02667593 -0.25626094 0.044672715 -0.47641957 -0.3490535
0.28209479 -0.38151224 0.27982619 -0.23262655 -0.13029755 -0.32084342 0.51341739 -0.11884375 0.12809151 -0.4091489 0.06808427 0.19051505 0.10772215 0.44061813 -0.089363793
0.28209479 -0.48794888 0.095861014 -0.30508834 -0.060558493 -0.23207261 0.47497106 0.021659049 0.39036506 -0.17163329 0.28323759 0.10842628 0.18566092 0.18041239 -0.3863798
0.28209479 -0.53116779 -0.087217231 -0.30508834 0.072455638 -0.09905847 0.2206949 -0.088521201 0.42494072 0.15615713 0.28323759 -0.1297274 0.079247985 -0.15868756 -0.57112225
0.28209479 -0.49723692 -0.21039139 -0.23262655 0.22586636 0.035320512 -0.073664681 -0.35513545 0.1669457 0.30762454 0.06808427 -0.33025134 -0.011858748 -0.28661296 -0.51590388
0.28209479 -0.12006286 0.03744929 -0.23262655 -0.30639468 0.48381505 -0.24364471 0.16284223 0.040310717 -0.054756619 0.06808427 0.44799611 -0.16243935 -0.42632216 0.46067402
0.28209479 -0.25835008 0.027971867 -0.30508834 -0.10988285 0.47455984 -0.51424316 0.12356628 0.20668322 -0.050081919 0.28323759 0.19673852 -0.37965366 -0.13322582 0.3323264
0.28209479 -0.37149866 -0.0419578 -0.30508834 0.10533854 0.39235258 -0.61136801 -0.16488936 0.29720347 0.075122879 0.28323759 -0.18860222 -0.31388685 0.076349473 0.03340684
0.28209479 -0.423034 -0.14979716 -0.23262655 0.26989064 0.26369363 -0.46789011 -0.45577748 0.1420323 0.21902647 0.06808427 -0.3946216 -0.088534289 0.023131372 -0.22948234
0.28209479 -0.25216022 -0.089290427 -0.21672317 0.32175043 0.41932986 -0.44350786 -0.35167894 0.058968464 0.12412298 0.02667593 -0.44726657 -0.09806161 0.33337727 0.23541598
0.28209479 -0.14078154 -0.015900148 -0.30367816 0.11975592 0.52081973 -0.30754034 -0.074563872 0.11135498 0.028366662 0.27863613 -0.21365058 -0.41195652 0.17834683 0.52730578
0.28209479 -1.1889106e-16 -4.2099556e-17 -0.20997094 0.34376896 0.48540959 -2.4206193e-16 -1.8182813e-16 2.2659608e-17 5.7234906e-17 0.0097275231 -0.46735848 -0.09251487 0.49491311 0.49414642
0.28209479 -1.3224829e-16 1.4318678e-17 -0.30442841 -0.11692088 0.53994463 -2.9950788e-16 6.8790327e-17 1.0524108e-16 -2.559391e-17 0.28108218 0.20899013 -0.42967932 -0.18723855 0.61141687
0.28209479 0.14078154 0.015900148 -0.30367816 0.11975592 0.52081973 0.30754034 0.074563872 -0.11135498 -0.028366662 0.27863613 -0.21365058 -0.41195652 0.17834683 0.52730578
0.28209479 0.25216022 0.089290427 -0.21672317 0.32175043 0.41932986 0.44350786 0.35167894 -0.058968464 -0.12412298 0.02667593 -0.44726657 -0.09806161 0.33337727 0.23541598
0.28209479 0.12006286 -0.03744929 -0.23262655 -0.30639468 0.48381505 0.24364471 -0.16284223 -0.040310717 0.054756619 0.06808427 0.44799611 -0.16243935 -0.42632216 0.46067402
0.28209479 0.25835008 -0.027971867 -0.30508834 -0.10988285 0.47455984 0.51424316 -0.12356628 -0.20668322 0.050081919 0.28323759 0.19673852 -0.37965366 -0.13322582 0.3323264
0.28209479 0.37149866 0.0419578 -0.30508834 0.10533854 0.39235258 0.61136801 0.16488936 -0.29720347 -0.075122879 0.28323759 -0.18860222 -0.31388685 0.076349473 0.03340684
0.28209479 0.423034 0.14979716 -0.23262655 0.26989064 0.26369363 0.46789011 0.45577748 -0.1420323 -0.21902647 0.06808427 -0.3946216 -0.088534289 0.023131372 -0.22948234
0.28209479 0.38151224 -0.27982619 -0.23262655 -0.13029755 -0.32084342 -0.51341739 0.11884375 -0.12809151 0.4091489 0.06808427 0.19051505 0.10772215 0.44061813 -0.089363793
0.28209479 0.48794888 -0.095861014 -0.30508834 -0.060558493 -0.23207261 -0.47497106 -0.021659049 -0.39036506 0.17163329 0.28323759 0.10842628 0.18566092 0.18041239 -0.3863798
0.28209479 0.53116779 0.087217231 -0.30508834 0.072455638 -0.09905847 -0.2206949 0.088521201 -0.42494072 -0.15615713 0.28323759 -0.1297274 0.079247985 -0.15868756 -0.57112225
0.28209479 0.49723692 0.21039139 -0.23262655 0.22586636 0.035320512 0.073664681 0.35513545 -0.1669457 -0.30762454 0.06808427 -0.33025134 -0.011858748 -0.28661296 -0.51590388
0.28209479 0.45047781 0.27841058 -0.21672317 0.18434659 -0.19102892 -0.36094537 0.088559998 -0.10534566 -0.38701967 0.02667593 -0.25626094 0.044672715 -0.47641957 -0.3490535
0.28209479 0.42002482 0.10898124 -0.30367816 0.052128555 -0.3386027 -0.59653279 -0.044506195 -0.33223004 -0.19442799 0.27863613 -0.092999959 0.26782701 -0.18811316 -0.1295418
0.28209479 0.2853166 0.32694371 -0.20997094 0.10623045 -0.3927046 -0.46996117 -0.29090263 -0.054378876 -0.44448432 0.0097275231 -0.14442171 0.074846102 -0.40039312 0.15269964
0.28209479 0.31737149 -0.11119837 -0.30442841 -0.03613054 -0.43682439 -0.58149199 0.11005606 -0.25255917 0.19876143 0.28108218 0.064581503 0.34761788 0.15147917 0.1889382
0.28209479 0.1922355 0.11880807 -0.30367816 0.021884676 -0.50410133 -0.40646241 -0.16515307 -0.15205389 -0.21195956 0.27863613 -0.039043361 0.39873264 -0.10045807 0.45543469
0.28209479 0.042473999 0.3335951 -0.21672317 0.014506109 -0.48746104 -0.08684244 -0.48046848 -0.0099326787 -0.46373189 0.02667593 -0.020165001 0.1139943 -0.06299618 0.49454858
0.28209479 0.18724646 -0.30297112 -0.23262655 -0.059064771 -0.46198578 -0.36283667 0.38232801 -0.062867397 0.44299035 0.06808427 0.086361774 0.15511024 0.24918561 0.374076
0.28209479 0.069929671 -0.11314858 -0.30508834 -0.0073528403 -0.53578134 -0.15715131 0.17827539 -0.055944591 0.20258562 0.28323759 0.013164812 0.42863161 0.035151514 0.59176881
0.28209479 -0.069929671 0.11314858 -0.30508834 -0.0073528403 -0.53578134 0.15715131 -0.17827539 0.055944591 -0.20258562 0.28323759 0.013164812 0.42863161 0.035151514 0.59176881
0.28209479 -0.18724646 0.30297112 -0.23262655 -0.059064771 -0.46198578 0.36283667 -0.38232801 0.062867397 -0.44299035 0.06808427 0.086361774 0.15511024 0.24918561 0.374076
0.28209479 -0.49723692 -0.21039139 -0.23262655 0.22586636 0.035320512 -0.073664681 -0.35513545 0.1669457 0.30762454 0.06808427 -0.33025134 -0.011858748 -0.28661296 -0.51590388
0.28209479 -0.53116779 -0.087217231 -0.30508834 0.072455638 -0.09905847 0.2206949 -0.088521201 0.42494072 0.15615713 0.28323759 -0.1297274 0.079247985 -0.15868756 -0.57112225
0.28209479 -0.48794888 0.095861014 -0.30508834 -0.060558493 -0.23207261 0.47497106 0.021659049 0.39036506 -0.17163329 0.28323759 0.10842628 0.18566092 0.18041239 -0.3863798
0.28209479 -0.38151224 0.27982619 -0.23262655 -0.13029755 -0.32084342 0.51341739 -0.11884375 0.12809151 -0.4091489 0.06808427 0.19051505 0.10772215 0.44061813 -0.089363793
0.28209479 -0.47672819 0.26135763 -0.21672317 -0.20781797 -0.11023857 0.22043135 0.20838585 0.11148439 -0.36331429 0.02667593 0.2888886 0.025779638 0.43748579 -0.45114291
0.28209479 -0.53883289 0.083254256 -0.30367816 -0.087538705 0.027050949 -0.061137201 0.14657641 0.42620452 -0.14852977 0.27863613 0.15617344 -0.021396683 0.12602666 -0.60736701
0.28209479 -0.46165195 0.20206232 -0.20997094 -0.27811493 0.14999981 -0.29045198 0.47069034 0.08798687 -0.27470642 0.0097275231 0.37810095 -0.028588667 0.15293656 -0.39977285
0.28209479 -0.51351786 -0.06872437 -0.30442841 0.09459098 0.16685207 -0.35938182 -0.17807444 0.40864932 0.12284132 0.28108218 -0.16907657 -0.13277821 -0.057859893 -0.49464663
0.28209479 -0.45182511 0.057527276 -0.30367816 -0.10623045 0.29483335 -0.55874792 0.19265941 0.35738335 -0.10263155 0.27863613 0.18952045 -0.23320645 -0.015802256 -0.24583166
0.28209479 -0.3208846 0.11688269 -0.21672317 -0.31278516 0.36939868 -0.49717944 0.42573539 0.075039876 -0.16247909 0.02667593 0.43480391 -0.086385046 -0.23144731 0.070231846
0.28209479 -0.423034 -0.14979716 -0.23262655 0.26989064 0.26369363 -0.46789011 -0.45577748 0.1420323 0.21902647 0.06808427 -0.3946216 -0.088534289 0.023131372 -0.22948234
0.28209479 -0.37149866 -0.0419578 -0.30508834 0.10533854 0.39235258 -0.61136801 -0.16488936 0.29720347 0.075122879 0.28323759 -0.18860222 -0.31388685 0.076349473 0.03340684
0.28209479 -0.25835008 0.027971867 -0.30508834 -0.10988285 0.47455984 -0.51424316 0.12356628 0.20668322 -0.050081919 0.28323759 0.19673852 -0.37965366 -0.13322582 0.3323264
0.28209479 -0.12006286 0.03744929 -0.23262655 -0.30639468 0.48381505 -0.24364471 0.16284223 0.040310717 -0.054756619 0.06808427 0.44799611 -0.16243935 -0.42632216 0.46067402
0.28209479 0.45047781 0.27841058 -0.21672317 0.18434659 -0.19102892 -0.36094537 0.088559998 -0.10534566 -0.38701967 0.02667593 -0.25626094 0.044672715 -0.47641957 -0.3490535
0.28209479 0.2853166 0.32694371 -0.20997094 0.10623045 -0.3927046 -0.46996117 -0.29090263 -0.054378876 -0.44448432 0.0097275231 -0.14442171 0.074846102 -0.40039312 0.15269964
0.28209479 0.42002482 0.10898124 -0.30367816 0.052128555 -0.3386027 -0.59653279 -0.044506195 -0.33223004 -0.19442799 0.27863613 -0.092999959 0.26782701 -0.18811316 -0.1295418
0.28209479 0.042473999 0.3335951 -0.21672317 0.014506109 -0.48746104 -0.08684244 -0.48046848 -0.0099326787 -0.46373189 0.02667593 -0.020165001 0.1139943 -0.06299618 0.49454858
0.28209479 0.1922355 0.11880807 -0.30367816 0.021884676 -0.50410133 -0.40646241 -0.16515307 -0.15205389 -0.21195956 0.27863613 -0.039043361 0.39873264 -0.10045807 0.45543469
0.28209479 0.31737149 -0.11119837 -0.30442841 -0.03613054 -0.43682439 -0.58149199 0.11005606 -0.25255917 0.19876143 0.28108218 0.064581503 0.34761788 0.15147917 0.1889382
0.28209479 -0.47672819 0.26135763 -0.21672317 -0.20781797 -0.11023857 0.22043135 0.20838585 0.11148439 -0.36331429 0.02667593 0.2888886 0.025779638 0.43748579 -0.45114291
0.28209479 -0.46165195 0.20206232 -0.20997094 -0.27811493 0.14999981 -0.29045198 0.47069034 0.08798687 -0.27470642 0.0097275231 0.37810095 -0.028588667 0.15293656 -0.39977285
0.28209479 -0.53883289 0.083254256 -0.30367816 -0.087538705 0.027050949 -0.061137201 0.14657641 0.42620452 -0.14852977 0.27863613 0.15617344 -0.021396683 0.12602666 -0.60736701
0.28209479 -0.3208846 0.11688269 -0.21672317 -0.31278516 0.36939868 -0.49717944 0.42573539 0.075039876 -0.16247909 0.02667593 0.43480391 -0.086385046 -0.23144731 0.070231846
0.28209479 -0.45182511 0.057527276 -0.30367816 -0.10623045 0.29483335 -0.55874792 0.19265941 0.35738335 -0.10263155 0.27863613 0.18952045 -0.23320645 -0.015802256 -0.24583166
0.28209479 -0.51351786 -0.06872437 -0.30442841 0.09459098 0.16685207 -0.35938182 -0.17807444 0.40864932 0.12284132 0.28108218 -0.16907657 -0.13277821 -0.057859893 -0.49464663
0.28209479 0.3208846 -0.11688269 -0.21672317 -0.31278516 0.36939868 0.49717944 -0.42573539 -0.075039876 0.16247909 0.02667593 0.43480391 -0.086385046 -0.23144731 0.070231846
0.28209479 0.46165195 -0.20206232 -0.20997094 -0.27811493 0.14999981 0.29045198 -0.47069034 -0.08798687 0.27470642 0.0097275231 0.37810095 -0.028588667 0.15293656 -0.39977285
0.28209479 0.45182511 -0.057527276 -0.30367816 -0.10623045 0.29483335 0.55874792 -0.19265941 -0.35738335 0.10263155 0.27863613 0.18952045 -0.23320645 -0.015802256 -0.24583166
0.28209479 0.47672819 -0.26135763 -0.21672317 -0.20781797 -0.11023857 -0.22043135 -0.20838585 -0.11148439 0.36331429 0.02667593 0.2888886 0.025779638 0.43748579 -0.45114291
0.28209479 0.53883289 -0.083254256 -0.30367816 -0.087538705 0.027050949 0.061137201 -0.14657641 -0.42620452 0.14852977 0.27863613 0.15617344 -0.021396683 0.12602666 -0.60736701
0.28209479 0.51351786 0.06872437 -0.30442841 0.09459098 0.16685207 0.35938182 0.17807444 -0.40864932 -0.12284132 0.28108218 -0.16907657 -0.13277821 -0.057859893 -0.49464663
0.28209479 -0.042473999 -0.3335951 -0.21672317 0.014506109 -0.48746104 0.08684244 0.48046848 0.0099326787 0.46373189 0.02667593 -0.020165001 0.1139943 -0.06299618 0.49454858
0.28209479 -0.2853166 -0.32694371 -0.20997094 0.10623045 -0.3927046 0.46996117 0.29090263 0.054378876 0.44448432 0.0097275231 -0.14442171 0.074846102 -0.40039312 0.15269964
0.28209479 -0.1922355 -0.11880807 -0.30367816 0.021884676 -0.50410133 0.40646241 0.16515307 0.15205389 0.21195956 0.27863613 -0.039043361 0.39873264 -0.10045807 0.45543469
0.28209479 -0.45047781 -0.27841058 -0.21672317 0.18434659 -0.19102892 0.36094537 -0.088559998 0.10534566 0.38701967 0.02667593 -0.25626094 0.044672715 -0.47641957 -0.3490535
0.28209479 -0.42002482 -0.10898124 -0.30367816 0.052128555 -0.3386027 0.59653279 0.044506195 0.33223004 0.19442799 0.27863613 -0.092999959 0.26782701 -0.18811316 -0.1295418
0.28209479 -0.31737149 0.11119837 -0.30442841 -0.03613054 -0.43682439 0.58149199 -0.11005606 0.25255917 -0.19876143 0.28108218 0.064581503 0.34761788 0.15147917 0.1889382
0.28209479 -0.25216022 -0.089290427 -0.21672317 0.32175043 0.41932986 -0.44350786 -0.35167894 0.058968464 0.12412298 0.02667593 -0.44726657 -0.09806161 0.33337727 0.23541598
0.28209479 -2.3778212e-16 -8.4199111e-17 -0.20997094 0.34376896 0.48540959 -4.8412386e-16 -3.6365626e-16 4.5319216e-17 1.1446981e-16 0.0097275231 -0.46735848 -0.09251487 0.49491311 0.49414642
0.28209479 -0.14078154 -0.015900148 -0.30367816 0.11975592 0.52081973 -0.30754034 -0.074563872 0.11135498 0.028366662 0.27863613 -0.21365058 -0.41195652 0.17834683 0.52730578
0.28209479 0.25216022 0.089290427 -0.21672317 0.32175043 0.41932986 0.44350786 0.35167894 -0.058968464 -0.12412298 0.02667593 -0.44726657 -0.09806161 0.33337727 0.23541598
0.28209479 0.14078154 0.015900148 -0.30367816 0.11975592 0.52081973 0.30754034 0.074563872 -0.11135498 -0.028366662 0.27863613 -0.21365058 -0.41195652 0.17834683 0.52730578
0.28209479 -2.6449659e-16 2.8637357e-17 -0.30442841 -0.11692088 0.53994463 -5.9901577e-16 1.3758065e-16 2.1048216e-16 -5.1187819e-17 0.28108218 0.20899013 -0.42967932 -0.18723855 0.61141687
