0 16 18
14 17 16
15 18 17
16 17 18
12 19 14
19 20 17
19 17 14
20 13 15
20 15 17
1 21 12
21 22 19
21 19 12
22 23 20
22 20 19
23 2 13
23 13 20
0 18 27
15 26 18
25 27 26
18 26 27
13 28 15
28 29 26
28 26 15
29 24 25
29 25 26
2 30 13
30 31 28
30 28 13
31 32 29
31 29 28
32 3 24
32 24 29
0 27 36
25 35 27
34 36 35
27 35 36
24 37 25
37 38 35
37 35 25
38 33 34
38 34 35
3 39 24
39 40 37
39 37 24
40 41 38
40 38 37
41 4 33
41 33 38
0 36 45
34 44 36
43 45 44
36 44 45
33 46 34
46 47 44
46 44 34
47 42 43
47 43 44
4 48 33
48 49 46
48 46 33
49 50 47
49 47 46
50 5 42
50 42 47
0 45 16
43 51 45
14 16 51
45 51 16
42 52 43
52 53 51
52 51 43
53 12 14
53 14 51
5 54 42
54 55 52
54 52 42
55 56 53
55 53 52
56 1 12
56 12 53
11 61 63
59 62 61
60 63 62
61 62 63
57 64 59
64 65 62
64 62 59
65 58 60
65 60 62
7 66 57
66 67 64
66 64 57
67 68 65
67 65 64
68 6 58
68 58 65
11 71 61
70 72 71
59 61 72
71 72 61
69 73 70
73 74 72
73 72 70
74 57 59
74 59 72
8 75 69
75 76 73
75 73 69
76 77 74
76 74 73
77 7 57
77 57 74
11 80 71
79 81 80
70 71 81
80 81 71
78 82 79
82 83 81
82 81 79
83 69 70
83 70 81
9 84 78
84 85 82
84 82 78
85 86 83
85 83 82
86 8 69
86 69 83
11 89 80
88 90 89
79 80 90
89 90 80
87 91 88
91 92 90
91 90 88
92 78 79
92 79 90
10 93 87
93 94 91
93 91 87
94 95 92
94 92 91
95 9 78
95 78 92
11 63 89
60 96 63
88 89 96
63 96 89
58 97 60
97 98 96
97 96 60
98 87 88
98 88 96
6 99 58
99 100 97
99 97 58
100 101 98
100 98 97
101 10 87
101 87 98
1 104 21
103 105 104
22 21 105
104 105 21
102 106 103
106 107 105
106 105 103
107 23 22
107 22 105
6 108 102
108 109 106
108 106 102
109 110 107
109 107 106
110 2 23
110 23 107
2 113 30
112 114 113
31 30 114
113 114 30
111 115 112
115 116 114
115 114 112
116 32 31
116 31 114
7 117 111
117 118 115
117 115 111
118 119 116
118 116 115
119 3 32
119 32 116
3 122 39
121 123 122
40 39 123
122 123 39
120 124 121
124 125 123
124 123 121
125 41 40
125 40 123
8 126 120
126 127 124
126 124 120
127 128 125
127 125 124
128 4 41
128 41 125
4 131 48
130 132 131
49 48 132
131 132 48
129 133 130
133 134 132
133 132 130
134 50 49
134 49 132
9 135 129
135 136 133
135 133 129
136 137 134
136 134 133
137 5 50
137 50 134
5 140 54
139 141 140
55 54 141
140 141 54
138 142 139
142 143 141
142 141 139
143 56 55
143 55 141
10 144 138
144 145 142
144 142 138
145 146 143
145 143 142
146 1 56
146 56 143
6 68 108
67 147 68
109 108 147
68 147 108
66 148 67
148 149 147
148 147 67
149 110 109
149 109 147
7 111 66
111 112 148
111 148 66
112 113 149
112 149 148
113 2 110
113 110 149
7 77 117
76 150 77
118 117 150
77 150 117
75 151 76
151 152 150
151 150 76
152 119 118
152 118 150
8 120 75
120 121 151
120 151 75
121 122 152
121 152 151
122 3 119
122 119 152
8 86 126
85 153 86
127 126 153
86 153 126
84 154 85
154 155 153
154 153 85
155 128 127
155 127 153
9 129 84
129 130 154
129 154 84
130 131 155
130 155 154
131 4 128
131 128 155
9 95 135
94 156 95
136 135 156
95 156 135
93 157 94
157 158 156
157 156 94
158 137 136
158 136 156
10 138 93
138 139 157
138 157 93
139 140 158
139 158 157
140 5 137
140 137 158
10 101 144
100 159 101
145 144 159
101 159 144
99 160 100
160 161 159
160 159 100
161 146 145
161 145 159
6 102 99
102 103 160
102 160 99
103 104 161
103 161 160
104 1 146
104 146 161
