0.28209479 0 0 0.63078313 0 0 0 0 0 0 0.84628438 0 0 0 0 0 0 0 0 0 0 1.0171072 0 0 0 0 0 0
0.28209479 0 0 -0.12615664 -0.43701936 0.43701938 0 0 0 0 -0.16925685 0.42818981 0.15138791 -0.56644184 0.40053489 0 0 0 0 0 0 0.33361117 -0.074575596 -0.47165707 0.2358286 0.3875058 -0.60585451 0.34979028
0.28209479 0.25687355 -0.41563011 -0.12615664 -0.13504641 -0.35355611 -0.38093131 0.33294616 0.088983581 0.4072327 -0.16925685 0.13231793 -0.12247539 0.45826108 0.12377209 0.33267033 1.4839156e-16 -0.36853992 -0.13861657 -0.27723307 -0.070925607 0.33361117 -0.023045127 0.38157859 -0.19078934 0.11974588 -0.60585451 0.10809114
0.28209479 -0.41563013 -0.25687353 -0.12615664 0.35355609 0.13504642 -0.2354285 -0.5387182 -0.14397846 0.25168365 -0.16925685 -0.34641283 0.046781437 -0.17504016 -0.32403953 0.20560157 2.9678312e-16 -0.2277702 0.22428632 0.44857253 -0.043834436 0.33361117 0.060332925 -0.14575005 0.072875044 -0.31349878 -0.60585451 -0.28298628
0.28209479 0.41563013 0.25687353 -0.12615664 0.35355609 0.13504642 0.2354285 0.5387182 0.14397846 -0.25168365 -0.16925685 -0.34641283 0.046781437 -0.17504016 -0.32403953 -0.20560157 4.4517467e-16 0.2277702 -0.22428632 -0.44857253 0.043834436 0.33361117 0.060332925 -0.14575005 0.072875044 -0.31349878 -0.60585451 -0.28298628
0.28209479 -0.25687355 0.41563011 -0.12615664 -0.13504641 -0.35355611 0.38093131 -0.33294616 -0.088983581 -0.4072327 -0.16925685 0.13231793 -0.12247539 0.45826108 0.12377209 -0.33267033 5.9356623e-16 0.36853992 0.13861657 0.27723307 0.070925607 0.33361117 -0.023045127 0.38157859 -0.19078934 0.11974588 -0.60585451 0.10809114
0.28209479 0.41563013 0.25687353 -0.12615664 0.35355609 0.13504642 0.2354285 0.5387182 0.14397846 -0.25168365 -0.16925685 -0.34641283 0.046781437 -0.17504016 -0.32403953 -0.20560157 7.4195779e-17 0.2277702 -0.22428632 -0.44857253 0.043834436 0.33361117 0.060332925 -0.14575005 0.072875044 -0.31349878 -0.60585451 -0.28298628
0.28209479 -0.25687355 0.41563011 -0.12615664 -0.13504641 -0.35355611 0.38093131 -0.33294616 -0.088983581 -0.4072327 -0.16925685 0.13231793 -0.12247539 0.45826108 0.12377209 -0.33267033 2.2258734e-16 0.36853992 0.13861657 0.27723307 0.070925607 0.33361117 -0.023045127 0.38157859 -0.19078934 0.11974588 -0.60585451 0.10809114
0.28209479 -1.0703888e-16 5.3519436e-17 -0.12615664 -0.43701936 0.43701938 -1.9620551e-16 2.0810736e-16 -3.7079344e-17 -5.2438127e-17 -0.16925685 0.42818981 0.15138791 -0.56644184 0.40053489 -2.5702173e-16 3.7097889e-16 -1.898231e-16 -8.6642021e-17 1.1552267e-16 9.1328765e-18 0.33361117 -0.074575596 -0.47165707 0.2358286 0.3875058 -0.60585451 0.34979028
0.28209479 0.25687355 -0.41563011 -0.12615664 -0.13504641 -0.35355611 -0.38093131 0.33294616 0.088983581 0.4072327 -0.16925685 0.13231793 -0.12247539 0.45826108 0.12377209 0.33267033 5.1937045e-16 -0.36853992 -0.13861657 -0.27723307 -0.070925607 0.33361117 -0.023045127 0.38157859 -0.19078934 0.11974588 -0.60585451 0.10809114
0.28209479 -0.41563013 -0.25687353 -0.12615664 0.35355609 0.13504642 -0.2354285 -0.5387182 -0.14397846 0.25168365 -0.16925685 -0.34641283 0.046781437 -0.17504016 -0.32403953 0.20560157 6.6776201e-16 -0.2277702 0.22428632 0.44857253 -0.043834436 0.33361117 0.060332925 -0.14575005 0.072875044 -0.31349878 -0.60585451 -0.28298628
0.28209479 0 0 0.63078313 0 0 0 0 0 0 0.84628438 0 0 0 0 0 0 0 0 0 0 1.0171072 0 0 0 0 0 0
0.28209479 0 0 0.04223187 -0.52975431 0.33980023 0 0 0 0 -0.35321217 0.1149135 0.48431107 -0.53389041 0.24215101 0 0 0 0 0 0 0.13724518 0.4589696 -0.31202419 -0.3216461 0.61646179 -0.44400526 0.16442833
0.28209479 0.19972956 -0.50382629 0.04223187 -0.16370309 -0.27490416 -0.2302993 0.31381291 0.2846709 0.10928923 -0.35321217 0.035510224 -0.39181588 0.43192641 0.074828778 0.15638064 1.0874992e-16 -0.58629001 0.18905884 -0.18340322 0.43650603 0.13724518 0.14182941 0.25243287 0.26021716 0.19049717 -0.44400526 0.050811149
0.28209479 0 0 0.25986681 -0.53338256 0.21414864 0 0 0 0 -0.24351518 -0.41020747 0.60383004 -0.33877245 0.096176637 0 0 0 0 0 0 -0.36140519 0.2961711 0.40708891 -0.65017216 0.44103372 -0.17755615 0.041157747
0.28209479 0.12587341 -0.50727696 0.25986681 -0.16482428 -0.17324989 -0.091469417 0.19912545 0.35492239 -0.39013049 -0.24351518 -0.12676108 -0.48850876 0.27407267 0.029720215 0.039143344 4.3488714e-17 -0.41944799 0.3821616 0.23928086 0.28167546 -0.36140519 0.091521904 -0.32934185 0.52600032 0.13628691 -0.17755615 0.012718443
0.28209479 0 0 0.46593143 -0.41441111 0.095177172 0 0 0 0 0.22143799 -0.70559112 0.3940279 -0.11698176 0.018997854 0 0 0 0 0 0 -0.1918368 -0.60319384 0.69326309 -0.37035723 0.12381101 -0.027249796 0.0036133002
0.28209479 0.055943738 -0.39412838 0.46593143 -0.12806007 -0.07699995 -0.018068033 0.068760151 0.23160379 -0.67105703 0.22143799 -0.21803965 -0.31877527 0.094640228 0.0058706598 0.0034364527 6.6742751e-18 -0.11775127 0.21769052 0.40748982 -0.57367144 -0.1918368 -0.18639715 -0.56086162 0.29962529 0.038259705 -0.027249796 0.0011165712
0.28209479 0 0 0.59399868 -0.21119161 0.021237514 0 0 0 0 0.68737533 -0.4821165 0.10534812 -0.013302532 0.00094590239 0 0 0 0 0 0 0.63737055 -0.74896908 0.25398694 -0.052422316 0.0072999804 -0.00069143333 4.0143636e-05
0.28209479 0.063040057 -0.20968623 0.51597546 -0.28860833 0.020482956 0.0054159942 -0.066699376 0.28119492 -0.40455983 0.38736104 -0.55682883 0.091365768 0.021671941 -0.0074544765 -0.00071738974 -1.3933137e-18 0.037837039 -0.23136135 0.56670201 -0.46043337 0.048804636 -0.63373216 0.18413265 0.075173859 -0.052078217 0.011377269 -0.00098740226
0.28209479 0.012483098 -0.20085516 0.59399868 -0.065261798 -0.01718151 -0.00089960663 0.007819032 0.061922069 -0.45852004 0.68737533 -0.14898219 -0.085228417 0.010761974 0.00029229991 3.8178866e-05 1.6935232e-19 -0.006942694 0.030813064 0.14928978 -0.71231192 0.63737055 -0.23144417 -0.20547975 0.042410544 0.002255818 -0.00069143333 1.2405066e-05
0.28209479 0.11880808 -0.1922355 0.33860077 -0.46671784 0.11975593 0.059677684 -0.23273634 0.39493335 -0.21641279 -0.10732576 -0.52541654 0.39808415 -0.098031614 0.00047422709 0.014394151 -0.09671923 0.31770228 -0.55753372 0.43318809 -0.0030688248 -0.42180729 -0.0074506283 0.43664408 -0.23484055 0.0025246125 0.038941461 -0.014055036
0.28209479 0.16650853 -0.38447101 0.33860077 -0.32705057 -0.02705095 -0.018892435 -0.13066612 0.55349578 -0.43282559 -0.10732576 -0.36818344 -0.089920841 0.21610823 -0.056610306 -0.017815171 0.09671923 -0.10057645 -0.31301844 0.60710948 -0.0061376495 -0.42180729 -0.0052209965 -0.098630914 0.5177001 -0.30137267 0.038941461 0.0093464063
0.28209479 0.15935669 -0.15015927 0.11094961 -0.5224501 0.25432474 0.16999176 -0.36019202 0.29728931 -0.014175716 -0.36089753 -0.049321659 0.4744578 -0.32311244 0.082391514 0.11263124 -0.35021878 0.54225072 -0.36675321 -0.055161103 0.14554996 -0.032440582 0.50641292 -0.088034163 -0.3289982 0.26281778 -0.060638983 -0.012259989
0.28209479 0.26941645 -0.32087041 0.14012566 -0.44164023 0.087538712 0.098922075 -0.4362034 0.55297486 -0.07270457 -0.35234829 -0.10006926 0.17967242 0.14173108 -0.13615456 -0.055998669 -3.8942487e-17 0.34259993 -0.5211487 -0.0038993107 0.3070277 -0.10699858 0.42258738 -0.0012669628 0.16933148 -0.47154835 0.31798954 -0.077075555
0.28209479 0.27841061 -0.45047781 0.11094961 -0.30425591 -0.11208552 -0.13088933 -0.10148073 0.51939141 -0.042527148 -0.36089753 -0.028723138 -0.20910215 0.47311901 -0.13621139 -0.04646491 0.35021878 -0.41751925 -0.10332929 -0.096371453 0.43664989 -0.032440582 0.29491644 0.038798251 0.48173726 -0.43449592 -0.060638983 0.10333013
0.28209479 0.17406771 -0.10099038 -0.085488753 -0.45756403 0.37512074 0.27387869 -0.34858227 0.10565402 0.080343066 -0.2351658 0.36401584 0.22768733 -0.45693156 0.23156396 0.28585155 -0.51469076 0.3693666 0.059357606 -0.20919647 0.018371149 0.33242218 0.083235425 -0.45082419 0.077807638 0.31229883 -0.27099929 0.078316479
0.28209479 0.32750035 -0.22629716 -0.057810814 -0.43044278 0.22538278 0.30960035 -0.56937128 0.25685997 0.15165483 -0.27219898 0.28846463 0.17676871 -0.067924615 -0.11840574 0.061949487 -0.36851572 0.49786069 0.0016083693 -0.40165426 0.087049601 0.31149339 0.16557818 -0.27641483 0.00019187457 -0.19040535 0.41890471 -0.25594747
0.28209479 0.39743002 -0.33944574 -0.057810814 -0.34823553 0.010161376 0.016938781 -0.42070596 0.31170612 0.22748225 -0.27219898 0.23337279 0.0079696122 0.38962021 -0.33103682 -0.26256396 0.36851572 0.027238836 0.0011884171 -0.48741768 0.1305744 0.31149339 0.13395556 -0.012462155 -0.0011006055 -0.53233215 0.41890471 -0.020174655
0.28209479 0.36131417 -0.40396151 -0.085488753 -0.23744262 -0.20116462 -0.30486359 -0.013431351 0.21930715 0.32137227 -0.2351658 0.18889788 -0.12210105 0.57455692 -0.18891691 -0.013849588 0.51469076 -0.41115439 0.0022871296 -0.43423131 0.073484596 0.33242218 0.043193162 0.24176184 -0.097837227 -0.25478287 -0.27099929 0.2960621
0.28209479 -0.32316922 -0.31138177 0.04223187 0.42858024 0.10500405 -0.14233279 -0.50775995 -0.4606072 0.067544459 -0.35321217 -0.092966973 0.14966035 -0.16498121 -0.19590428 0.096648548 2.1749985e-16 -0.36234715 -0.30590362 0.29675264 0.26977556 0.13724518 -0.37131421 -0.096420777 -0.099394112 -0.49872807 -0.44400526 -0.13302531
0.28209479 -0.20366746 -0.31351441 0.25986681 0.43151556 0.066175568 -0.056531209 -0.32219174 -0.57427649 -0.2411139 -0.24351518 0.33186481 0.18659374 -0.10468644 -0.077808534 0.024191917 8.6977429e-17 -0.25923311 -0.61835047 -0.38716456 0.17408501 -0.36140519 -0.23960746 0.12579739 -0.20091425 -0.35680377 -0.17755615 -0.033297317
0.28209479 -0.09051887 -0.24358474 0.46593143 0.33526563 0.029411364 -0.011166659 -0.11125626 -0.3747428 -0.41473605 0.22143799 0.57083521 0.12176132 -0.036149351 -0.015369587 0.0021238446 1.334855e-17 -0.072774284 -0.35223066 -0.65933238 -0.35454845 -0.1918368 0.48799407 0.21423008 -0.11444668 -0.10016521 -0.027249796 -0.0029232212
0.28209479 -0.038960898 -0.33927944 0.51597546 0.11023857 -0.053625076 0.0087632627 0.041222481 -0.17378802 -0.65459155 0.38736104 0.21268969 -0.23919869 -0.056737878 0.0028473566 -0.001160761 1.6030149e-17 0.061221616 0.14298918 -0.3502411 -0.74499684 0.048804636 0.24206415 -0.48206552 -0.19680772 0.019892109 0.011377269 0.0003771541
0.28209479 -0.020198076 -0.12413532 0.59399868 0.1708576 0.0065627528 -0.00055598748 -0.01265146 -0.10019201 -0.28338097 0.68737533 0.39004044 0.032554358 -0.0041107084 -0.00076525111 2.3595837e-05 3.3870465e-19 -0.0042908208 -0.049856585 -0.24155593 -0.44023298 0.63737055 0.60592871 0.07848628 -0.016199386 -0.0059058082 -0.00069143333 -3.2476883e-05
0.28209479 -0.025726982 -0.50327908 0.33860077 0.038603083 -0.16671822 0.017990402 0.24590919 -0.085519802 -0.56657605 -0.10732576 0.04345816 -0.55419284 -0.057489746 0.056903394 -0.0089190966 -0.09671923 0.095774354 0.58909007 -0.093803573 -0.0080342876 -0.42180729 0.00061625505 -0.60787405 -0.1377201 0.30293297 0.038941461 -0.018032897
0.28209479 -0.15060838 -0.42985165 0.33860077 0.26458947 -0.075986578 0.048001517 -0.021314121 -0.50064164 -0.48391372 -0.10732576 0.29786666 -0.25258917 -0.25163885 -0.03546132 0.00338377 0.09671923 0.25554261 -0.051059243 -0.54913568 -0.0068621008 -0.42180729 0.0042238749 -0.27705591 -0.6028158 -0.18878317 0.038941461 0.019831433
0.28209479 0.020566057 -0.54328134 0.11094961 -0.018636009 -0.29942055 -0.025828643 0.48132219 0.038367193 -0.051288223 -0.36089753 -0.0017593238 -0.5585867 0.049687903 0.18713215 0.023145025 -0.35021878 -0.082389878 0.49008987 -0.0071189128 0.52660472 -0.032440582 0.018063956 0.10364402 0.050593008 0.59692624 -0.060638983 -0.11090722
0.28209479 -0.16650853 -0.51917922 0.14012566 0.16869156 -0.22917932 0.16005928 0.26958853 -0.34175726 -0.11763847 -0.35234829 0.038223055 -0.47038851 -0.37105677 0.052006413 -0.090607749 4.4803543e-16 0.55433834 0.32208761 0.0024099065 0.49678126 -0.10699858 -0.16141402 0.0033169518 -0.44331556 0.18011544 0.31798954 0.029440242
0.28209479 -0.29112113 -0.42856986 0.11094961 0.33440961 -0.072966556 0.089097706 -0.19599274 -0.54310363 -0.040458939 -0.36089753 0.031569784 -0.13612341 -0.4424102 -0.16657478 0.083914346 0.35021878 0.28420963 -0.19956291 0.10077118 0.41541444 -0.032440582 -0.32414453 0.025257274 -0.45046906 -0.53135103 -0.060638983 0.076121521
0.28209479 0.079666705 -0.46637699 -0.085488753 -0.045347504 -0.40579349 -0.13559725 0.55058661 0.048355363 0.37102701 -0.2351658 0.036076284 -0.24630479 0.16477388 0.33203131 0.16281638 -0.51469076 -0.18287328 -0.093755494 -0.095744314 0.084838591 0.33242218 0.0082491599 0.48768703 -0.028058176 0.44779416 -0.27099929 -0.24765985
0.28209479 -0.13247667 -0.47930508 -0.057810814 0.082207256 -0.37483837 0.20828232 0.50055613 -0.10390204 0.32121009 -0.27219898 -0.055091842 -0.29398739 -0.27971587 0.25785804 -0.22427707 -0.36851572 0.33493367 -0.0014139791 0.16247256 0.18437401 0.31149339 -0.031622619 0.45971074 0.00079014598 0.41465517 0.41890471 -0.13800958
0.28209479 -0.31555493 -0.43608617 -0.057810814 0.21522139 -0.24182423 0.32006909 0.11134525 -0.24749113 0.29224659 -0.27219898 -0.14423232 -0.18966381 -0.56249413 -0.086186264 -0.10032396 0.36851572 0.51469522 -0.0003145299 0.38700411 0.16774902 0.31149339 -0.08278909 0.29657902 0.0015889426 -0.13859401 0.41890471 0.24347885
0.28209479 -0.4105509 -0.35065232 -0.085488753 0.31081642 -0.049629544 0.08546263 -0.32684989 -0.24919241 0.27896205 -0.2351658 -0.24727053 -0.030123684 -0.47272106 -0.34832104 0.27729203 0.51469076 0.11525921 0.055656952 0.49340455 0.063787127 0.33242218 -0.056540583 0.059645327 0.08049632 -0.4697633 -0.27099929 0.10465996
0.28209479 0.32316922 0.31138177 0.04223187 0.42858024 0.10500405 0.14233279 0.50775995 0.4606072 -0.067544459 -0.35321217 -0.092966973 0.14966035 -0.16498121 -0.19590428 -0.096648548 3.2624977e-16 0.36234715 0.30590362 -0.29675264 -0.26977556 0.13724518 -0.37131421 -0.096420777 -0.099394112 -0.49872807 -0.44400526 -0.13302531
0.28209479 0.20366746 0.31351441 0.25986681 0.43151556 0.066175568 0.056531209 0.32219174 0.57427649 0.2411139 -0.24351518 0.33186481 0.18659374 -0.10468644 -0.077808534 -0.024191917 1.3046614e-16 0.25923311 0.61835047 0.38716456 -0.17408501 -0.36140519 -0.23960746 0.12579739 -0.20091425 -0.35680377 -0.17755615 -0.033297317
0.28209479 0.09051887 0.24358474 0.46593143 0.33526563 0.029411364 0.011166659 0.11125626 0.3747428 0.41473605 0.22143799 0.57083521 0.12176132 -0.036149351 -0.015369587 -0.0021238446 2.0022825e-17 0.072774284 0.35223066 0.65933238 0.35454845 -0.1918368 0.48799407 0.21423008 -0.11444668 -0.10016521 -0.027249796 -0.0029232212
0.28209479 -1.6234956e-17 -4.368799e-17 0.51597546 0.35673951 0.066284239 -4.5136756e-18 -2.5766033e-17 -7.2417244e-17 -8.428978e-17 0.38736104 0.68827828 0.29566584 0.070131874 0.0092142397 -8.9680614e-19 -6.9665683e-18 -3.1533291e-17 -8.937511e-17 -1.4594502e-16 -9.5930997e-17 0.048804636 0.78333603 0.59586576 0.24326772 0.064372216 0.011377269 0.0012204963
0.28209479 0.020198076 0.12413532 0.59399868 0.1708576 0.0065627528 0.00055598748 0.01265146 0.10019201 0.28338097 0.68737533 0.39004044 0.032554358 -0.0041107084 -0.00076525111 -2.3595837e-05 5.0805697e-19 0.0042908208 0.049856585 0.24155593 0.44023298 0.63737055 0.60592871 0.07848628 -0.016199386 -0.0059058082 -0.00069143333 -3.2476883e-05
0.28209479 -0.077180946 -0.11880807 0.33860077 0.49057586 0.14999982 -0.048559004 -0.16515309 -0.2565594 -0.13375046 -0.10732576 0.55227516 0.4986187 0.19105198 0.034694005 -0.019906456 -0.09671923 -0.25851047 -0.39563403 -0.28141072 -0.001896638 -0.42180729 0.0078314948 0.5469168 0.45767636 0.18469826 0.038941461 0.0029100934
0.28209479 0.077180946 0.11880807 0.33860077 0.49057586 0.14999982 0.048559004 0.16515309 0.2565594 0.13375046 -0.10732576 0.55227516 0.4986187 0.19105198 0.034694005 0.019906456 0.09671923 0.25851047 0.39563403 0.28141072 0.001896638 -0.42180729 0.0078314948 0.5469168 0.45767636 0.18469826 0.038941461 0.0029100934
0.28209479 -0.19263327 -0.18560706 0.11094961 0.51093241 0.23014789 -0.18595474 -0.41860365 -0.35936874 -0.017522149 -0.36089753 0.048234338 0.42935446 0.24271573 0.033262515 -0.098326828 -0.35021878 -0.59317046 -0.42622886 0.066679746 0.17990965 -0.032440582 -0.49524878 -0.079665379 0.24713699 0.10610292 -0.060638983 -0.056284442
0.28209479 -6.9383889e-17 -6.6853143e-17 0.14012566 0.54589734 0.28328122 -8.2441403e-17 -1.6850579e-16 -1.4240981e-16 -1.5147951e-17 -0.35234829 0.1236924 0.58143217 0.4586514 0.16829629 -7.000372e-17 -1.9471244e-16 -2.855219e-16 -2.0132024e-16 1.004205e-18 6.3969025e-17 -0.10699858 -0.52234673 -0.0040999779 0.54796817 0.58286582 0.31798954 0.095270625
0.28209479 0.19263327 0.18560706 0.11094961 0.51093241 0.23014789 0.18595474 0.41860365 0.35936874 0.017522149 -0.36089753 0.048234338 0.42935446 0.24271573 0.033262515 0.098326828 0.35021878 0.59317046 0.42622886 -0.066679746 -0.17990965 -0.032440582 -0.49524878 -0.079665379 0.24713699 0.10610292 -0.060638983 -0.056284442
0.28209479 -0.30297114 -0.18724646 -0.085488753 0.42953773 0.28146691 -0.3576824 -0.54228558 -0.18389464 0.14896424 -0.2351658 -0.34171947 0.1708422 0.19032183 -0.026357329 -0.18522549 -0.51469076 -0.4823885 0.09234197 0.36411402 0.034061984 0.33242218 -0.078137164 -0.33827 -0.032408555 -0.035546822 -0.27099929 -0.23137869
0.28209479 -0.11314859 -0.069929669 -0.057810814 0.48124966 0.38111845 -0.1808748 -0.24054555 -0.088742937 0.04686392 -0.27219898 -0.32251326 0.29891288 0.52051441 0.27777077 -0.20056034 -0.36851572 -0.2908603 0.00067949701 0.13876813 0.026899806 0.31149339 -0.18512203 -0.46741278 -0.0014703576 0.44667634 0.41890471 0.17065286
0.28209479 0.11314859 0.069929669 -0.057810814 0.48124966 0.38111845 0.1808748 0.24054555 0.088742937 -0.04686392 -0.27219898 -0.32251326 0.29891288 0.52051441 0.27777077 0.20056034 0.36851572 0.2908603 -0.00067949701 -0.13876813 -0.026899806 0.31149339 -0.18512203 -0.46741278 -0.0014703576 0.44667634 0.41890471 0.17065286
0.28209479 0.30297114 0.18724646 -0.085488753 0.42953773 0.28146691 0.3576824 0.54228558 0.18389464 -0.14896424 -0.2351658 -0.34171947 0.1708422 0.19032183 -0.026357329 0.18522549 0.51469076 0.4823885 -0.09234197 -0.36411402 -0.034061984 0.33242218 -0.078137164 -0.33827 -0.032408555 -0.035546822 -0.27099929 -0.23137869
0.28209479 -0.19972956 0.50382629 0.04223187 -0.16370309 -0.27490416 0.2302993 -0.31381291 -0.2846709 -0.10928923 -0.35321217 0.035510224 -0.39181588 0.43192641 0.074828778 -0.15638064 4.3499969e-16 0.58629001 -0.18905884 0.18340322 -0.43650603 0.13724518 0.14182941 0.25243287 0.26021716 0.19049717 -0.44400526 0.050811149
0.28209479 -0.12587341 0.50727696 0.25986681 -0.16482428 -0.17324989 0.091469417 -0.19912545 -0.35492239 0.39013049 -0.24351518 -0.12676108 -0.48850876 0.27407267 0.029720215 -0.039143344 1.7395486e-16 0.41944799 -0.3821616 -0.23928086 -0.28167546 -0.36140519 0.091521904 -0.32934185 0.52600032 0.13628691 -0.17755615 0.012718443
0.28209479 -0.055943738 0.39412838 0.46593143 -0.12806007 -0.07699995 0.018068033 -0.068760151 -0.23160379 0.67105703 0.22143799 -0.21803965 -0.31877527 0.094640228 0.0058706598 -0.0034364527 2.66971e-17 0.11775127 -0.21769052 -0.40748982 0.57367144 -0.1918368 -0.18639715 -0.56086162 0.29962529 0.038259705 -0.027249796 0.0011165712
0.28209479 0.038960898 0.33927944 0.51597546 0.11023857 -0.053625076 -0.0087632627 -0.041222481 0.17378802 0.65459155 0.38736104 0.21268969 -0.23919869 -0.056737878 0.0028473566 0.001160761 -9.7531956e-18 -0.061221616 -0.14298918 0.3502411 0.74499684 0.048804636 0.24206415 -0.48206552 -0.19680772 0.019892109 0.011377269 0.0003771541
0.28209479 -0.012483098 0.20085516 0.59399868 -0.065261798 -0.01718151 0.00089960663 -0.007819032 -0.061922069 0.45852004 0.68737533 -0.14898219 -0.085228417 0.010761974 0.00029229991 -3.8178866e-05 6.774093e-19 0.006942694 -0.030813064 -0.14928978 0.71231192 0.63737055 -0.23144417 -0.20547975 0.042410544 0.002255818 -0.00069143333 1.2405066e-05
0.28209479 0.15060838 0.42985165 0.33860077 0.26458947 -0.075986578 -0.048001517 0.021314121 0.50064164 0.48391372 -0.10732576 0.29786666 -0.25258917 -0.25163885 -0.03546132 -0.00338377 -0.09671923 -0.25554261 0.051059243 0.54913568 0.0068621008 -0.42180729 0.0042238749 -0.27705591 -0.6028158 -0.18878317 0.038941461 0.019831433
0.28209479 0.025726982 0.50327908 0.33860077 0.038603083 -0.16671822 -0.017990402 -0.24590919 0.085519802 0.56657605 -0.10732576 0.04345816 -0.55419284 -0.057489746 0.056903394 0.0089190966 0.09671923 -0.095774354 -0.58909007 0.093803573 0.0080342876 -0.42180729 0.00061625505 -0.60787405 -0.1377201 0.30293297 0.038941461 -0.018032897
0.28209479 0.29112113 0.42856986 0.11094961 0.33440961 -0.072966556 -0.089097706 0.19599274 0.54310363 0.040458939 -0.36089753 0.031569784 -0.13612341 -0.4424102 -0.16657478 -0.083914346 -0.35021878 -0.28420963 0.19956291 -0.10077118 -0.41541444 -0.032440582 -0.32414453 0.025257274 -0.45046906 -0.53135103 -0.060638983 0.076121521
0.28209479 0.16650853 0.51917922 0.14012566 0.16869156 -0.22917932 -0.16005928 -0.26958853 0.34175726 0.11763847 -0.35234829 0.038223055 -0.47038851 -0.37105677 0.052006413 0.090607749 -2.7259741e-16 -0.55433834 -0.32208761 -0.0024099065 -0.49678126 -0.10699858 -0.16141402 0.0033169518 -0.44331556 0.18011544 0.31798954 0.029440242
0.28209479 -0.020566057 0.54328134 0.11094961 -0.018636009 -0.29942055 0.025828643 -0.48132219 -0.038367193 0.051288223 -0.36089753 -0.0017593238 -0.5585867 0.049687903 0.18713215 -0.023145025 0.35021878 0.082389878 -0.49008987 0.0071189128 -0.52660472 -0.032440582 0.018063956 0.10364402 0.050593008 0.59692624 -0.060638983 -0.11090722
0.28209479 0.4105509 0.35065232 -0.085488753 0.31081642 -0.049629544 -0.08546263 0.32684989 0.24919241 -0.27896205 -0.2351658 -0.24727053 -0.030123684 -0.47272106 -0.34832104 -0.27729203 -0.51469076 -0.11525921 -0.055656952 -0.49340455 -0.063787127 0.33242218 -0.056540583 0.059645327 0.08049632 -0.4697633 -0.27099929 0.10465996
0.28209479 0.31555493 0.43608617 -0.057810814 0.21522139 -0.24182423 -0.32006909 -0.11134525 0.24749113 -0.29224659 -0.27219898 -0.14423232 -0.18966381 -0.56249413 -0.086186264 0.10032396 -0.36851572 -0.51469522 0.0003145299 -0.38700411 -0.16774902 0.31149339 -0.08278909 0.29657902 0.0015889426 -0.13859401 0.41890471 0.24347885
0.28209479 0.13247667 0.47930508 -0.057810814 0.082207256 -0.37483837 -0.20828232 -0.50055613 0.10390204 -0.32121009 -0.27219898 -0.055091842 -0.29398739 -0.27971587 0.25785804 0.22427707 0.36851572 -0.33493367 0.0014139791 -0.16247256 -0.18437401 0.31149339 -0.031622619 0.45971074 0.00079014598 0.41465517 0.41890471 -0.13800958
0.28209479 -0.079666705 0.46637699 -0.085488753 -0.045347504 -0.40579349 0.13559725 -0.55058661 -0.048355363 -0.37102701 -0.2351658 0.036076284 -0.24630479 0.16477388 0.33203131 -0.16281638 0.51469076 0.18287328 0.093755494 0.095744314 -0.084838591 0.33242218 0.0082491599 0.48768703 -0.028058176 0.44779416 -0.27099929 -0.24765985
0.28209479 -0.063040057 0.20968623 0.51597546 -0.28860833 0.020482956 -0.0054159942 0.066699376 -0.28119492 0.40455983 0.38736104 -0.55682883 0.091365768 0.021671941 -0.0074544765 0.00071738974 -1.2539823e-17 -0.037837039 0.23136135 -0.56670201 0.46043337 0.048804636 -0.63373216 0.18413265 0.075173859 -0.052078217 0.011377269 -0.00098740226
0.28209479 -0.16650853 0.38447101 0.33860077 -0.32705057 -0.02705095 0.018892435 0.13066612 -0.55349578 0.43282559 -0.10732576 -0.36818344 -0.089920841 0.21610823 -0.056610306 0.017815171 -0.09671923 0.10057645 0.31301844 -0.60710948 0.0061376495 -0.42180729 -0.0052209965 -0.098630914 0.5177001 -0.30137267 0.038941461 0.0093464063
0.28209479 -0.11880808 0.1922355 0.33860077 -0.46671784 0.11975593 -0.059677684 0.23273634 -0.39493335 0.21641279 -0.10732576 -0.52541654 0.39808415 -0.098031614 0.00047422709 -0.014394151 0.09671923 -0.31770228 0.55753372 -0.43318809 0.0030688248 -0.42180729 -0.0074506283 0.43664408 -0.23484055 0.0025246125 0.038941461 -0.014055036
0.28209479 -0.27841061 0.45047781 0.11094961 -0.30425591 -0.11208552 0.13088933 0.10148073 -0.51939141 0.042527148 -0.36089753 -0.028723138 -0.20910215 0.47311901 -0.13621139 0.04646491 -0.35021878 0.41751925 0.10332929 0.096371453 -0.43664989 -0.032440582 0.29491644 0.038798251 0.48173726 -0.43449592 -0.060638983 0.10333013
0.28209479 -0.26941645 0.32087041 0.14012566 -0.44164023 0.087538712 -0.098922075 0.4362034 -0.55297486 0.07270457 -0.35234829 -0.10006926 0.17967242 0.14173108 -0.13615456 0.055998669 -3.5048238e-16 -0.34259993 0.5211487 0.0038993107 -0.3070277 -0.10699858 0.42258738 -0.0012669628 0.16933148 -0.47154835 0.31798954 -0.077075555
0.28209479 -0.15935669 0.15015927 0.11094961 -0.5224501 0.25432474 -0.16999176 0.36019202 -0.29728931 0.014175716 -0.36089753 -0.049321659 0.4744578 -0.32311244 0.082391514 -0.11263124 0.35021878 -0.54225072 0.36675321 0.055161103 -0.14554996 -0.032440582 0.50641292 -0.088034163 -0.3289982 0.26281778 -0.060638983 -0.012259989
0.28209479 -0.36131417 0.40396151 -0.085488753 -0.23744262 -0.20116462 0.30486359 0.013431351 -0.21930715 -0.32137227 -0.2351658 0.18889788 -0.12210105 0.57455692 -0.18891691 0.013849588 -0.51469076 0.41115439 -0.0022871296 0.43423131 -0.073484596 0.33242218 0.043193162 0.24176184 -0.097837227 -0.25478287 -0.27099929 0.2960621
0.28209479 -0.39743002 0.33944574 -0.057810814 -0.34823553 0.010161376 -0.016938781 0.42070596 -0.31170612 -0.22748225 -0.27219898 0.23337279 0.0079696122 0.38962021 -0.33103682 0.26256396 -0.36851572 -0.027238836 -0.0011884171 0.48741768 -0.1305744 0.31149339 0.13395556 -0.012462155 -0.0011006055 -0.53233215 0.41890471 -0.020174655
0.28209479 -0.32750035 0.22629716 -0.057810814 -0.43044278 0.22538278 -0.30960035 0.56937128 -0.25685997 -0.15165483 -0.27219898 0.28846463 0.17676871 -0.067924615 -0.11840574 -0.061949487 0.36851572 -0.49786069 -0.0016083693 0.40165426 -0.087049601 0.31149339 0.16557818 -0.27641483 0.00019187457 -0.19040535 0.41890471 -0.25594747
0.28209479 -0.17406771 0.10099038 -0.085488753 -0.45756403 0.37512074 -0.27387869 0.34858227 -0.10565402 -0.080343066 -0.2351658 0.36401584 0.22768733 -0.45693156 0.23156396 -0.28585155 0.51469076 -0.3693666 -0.059357606 0.20919647 -0.018371149 0.33242218 0.083235425 -0.45082419 0.077807638 0.31229883 -0.27099929 0.078316479
0.28209479 -0.19972956 0.50382629 0.04223187 -0.16370309 -0.27490416 0.2302993 -0.31381291 -0.2846709 -0.10928923 -0.35321217 0.035510224 -0.39181588 0.43192641 0.074828778 -0.15638064 1.6312488e-16 0.58629001 -0.18905884 0.18340322 -0.43650603 0.13724518 0.14182941 0.25243287 0.26021716 0.19049717 -0.44400526 0.050811149
0.28209479 0.32316922 0.31138177 0.04223187 0.42858024 0.10500405 0.14233279 0.50775995 0.4606072 -0.067544459 -0.35321217 -0.092966973 0.14966035 -0.16498121 -0.19590428 -0.096648548 5.4374961e-17 0.36234715 0.30590362 -0.29675264 -0.26977556 0.13724518 -0.37131421 -0.096420777 -0.099394112 -0.49872807 -0.44400526 -0.13302531
0.28209479 -0.12587341 0.50727696 0.25986681 -0.16482428 -0.17324989 0.091469417 -0.19912545 -0.35492239 0.39013049 -0.24351518 -0.12676108 -0.48850876 0.27407267 0.029720215 -0.039143344 -2.5017001e-16 0.41944799 -0.3821616 -0.23928086 -0.28167546 -0.36140519 0.091521904 -0.32934185 0.52600032 0.13628691 -0.17755615 0.012718443
0.28209479 0.20366746 0.31351441 0.25986681 0.43151556 0.066175568 0.056531209 0.32219174 0.57427649 0.2411139 -0.24351518 0.33186481 0.18659374 -0.10468644 -0.077808534 -0.024191917 -1.3595718e-16 0.25923311 0.61835047 0.38716456 -0.17408501 -0.36140519 -0.23960746 0.12579739 -0.20091425 -0.35680377 -0.17755615 -0.033297317
0.28209479 -0.055943738 0.39412838 0.46593143 -0.12806007 -0.07699995 0.018068033 -0.068760151 -0.23160379 0.67105703 0.22143799 -0.21803965 -0.31877527 0.094640228 0.0058706598 -0.0034364527 -3.8393949e-17 0.11775127 -0.21769052 -0.40748982 0.57367144 -0.1918368 -0.18639715 -0.56086162 0.29962529 0.038259705 -0.027249796 0.0011165712
0.28209479 0.09051887 0.24358474 0.46593143 0.33526563 0.029411364 0.011166659 0.11125626 0.3747428 0.41473605 0.22143799 0.57083521 0.12176132 -0.036149351 -0.015369587 -0.0021238446 -2.0865543e-17 0.072774284 0.35223066 0.65933238 0.35454845 -0.1918368 0.48799407 0.21423008 -0.11444668 -0.10016521 -0.027249796 -0.0029232212
0.28209479 -0.012483098 0.20085516 0.59399868 -0.065261798 -0.01718151 0.00089960663 -0.007819032 -0.061922069 0.45852004 0.68737533 -0.14898219 -0.085228417 0.010761974 0.00029229991 -3.8178866e-05 -9.7420385e-19 0.006942694 -0.030813064 -0.14928978 0.71231192 0.63737055 -0.23144417 -0.20547975 0.042410544 0.002255818 -0.00069143333 1.2405066e-05
0.28209479 0.038960898 0.33927944 0.51597546 0.11023857 -0.053625076 -0.0087632627 -0.041222481 0.17378802 0.65459155 0.38736104 0.21268969 -0.23919869 -0.056737878 0.0028473566 0.001160761 -2.7866273e-18 -0.061221616 -0.14298918 0.3502411 0.74499684 0.048804636 0.24206415 -0.48206552 -0.19680772 0.019892109 0.011377269 0.0003771541
0.28209479 0.020198076 0.12413532 0.59399868 0.1708576 0.0065627528 0.00055598748 0.01265146 0.10019201 0.28338097 0.68737533 0.39004044 0.032554358 -0.0041107084 -0.00076525111 -2.3595837e-05 -2.2238192e-19 0.0042908208 0.049856585 0.24155593 0.44023298 0.63737055 0.60592871 0.07848628 -0.016199386 -0.0059058082 -0.00069143333 -3.2476883e-05
0.28209479 0.025726982 0.50327908 0.33860077 0.038603083 -0.16671822 -0.017990402 -0.24590919 0.085519802 0.56657605 -0.10732576 0.04345816 -0.55419284 -0.057489746 0.056903394 0.0089190966 0.09671923 -0.095774354 -0.58909007 0.093803573 0.0080342876 -0.42180729 0.00061625505 -0.60787405 -0.1377201 0.30293297 0.038941461 -0.018032897
0.28209479 0.15060838 0.42985165 0.33860077 0.26458947 -0.075986578 -0.048001517 0.021314121 0.50064164 0.48391372 -0.10732576 0.29786666 -0.25258917 -0.25163885 -0.03546132 -0.00338377 -0.09671923 -0.25554261 0.051059243 0.54913568 0.0068621008 -0.42180729 0.0042238749 -0.27705591 -0.6028158 -0.18878317 0.038941461 0.019831433
0.28209479 -0.020566057 0.54328134 0.11094961 -0.018636009 -0.29942055 0.025828643 -0.48132219 -0.038367193 0.051288223 -0.36089753 -0.0017593238 -0.5585867 0.049687903 0.18713215 -0.023145025 0.35021878 0.082389878 -0.49008987 0.0071189128 -0.52660472 -0.032440582 0.018063956 0.10364402 0.050593008 0.59692624 -0.060638983 -0.11090722
0.28209479 0.16650853 0.51917922 0.14012566 0.16869156 -0.22917932 -0.16005928 -0.26958853 0.34175726 0.11763847 -0.35234829 0.038223055 -0.47038851 -0.37105677 0.052006413 0.090607749 -7.7884974e-17 -0.55433834 -0.32208761 -0.0024099065 -0.49678126 -0.10699858 -0.16141402 0.0033169518 -0.44331556 0.18011544 0.31798954 0.029440242
0.28209479 0.29112113 0.42856986 0.11094961 0.33440961 -0.072966556 -0.089097706 0.19599274 0.54310363 0.040458939 -0.36089753 0.031569784 -0.13612341 -0.4424102 -0.16657478 -0.083914346 -0.35021878 -0.28420963 0.19956291 -0.10077118 -0.41541444 -0.032440582 -0.32414453 0.025257274 -0.45046906 -0.53135103 -0.060638983 0.076121521
0.28209479 -0.079666705 0.46637699 -0.085488753 -0.045347504 -0.40579349 0.13559725 -0.55058661 -0.048355363 -0.37102701 -0.2351658 0.036076284 -0.24630479 0.16477388 0.33203131 -0.16281638 0.51469076 0.18287328 0.093755494 0.095744314 -0.084838591 0.33242218 0.0082491599 0.48768703 -0.028058176 0.44779416 -0.27099929 -0.24765985
0.28209479 0.13247667 0.47930508 -0.057810814 0.082207256 -0.37483837 -0.20828232 -0.50055613 0.10390204 -0.32121009 -0.27219898 -0.055091842 -0.29398739 -0.27971587 0.25785804 0.22427707 0.36851572 -0.33493367 0.0014139791 -0.16247256 -0.18437401 0.31149339 -0.031622619 0.45971074 0.00079014598 0.41465517 0.41890471 -0.13800958
0.28209479 0.31555493 0.43608617 -0.057810814 0.21522139 -0.24182423 -0.32006909 -0.11134525 0.24749113 -0.29224659 -0.27219898 -0.14423232 -0.18966381 -0.56249413 -0.086186264 0.10032396 -0.36851572 -0.51469522 0.0003145299 -0.38700411 -0.16774902 0.31149339 -0.08278909 0.29657902 0.0015889426 -0.13859401 0.41890471 0.24347885
0.28209479 0.4105509 0.35065232 -0.085488753 0.31081642 -0.049629544 -0.08546263 0.32684989 0.24919241 -0.27896205 -0.2351658 -0.24727053 -0.030123684 -0.47272106 -0.34832104 -0.27729203 -0.51469076 -0.11525921 -0.055656952 -0.49340455 -0.063787127 0.33242218 -0.056540583 0.059645327 0.08049632 -0.4697633 -0.27099929 0.10465996
0.28209479 -8.3227053e-17 6.4876192e-17 0.04223187 -0.52975431 0.33980023 -1.1861978e-16 1.9614815e-16 -1.18622e-16 -1.4072845e-17 -0.35321217 0.1149135 0.48431107 -0.53389041 0.24215101 -1.2081998e-16 2.7187481e-16 -3.0197919e-16 1.1817086e-16 7.6423885e-17 -5.6207565e-17 0.13724518 0.4589696 -0.31202419 -0.3216461 0.61646179 -0.44400526 0.16442833
0.28209479 -5.2451289e-17 6.5320525e-17 0.25986681 -0.53338256 0.21414864 -4.7112964e-17 1.2446298e-16 -1.478957e-16 5.0235927e-17 -0.24351518 -0.41020747 0.60383004 -0.33877245 0.096176637 -3.0242222e-17 1.0872179e-16 -2.1604421e-16 2.3886937e-16 -9.9708026e-17 -3.6270499e-17 -0.36140519 0.2961711 0.40708891 -0.65017216 0.44103372 -0.17755615 0.041157747
0.28209479 -2.3311684e-17 5.0750723e-17 0.46593143 -0.41441111 0.095177172 -9.3062645e-18 4.29784e-17 -9.6509001e-17 8.640999e-17 0.22143799 -0.70559112 0.3940279 -0.11698176 0.018997854 -2.6550099e-18 1.6685688e-17 -6.0649902e-17 1.3606704e-16 -1.6980048e-16 7.3869941e-17 -0.1918368 -0.60319384 0.69326309 -0.37035723 0.12381101 -0.027249796 0.0036133002
0.28209479 -5.2016908e-18 2.5863513e-17 0.59399868 -0.21119161 0.021237514 -4.6335853e-19 4.8872709e-18 -2.5802847e-17 5.9042243e-17 0.68737533 -0.4821165 0.10534812 -0.013302532 0.00094590239 -2.9497065e-20 4.2338081e-19 -3.5759591e-18 1.9259646e-17 -6.2208858e-17 9.1722258e-17 0.63737055 -0.74896908 0.25398694 -0.052422316 0.0072999804 -0.00069143333 4.0143636e-05
0.28209479 -0.063040057 0.20968623 0.51597546 -0.28860833 0.020482956 -0.0054159942 0.066699376 -0.28119492 0.40455983 0.38736104 -0.55682883 0.091365768 0.021671941 -0.0074544765 0.00071738974 -5.5732546e-18 -0.037837039 0.23136135 -0.56670201 0.46043337 0.048804636 -0.63373216 0.18413265 0.075173859 -0.052078217 0.011377269 -0.00098740226
0.28209479 -0.11880808 0.1922355 0.33860077 -0.46671784 0.11975593 -0.059677684 0.23273634 -0.39493335 0.21641279 -0.10732576 -0.52541654 0.39808415 -0.098031614 0.00047422709 -0.014394151 0.09671923 -0.31770228 0.55753372 -0.43318809 0.0030688248 -0.42180729 -0.0074506283 0.43664408 -0.23484055 0.0025246125 0.038941461 -0.014055036
0.28209479 -0.16650853 0.38447101 0.33860077 -0.32705057 -0.02705095 0.018892435 0.13066612 -0.55349578 0.43282559 -0.10732576 -0.36818344 -0.089920841 0.21610823 -0.056610306 0.017815171 -0.09671923 0.10057645 0.31301844 -0.60710948 0.0061376495 -0.42180729 -0.0052209965 -0.098630914 0.5177001 -0.30137267 0.038941461 0.0093464063
0.28209479 -0.15935669 0.15015927 0.11094961 -0.5224501 0.25432474 -0.16999176 0.36019202 -0.29728931 0.014175716 -0.36089753 -0.049321659 0.4744578 -0.32311244 0.082391514 -0.11263124 0.35021878 -0.54225072 0.36675321 0.055161103 -0.14554996 -0.032440582 0.50641292 -0.088034163 -0.3289982 0.26281778 -0.060638983 -0.012259989
0.28209479 -0.26941645 0.32087041 0.14012566 -0.44164023 0.087538712 -0.098922075 0.4362034 -0.55297486 0.07270457 -0.35234829 -0.10006926 0.17967242 0.14173108 -0.13615456 0.055998669 -1.5576995e-16 -0.34259993 0.5211487 0.0038993107 -0.3070277 -0.10699858 0.42258738 -0.0012669628 0.16933148 -0.47154835 0.31798954 -0.077075555
0.28209479 -0.27841061 0.45047781 0.11094961 -0.30425591 -0.11208552 0.13088933 0.10148073 -0.51939141 0.042527148 -0.36089753 -0.028723138 -0.20910215 0.47311901 -0.13621139 0.04646491 -0.35021878 0.41751925 0.10332929 0.096371453 -0.43664989 -0.032440582 0.29491644 0.038798251 0.48173726 -0.43449592 -0.060638983 0.10333013
0.28209479 -0.17406771 0.10099038 -0.085488753 -0.45756403 0.37512074 -0.27387869 0.34858227 -0.10565402 -0.080343066 -0.2351658 0.36401584 0.22768733 -0.45693156 0.23156396 -0.28585155 0.51469076 -0.3693666 -0.059357606 0.20919647 -0.018371149 0.33242218 0.083235425 -0.45082419 0.077807638 0.31229883 -0.27099929 0.078316479
0.28209479 -0.32750035 0.22629716 -0.057810814 -0.43044278 0.22538278 -0.30960035 0.56937128 -0.25685997 -0.15165483 -0.27219898 0.28846463 0.17676871 -0.067924615 -0.11840574 -0.061949487 0.36851572 -0.49786069 -0.0016083693 0.40165426 -0.087049601 0.31149339 0.16557818 -0.27641483 0.00019187457 -0.19040535 0.41890471 -0.25594747
0.28209479 -0.39743002 0.33944574 -0.057810814 -0.34823553 0.010161376 -0.016938781 0.42070596 -0.31170612 -0.22748225 -0.27219898 0.23337279 0.0079696122 0.38962021 -0.33103682 0.26256396 -0.36851572 -0.027238836 -0.0011884171 0.48741768 -0.1305744 0.31149339 0.13395556 -0.012462155 -0.0011006055 -0.53233215 0.41890471 -0.020174655
0.28209479 -0.36131417 0.40396151 -0.085488753 -0.23744262 -0.20116462 0.30486359 0.013431351 -0.21930715 -0.32137227 -0.2351658 0.18889788 -0.12210105 0.57455692 -0.18891691 0.013849588 -0.51469076 0.41115439 -0.0022871296 0.43423131 -0.073484596 0.33242218 0.043193162 0.24176184 -0.097837227 -0.25478287 -0.27099929 0.2960621
0.28209479 0.19972956 -0.50382629 0.04223187 -0.16370309 -0.27490416 -0.2302993 0.31381291 0.2846709 0.10928923 -0.35321217 0.035510224 -0.39181588 0.43192641 0.074828778 0.15638064 3.8062473e-16 -0.58629001 0.18905884 -0.18340322 0.43650603 0.13724518 0.14182941 0.25243287 0.26021716 0.19049717 -0.44400526 0.050811149
0.28209479 0.12587341 -0.50727696 0.25986681 -0.16482428 -0.17324989 -0.091469417 0.19912545 0.35492239 -0.39013049 -0.24351518 -0.12676108 -0.48850876 0.27407267 0.029720215 0.039143344 1.522105e-16 -0.41944799 0.3821616 0.23928086 0.28167546 -0.36140519 0.091521904 -0.32934185 0.52600032 0.13628691 -0.17755615 0.012718443
0.28209479 0.055943738 -0.39412838 0.46593143 -0.12806007 -0.07699995 -0.018068033 0.068760151 0.23160379 -0.67105703 0.22143799 -0.21803965 -0.31877527 0.094640228 0.0058706598 0.0034364527 2.3359963e-17 -0.11775127 0.21769052 0.40748982 -0.57367144 -0.1918368 -0.18639715 -0.56086162 0.29962529 0.038259705 -0.027249796 0.0011165712
0.28209479 0.012483098 -0.20085516 0.59399868 -0.065261798 -0.01718151 -0.00089960663 0.007819032 0.061922069 -0.45852004 0.68737533 -0.14898219 -0.085228417 0.010761974 0.00029229991 3.8178866e-05 5.9273313e-19 -0.006942694 0.030813064 0.14928978 -0.71231192 0.63737055 -0.23144417 -0.20547975 0.042410544 0.002255818 -0.00069143333 1.2405066e-05
0.28209479 0.063040057 -0.20968623 0.51597546 -0.28860833 0.020482956 0.0054159942 -0.066699376 0.28119492 -0.40455983 0.38736104 -0.55682883 0.091365768 0.021671941 -0.0074544765 -0.00071738974 -8.3598819e-18 0.037837039 -0.23136135 0.56670201 -0.46043337 0.048804636 -0.63373216 0.18413265 0.075173859 -0.052078217 0.011377269 -0.00098740226
0.28209479 0.16650853 -0.38447101 0.33860077 -0.32705057 -0.02705095 -0.018892435 -0.13066612 0.55349578 -0.43282559 -0.10732576 -0.36818344 -0.089920841 0.21610823 -0.056610306 -0.017815171 0.09671923 -0.10057645 -0.31301844 0.60710948 -0.0061376495 -0.42180729 -0.0052209965 -0.098630914 0.5177001 -0.30137267 0.038941461 0.0093464063
0.28209479 0.11880808 -0.1922355 0.33860077 -0.46671784 0.11975593 0.059677684 -0.23273634 0.39493335 -0.21641279 -0.10732576 -0.52541654 0.39808415 -0.098031614 0.00047422709 0.014394151 -0.09671923 0.31770228 -0.55753372 0.43318809 -0.0030688248 -0.42180729 -0.0074506283 0.43664408 -0.23484055 0.0025246125 0.038941461 -0.014055036
0.28209479 0.27841061 -0.45047781 0.11094961 -0.30425591 -0.11208552 -0.13088933 -0.10148073 0.51939141 -0.042527148 -0.36089753 -0.028723138 -0.20910215 0.47311901 -0.13621139 -0.04646491 0.35021878 -0.41751925 -0.10332929 -0.096371453 0.43664989 -0.032440582 0.29491644 0.038798251 0.48173726 -0.43449592 -0.060638983 0.10333013
0.28209479 0.26941645 -0.32087041 0.14012566 -0.44164023 0.087538712 0.098922075 -0.4362034 0.55297486 -0.07270457 -0.35234829 -0.10006926 0.17967242 0.14173108 -0.13615456 -0.055998669 -1.3633807e-15 0.34259993 -0.5211487 -0.0038993107 0.3070277 -0.10699858 0.42258738 -0.0012669628 0.16933148 -0.47154835 0.31798954 -0.077075555
0.28209479 0.15935669 -0.15015927 0.11094961 -0.5224501 0.25432474 0.16999176 -0.36019202 0.29728931 -0.014175716 -0.36089753 -0.049321659 0.4744578 -0.32311244 0.082391514 0.11263124 -0.35021878 0.54225072 -0.36675321 -0.055161103 0.14554996 -0.032440582 0.50641292 -0.088034163 -0.3289982 0.26281778 -0.060638983 -0.012259989
0.28209479 0.36131417 -0.40396151 -0.085488753 -0.23744262 -0.20116462 -0.30486359 -0.013431351 0.21930715 0.32137227 -0.2351658 0.18889788 -0.12210105 0.57455692 -0.18891691 -0.013849588 0.51469076 -0.41115439 0.0022871296 -0.43423131 0.073484596 0.33242218 0.043193162 0.24176184 -0.097837227 -0.25478287 -0.27099929 0.2960621
0.28209479 0.39743002 -0.33944574 -0.057810814 -0.34823553 0.010161376 0.016938781 -0.42070596 0.31170612 0.22748225 -0.27219898 0.23337279 0.0079696122 0.38962021 -0.33103682 -0.26256396 0.36851572 0.027238836 0.0011884171 -0.48741768 0.1305744 0.31149339 0.13395556 -0.012462155 -0.0011006055 -0.53233215 0.41890471 -0.020174655
0.28209479 0.32750035 -0.22629716 -0.057810814 -0.43044278 0.22538278 0.30960035 -0.56937128 0.25685997 0.15165483 -0.27219898 0.28846463 0.17676871 -0.067924615 -0.11840574 0.061949487 -0.36851572 0.49786069 0.0016083693 -0.40165426 0.087049601 0.31149339 0.16557818 -0.27641483 0.00019187457 -0.19040535 0.41890471 -0.25594747
0.28209479 0.17406771 -0.10099038 -0.085488753 -0.45756403 0.37512074 0.27387869 -0.34858227 0.10565402 0.080343066 -0.2351658 0.36401584 0.22768733 -0.45693156 0.23156396 0.28585155 -0.51469076 0.3693666 0.059357606 -0.20919647 0.018371149 0.33242218 0.083235425 -0.45082419 0.077807638 0.31229883 -0.27099929 0.078316479
0.28209479 -0.32316922 -0.31138177 0.04223187 0.42858024 0.10500405 -0.14233279 -0.50775995 -0.4606072 0.067544459 -0.35321217 -0.092966973 0.14966035 -0.16498121 -0.19590428 0.096648548 4.8937465e-16 -0.36234715 -0.30590362 0.29675264 0.26977556 0.13724518 -0.37131421 -0.096420777 -0.099394112 -0.49872807 -0.44400526 -0.13302531
0.28209479 -0.20366746 -0.31351441 0.25986681 0.43151556 0.066175568 -0.056531209 -0.32219174 -0.57427649 -0.2411139 -0.24351518 0.33186481 0.18659374 -0.10468644 -0.077808534 0.024191917 1.9569922e-16 -0.25923311 -0.61835047 -0.38716456 0.17408501 -0.36140519 -0.23960746 0.12579739 -0.20091425 -0.35680377 -0.17755615 -0.033297317
0.28209479 -0.09051887 -0.24358474 0.46593143 0.33526563 0.029411364 -0.011166659 -0.11125626 -0.3747428 -0.41473605 0.22143799 0.57083521 0.12176132 -0.036149351 -0.015369587 0.0021238446 3.0034238e-17 -0.072774284 -0.35223066 -0.65933238 -0.35454845 -0.1918368 0.48799407 0.21423008 -0.11444668 -0.10016521 -0.027249796 -0.0029232212
0.28209479 -0.020198076 -0.12413532 0.59399868 0.1708576 0.0065627528 -0.00055598748 -0.01265146 -0.10019201 -0.28338097 0.68737533 0.39004044 0.032554358 -0.0041107084 -0.00076525111 2.3595837e-05 7.6208546e-19 -0.0042908208 -0.049856585 -0.24155593 -0.44023298 0.63737055 0.60592871 0.07848628 -0.016199386 -0.0059058082 -0.00069143333 -3.2476883e-05
0.28209479 -0.038960898 -0.33927944 0.51597546 0.11023857 -0.053625076 0.0087632627 0.041222481 -0.17378802 -0.65459155 0.38736104 0.21268969 -0.23919869 -0.056737878 0.0028473566 -0.001160761 -1.1146509e-17 0.061221616 0.14298918 -0.3502411 -0.74499684 0.048804636 0.24206415 -0.48206552 -0.19680772 0.019892109 0.011377269 0.0003771541
0.28209479 -0.15060838 -0.42985165 0.33860077 0.26458947 -0.075986578 0.048001517 -0.021314121 -0.50064164 -0.48391372 -0.10732576 0.29786666 -0.25258917 -0.25163885 -0.03546132 0.00338377 0.09671923 0.25554261 -0.051059243 -0.54913568 -0.0068621008 -0.42180729 0.0042238749 -0.27705591 -0.6028158 -0.18878317 0.038941461 0.019831433
0.28209479 -0.025726982 -0.50327908 0.33860077 0.038603083 -0.16671822 0.017990402 0.24590919 -0.085519802 -0.56657605 -0.10732576 0.04345816 -0.55419284 -0.057489746 0.056903394 -0.0089190966 -0.09671923 0.095774354 0.58909007 -0.093803573 -0.0080342876 -0.42180729 0.00061625505 -0.60787405 -0.1377201 0.30293297 0.038941461 -0.018032897
0.28209479 -0.29112113 -0.42856986 0.11094961 0.33440961 -0.072966556 0.089097706 -0.19599274 -0.54310363 -0.040458939 -0.36089753 0.031569784 -0.13612341 -0.4424102 -0.16657478 0.083914346 0.35021878 0.28420963 -0.19956291 0.10077118 0.41541444 -0.032440582 -0.32414453 0.025257274 -0.45046906 -0.53135103 -0.060638983 0.076121521
0.28209479 -0.16650853 -0.51917922 0.14012566 0.16869156 -0.22917932 0.16005928 0.26958853 -0.34175726 -0.11763847 -0.35234829 0.038223055 -0.47038851 -0.37105677 0.052006413 -0.090607749 -3.115399e-16 0.55433834 0.32208761 0.0024099065 0.49678126 -0.10699858 -0.16141402 0.0033169518 -0.44331556 0.18011544 0.31798954 0.029440242
0.28209479 0.020566057 -0.54328134 0.11094961 -0.018636009 -0.29942055 -0.025828643 0.48132219 0.038367193 -0.051288223 -0.36089753 -0.0017593238 -0.5585867 0.049687903 0.18713215 0.023145025 -0.35021878 -0.082389878 0.49008987 -0.0071189128 0.52660472 -0.032440582 0.018063956 0.10364402 0.050593008 0.59692624 -0.060638983 -0.11090722
0.28209479 -0.4105509 -0.35065232 -0.085488753 0.31081642 -0.049629544 0.08546263 -0.32684989 -0.24919241 0.27896205 -0.2351658 -0.24727053 -0.030123684 -0.47272106 -0.34832104 0.27729203 0.51469076 0.11525921 0.055656952 0.49340455 0.063787127 0.33242218 -0.056540583 0.059645327 0.08049632 -0.4697633 -0.27099929 0.10465996
0.28209479 -0.31555493 -0.43608617 -0.057810814 0.21522139 -0.24182423 0.32006909 0.11134525 -0.24749113 0.29224659 -0.27219898 -0.14423232 -0.18966381 -0.56249413 -0.086186264 -0.10032396 0.36851572 0.51469522 -0.0003145299 0.38700411 0.16774902 0.31149339 -0.08278909 0.29657902 0.0015889426 -0.13859401 0.41890471 0.24347885
0.28209479 -0.13247667 -0.47930508 -0.057810814 0.082207256 -0.37483837 0.20828232 0.50055613 -0.10390204 0.32121009 -0.27219898 -0.055091842 -0.29398739 -0.27971587 0.25785804 -0.22427707 -0.36851572 0.33493367 -0.0014139791 0.16247256 0.18437401 0.31149339 -0.031622619 0.45971074 0.00079014598 0.41465517 0.41890471 -0.13800958
0.28209479 0.079666705 -0.46637699 -0.085488753 -0.045347504 -0.40579349 -0.13559725 0.55058661 0.048355363 0.37102701 -0.2351658 0.036076284 -0.24630479 0.16477388 0.33203131 0.16281638 -0.51469076 -0.18287328 -0.093755494 -0.095744314 0.084838591 0.33242218 0.0082491599 0.48768703 -0.028058176 0.44779416 -0.27099929 -0.24765985
0.28209479 -3.2469912e-17 -8.7375981e-17 0.51597546 0.35673951 0.066284239 -9.0273513e-18 -5.1532065e-17 -1.4483449e-16 -1.6857956e-16 0.38736104 0.68827828 0.29566584 0.070131874 0.0092142397 -1.7936123e-18 -1.3933137e-17 -6.3066583e-17 -1.7875022e-16 -2.9189004e-16 -1.9186199e-16 0.048804636 0.78333603 0.59586576 0.24326772 0.064372216 0.011377269 0.0012204963
0.28209479 0.077180946 0.11880807 0.33860077 0.49057586 0.14999982 0.048559004 0.16515309 0.2565594 0.13375046 -0.10732576 0.55227516 0.4986187 0.19105198 0.034694005 0.019906456 0.09671923 0.25851047 0.39563403 0.28141072 0.001896638 -0.42180729 0.0078314948 0.5469168 0.45767636 0.18469826 0.038941461 0.0029100934
0.28209479 -0.077180946 -0.11880807 0.33860077 0.49057586 0.14999982 -0.048559004 -0.16515309 -0.2565594 -0.13375046 -0.10732576 0.55227516 0.4986187 0.19105198 0.034694005 -0.019906456 -0.09671923 -0.25851047 -0.39563403 -0.28141072 -0.001896638 -0.42180729 0.0078314948 0.5469168 0.45767636 0.18469826 0.038941461 0.0029100934
0.28209479 0.19263327 0.18560706 0.11094961 0.51093241 0.23014789 0.18595474 0.41860365 0.35936874 0.017522149 -0.36089753 0.048234338 0.42935446 0.24271573 0.033262515 0.098326828 0.35021878 0.59317046 0.42622886 -0.066679746 -0.17990965 -0.032440582 -0.49524878 -0.079665379 0.24713699 0.10610292 -0.060638983 -0.056284442
0.28209479 0 0 0.14012566 0.54589734 0.28328122 0 0 0 0 -0.35234829 0.1236924 0.58143217 0.4586514 0.16829629 0 0 0 0 0 0 -0.10699858 -0.52234673 -0.0040999779 0.54796817 0.58286582 0.31798954 0.095270625
0.28209479 -0.19263327 -0.18560706 0.11094961 0.51093241 0.23014789 -0.18595474 -0.41860365 -0.35936874 -0.017522149 -0.36089753 0.048234338 0.42935446 0.24271573 0.033262515 -0.098326828 -0.35021878 -0.59317046 -0.42622886 0.066679746 0.17990965 -0.032440582 -0.49524878 -0.079665379 0.24713699 0.10610292 -0.060638983 -0.056284442
0.28209479 0.30297114 0.18724646 -0.085488753 0.42953773 0.28146691 0.3576824 0.54228558 0.18389464 -0.14896424 -0.2351658 -0.34171947 0.1708422 0.19032183 -0.026357329 0.18522549 0.51469076 0.4823885 -0.09234197 -0.36411402 -0.034061984 0.33242218 -0.078137164 -0.33827 -0.032408555 -0.035546822 -0.27099929 -0.23137869
0.28209479 0.11314859 0.069929669 -0.057810814 0.48124966 0.38111845 0.1808748 0.24054555 0.088742937 -0.04686392 -0.27219898 -0.32251326 0.29891288 0.52051441 0.27777077 0.20056034 0.36851572 0.2908603 -0.00067949701 -0.13876813 -0.026899806 0.31149339 -0.18512203 -0.46741278 -0.0014703576 0.44667634 0.41890471 0.17065286
0.28209479 -0.11314859 -0.069929669 -0.057810814 0.48124966 0.38111845 -0.1808748 -0.24054555 -0.088742937 0.04686392 -0.27219898 -0.32251326 0.29891288 0.52051441 0.27777077 -0.20056034 -0.36851572 -0.2908603 0.00067949701 0.13876813 0.026899806 0.31149339 -0.18512203 -0.46741278 -0.0014703576 0.44667634 0.41890471 0.17065286
0.28209479 -0.30297114 -0.18724646 -0.085488753 0.42953773 0.28146691 -0.3576824 -0.54228558 -0.18389464 0.14896424 -0.2351658 -0.34171947 0.1708422 0.19032183 -0.026357329 -0.18522549 -0.51469076 -0.4823885 0.09234197 0.36411402 0.034061984 0.33242218 -0.078137164 -0.33827 -0.032408555 -0.035546822 -0.27099929 -0.23137869
0.28209479 0.423034 0.14979716 -0.23262655 0.26989064 0.26369363 0.46789011 0.45577748 -0.1420323 -0.21902647 0.06808427 -0.3946216 -0.088534289 0.023131372 -0.22948234 0.05255764 0.31809637 -0.014256784 -0.48335272 -0.11486031 0.20995431 0.12262874 0.37827621 -0.071596926 -0.024530855 0.0069924113 -0.45696125 -0.51646069
0.28209479 0.37149866 0.0419578 -0.30508834 0.10533854 0.39235258 0.61136801 0.16488936 -0.29720347 -0.075122879 0.28323759 -0.18860222 -0.31388685 0.076349473 0.03340684 0.50414292 0.22775522 -0.43385959 -0.24715473 0.2530656 0.10465196 -0.24751761 0.26273744 0.26727133 -0.11444118 -0.023707289 -0.076605567 -0.42767236
0.28209479 0.25835008 -0.027971867 -0.30508834 -0.10988285 0.47455984 0.51424316 -0.12356628 -0.20668322 0.050081919 0.28323759 0.19673852 -0.37965366 -0.13322582 0.3323264 0.6592397 -0.22775522 -0.36493458 0.18521504 0.17598857 -0.069767975 -0.24751761 -0.27407193 0.32327107 0.19969384 -0.23583667 -0.076605567 0.04966644
0.28209479 0.12006286 -0.03744929 -0.23262655 -0.30639468 0.48381505 0.24364471 -0.16284223 -0.040310717 0.054756619 0.06808427 0.44799611 -0.16243935 -0.42632216 0.46067402 0.346088 -0.31809637 -0.007423944 0.17269443 -0.032598934 -0.052488577 0.12262874 -0.42943993 -0.13136332 0.4521153 -0.014036907 -0.45696125 0.38693287
0.28209479 0.3208846 -0.11688269 -0.21672317 -0.31278516 0.36939868 0.49717944 -0.42573539 -0.075039876 0.16247909 0.02667593 0.43480391 -0.086385046 -0.23144731 0.070231846 0.41204265 -0.56666584 0.058961452 0.41052909 -0.14020527 -0.13902172 0.17710393 -0.37203058 -0.1614027 0.22318053 0.0083289278 0.12510244 -0.26696393
0.28209479 0.45182511 -0.057527276 -0.30367816 -0.10623045 0.29483335 0.55874792 -0.19265941 -0.35738335 0.10263155 0.27863613 0.18952045 -0.23320645 -0.015802256 -0.24583166 0.10723946 -0.15649498 -0.38913227 0.28713586 0.29799992 -0.14214911 -0.23825512 -0.26249399 0.19445646 0.023551376 0.17120607 0.20164307 -0.64932802
0.28209479 0.46165195 -0.20206232 -0.20997094 -0.27811493 0.14999981 0.29045198 -0.47069034 -0.08798687 0.27470642 0.0097275231 0.37810095 -0.028588667 0.15293656 -0.39977285 -0.28174056 1.8910317e-16 0.052827541 0.43464942 -0.23193945 -0.22274003 0.19757197 -0.30657535 -0.075361697 -0.14122616 -0.072710872 0.58796251 -0.38778262
0.28209479 0.51351786 0.06872437 -0.30442841 0.09459098 0.16685207 0.35938182 0.17807444 -0.40864932 -0.12284132 0.28108218 -0.16907657 -0.13277821 -0.057859893 -0.49464663 -0.38776805 3.0301747e-17 -0.2528137 -0.26620701 0.34459749 0.17066579 -0.24317221 0.2349013 0.11196651 0.086495901 0.34796821 -0.24743254 -0.53371693
0.28209479 0.53883289 -0.083254256 -0.30367816 -0.087538705 0.027050949 0.061137201 -0.14657641 -0.42620452 0.14852977 0.27863613 0.15617344 -0.021396683 0.12602666 -0.60736701 -0.65068646 0.15649498 -0.042578159 0.21845464 0.35538564 -0.20572013 -0.23825512 -0.21630695 0.017841373 -0.18782769 0.42299237 0.20164307 -0.098662608
0.28209479 0.47672819 -0.26135763 -0.21672317 -0.20781797 -0.11023857 -0.22043135 -0.20838585 -0.11148439 0.36331429 0.02667593 0.2888886 0.025779638 0.43748579 -0.45114291 -0.38122596 0.56666584 -0.026141372 0.20094278 -0.20829857 -0.31086203 0.17710393 -0.24718129 0.048166939 -0.42185979 -0.053501893 0.12510244 0.30937946
0.28209479 0.49723692 0.21039139 -0.23262655 0.22586636 0.035320512 0.073664681 0.35513545 -0.1669457 -0.30762454 0.06808427 -0.33025134 -0.011858748 -0.28661296 -0.51590388 -0.50742451 -0.31809637 -0.0022445899 -0.37662169 -0.13500756 0.29488261 0.12262874 0.31657219 -0.0095900688 0.30395348 0.015719781 -0.45696125 -0.10960985
0.28209479 0.53116779 0.087217231 -0.30508834 0.072455638 -0.09905847 -0.2206949 0.088521201 -0.42494072 -0.15615713 0.28323759 -0.1297274 0.079247985 -0.15868756 -0.57112225 -0.56252932 -0.22775522 0.15661696 -0.13268554 0.36183252 0.21753892 -0.24751761 0.18072026 -0.067478819 0.23785876 0.40529904 -0.076605567 0.34731038
0.28209479 0.48794888 -0.095861014 -0.30508834 -0.060558493 -0.23207261 -0.47497106 -0.021659049 -0.39036506 0.17163329 0.28323759 0.10842628 0.18566092 0.18041239 -0.3863798 -0.15648068 0.22775522 0.33706499 0.032465019 0.33239171 -0.23909841 -0.24751761 -0.15104617 -0.15808831 -0.27042238 0.27419587 -0.076605567 0.64232198
0.28209479 0.38151224 -0.27982619 -0.23262655 -0.13029755 -0.32084342 -0.51341739 0.11884375 -0.12809151 0.4091489 0.06808427 0.19051505 0.10772215 0.44061813 -0.089363793 0.26104796 0.31809637 0.015644016 -0.12603398 -0.10358651 -0.39220178 0.12262874 -0.18262384 0.087113984 -0.46727621 0.0027229476 -0.45696125 0.44871808
0.28209479 -0.18724646 0.30297112 -0.23262655 -0.059064771 -0.46198578 0.36283667 -0.38232801 0.062867397 -0.44299035 0.06808427 0.086361774 0.15511024 0.24918561 0.374076 -0.4749421 0.31809637 -0.011055767 0.40545944 0.050840329 0.42464151 0.12262874 -0.082784633 0.12543633 -0.26426172 -0.011398233 -0.45696125 -0.20958042
0.28209479 -0.069929671 0.11314858 -0.30508834 -0.0073528403 -0.53578134 0.15715131 -0.17827539 0.055944591 -0.20258562 0.28323759 0.013164812 0.42863161 0.035151514 0.59176881 -0.25095186 0.22775522 -0.11152302 0.26721921 -0.047636226 0.28221739 -0.24751761 -0.018339598 -0.36497527 -0.052689044 -0.41995095 -0.076605567 -0.61162643
0.28209479 0.069929671 -0.11314858 -0.30508834 -0.0073528403 -0.53578134 -0.15715131 0.17827539 -0.055944591 0.20258562 0.28323759 0.013164812 0.42863161 0.035151514 0.59176881 0.25095186 -0.22775522 0.11152302 -0.26721921 0.047636226 -0.28221739 -0.24751761 -0.018339598 -0.36497527 -0.052689044 -0.41995095 -0.076605567 -0.61162643
0.28209479 0.18724646 -0.30297112 -0.23262655 -0.059064771 -0.46198578 -0.36283667 0.38232801 -0.062867397 0.44299035 0.06808427 0.086361774 0.15511024 0.24918561 0.374076 0.4749421 -0.31809637 0.011055767 -0.40545944 -0.050840329 -0.42464151 0.12262874 -0.082784633 0.12543633 -0.26426172 -0.011398233 -0.45696125 -0.20958042
0.28209479 -0.042473999 -0.3335951 -0.21672317 0.014506109 -0.48746104 0.08684244 0.48046848 0.0099326787 0.46373189 0.02667593 -0.020165001 0.1139943 -0.06299618 0.49454858 -0.1265696 -0.56666584 0.01029881 -0.46330723 0.018558318 -0.39678218 0.17710393 0.017253747 0.21298812 0.060746099 0.058649453 0.12510244 -0.47437224
0.28209479 -0.1922355 -0.11880807 -0.30367816 0.021884676 -0.50410133 0.40646241 0.16515307 0.15205389 0.21195956 0.27863613 -0.039043361 0.39873264 -0.10045807 0.45543469 -0.58440883 -0.15649498 -0.28307513 -0.24614094 -0.12678836 -0.29357311 -0.23825512 0.054076737 -0.33247854 0.14972076 -0.3171812 0.20164307 -0.30264418
0.28209479 -0.2853166 -0.32694371 -0.20997094 0.10623045 -0.3927046 0.46996117 0.29090263 0.054378876 0.44448432 0.0097275231 -0.14442171 0.074846102 -0.40039312 0.15269964 -0.45586581 8.284173e-16 0.085476757 -0.26862812 0.14334647 -0.36040094 0.19757197 0.11710136 0.19729948 0.36973488 0.027773082 0.58796251 0.14811978
0.28209479 -0.31737149 0.11119837 -0.30442841 -0.03613054 -0.43682439 0.58149199 -0.11005606 0.25255917 -0.19876143 0.28108218 0.064581503 0.34761788 0.15147917 0.1889382 -0.62742189 -3.4862325e-16 -0.40906116 0.16452498 -0.21297296 0.27614304 -0.24317221 -0.089724314 -0.29313214 -0.22644921 -0.13291203 -0.24743254 0.20386173
0.28209479 -0.42002482 -0.10898124 -0.30367816 0.052128555 -0.3386027 0.59653279 0.044506195 0.33223004 0.19442799 0.27863613 -0.092999959 0.26782701 -0.18811316 -0.1295418 -0.29490689 0.15649498 -0.41544702 -0.066331171 -0.27702613 -0.26929115 -0.23825512 0.12880895 -0.22332441 0.28036021 0.090217595 0.20164307 0.58835117
0.28209479 -0.45047781 -0.27841058 -0.21672317 0.18434659 -0.19102892 0.36094537 -0.088559998 0.10534566 0.38701967 0.02667593 -0.25626094 0.044672715 -0.47641957 -0.3490535 0.17643205 0.56666584 0.042805196 0.085396835 0.1968289 -0.33114502 0.17710393 0.21926414 0.083466958 0.45940294 -0.041394916 0.12510244 0.45817095
0.28209479 -0.38151224 0.27982619 -0.23262655 -0.13029755 -0.32084342 0.51341739 -0.11884375 0.12809151 -0.4091489 0.06808427 0.19051505 0.10772215 0.44061813 -0.089363793 -0.26104796 -0.31809637 -0.015644016 0.12603398 0.10358651 0.39220178 0.12262874 -0.18262384 0.087113984 -0.46727621 0.0027229476 -0.45696125 0.44871808
0.28209479 -0.48794888 0.095861014 -0.30508834 -0.060558493 -0.23207261 0.47497106 0.021659049 0.39036506 -0.17163329 0.28323759 0.10842628 0.18566092 0.18041239 -0.3863798 0.15648068 -0.22775522 -0.33706499 -0.032465019 -0.33239171 0.23909841 -0.24751761 -0.15104617 -0.15808831 -0.27042238 0.27419587 -0.076605567 0.64232198
0.28209479 -0.53116779 -0.087217231 -0.30508834 0.072455638 -0.09905847 0.2206949 -0.088521201 0.42494072 0.15615713 0.28323759 -0.1297274 0.079247985 -0.15868756 -0.57112225 0.56252932 0.22775522 -0.15661696 0.13268554 -0.36183252 -0.21753892 -0.24751761 0.18072026 -0.067478819 0.23785876 0.40529904 -0.076605567 0.34731038
0.28209479 -0.49723692 -0.21039139 -0.23262655 0.22586636 0.035320512 -0.073664681 -0.35513545 0.1669457 0.30762454 0.06808427 -0.33025134 -0.011858748 -0.28661296 -0.51590388 0.50742451 0.31809637 0.0022445899 0.37662169 0.13500756 -0.29488261 0.12262874 0.31657219 -0.0095900688 0.30395348 0.015719781 -0.45696125 -0.10960985
0.28209479 -0.12006286 0.03744929 -0.23262655 -0.30639468 0.48381505 -0.24364471 0.16284223 0.040310717 -0.054756619 0.06808427 0.44799611 -0.16243935 -0.42632216 0.46067402 -0.346088 0.31809637 0.007423944 -0.17269443 0.032598934 0.052488577 0.12262874 -0.42943993 -0.13136332 0.4521153 -0.014036907 -0.45696125 0.38693287
0.28209479 -0.25835008 0.027971867 -0.30508834 -0.10988285 0.47455984 -0.51424316 0.12356628 0.20668322 -0.050081919 0.28323759 0.19673852 -0.37965366 -0.13322582 0.3323264 -0.6592397 0.22775522 0.36493458 -0.18521504 -0.17598857 0.069767975 -0.24751761 -0.27407193 0.32327107 0.19969384 -0.23583667 -0.076605567 0.04966644
0.28209479 -0.37149866 -0.0419578 -0.30508834 0.10533854 0.39235258 -0.61136801 -0.16488936 0.29720347 0.075122879 0.28323759 -0.18860222 -0.31388685 0.076349473 0.03340684 -0.50414292 -0.22775522 0.43385959 0.24715473 -0.2530656 -0.10465196 -0.24751761 0.26273744 0.26727133 -0.11444118 -0.023707289 -0.076605567 -0.42767236
0.28209479 -0.423034 -0.14979716 -0.23262655 0.26989064 0.26369363 -0.46789011 -0.45577748 0.1420323 0.21902647 0.06808427 -0.3946216 -0.088534289 0.023131372 -0.22948234 -0.05255764 -0.31809637 0.014256784 0.48335272 0.11486031 -0.20995431 0.12262874 0.37827621 -0.071596926 -0.024530855 0.0069924113 -0.45696125 -0.51646069
0.28209479 -0.25216022 -0.089290427 -0.21672317 0.32175043 0.41932986 -0.44350786 -0.35167894 0.058968464 0.12412298 0.02667593 -0.44726657 -0.09806161 0.33337727 0.23541598 -0.49026697 -0.56666584 -0.052596437 0.33911776 0.11017728 -0.10620315 0.17710393 0.38269398 -0.18321931 -0.32146978 0.027918428 0.12510244 -0.026214242
0.28209479 -0.14078154 -0.015900148 -0.30367816 0.11975592 0.52081973 -0.30754034 -0.074563872 0.11135498 0.028366662 0.27863613 -0.21365058 -0.41195652 0.17834683 0.52730578 -0.46842398 -0.15649498 0.21418222 0.11112855 -0.092852048 -0.039289049 -0.23825512 0.29591525 0.34350512 -0.26580465 -0.36723483 0.20164307 0.46228363
0.28209479 -1.1889106e-16 -4.2099556e-17 -0.20997094 0.34376896 0.48540959 -2.4206193e-16 -1.8182813e-16 2.2659608e-17 5.7234906e-17 0.0097275231 -0.46735848 -0.09251487 0.49491311 0.49414642 -3.5220279e-16 -3.600232e-16 -4.4026337e-17 1.6790549e-16 5.9732288e-17 -4.6407743e-17 0.19757197 0.37894798 -0.24387557 -0.45701745 0.089875581 0.58796251 0.47932568
0.28209479 -1.3224829e-16 1.4318678e-17 -0.30442841 -0.11692088 0.53994463 -2.9950788e-16 6.8790327e-17 1.0524108e-16 -2.559391e-17 0.28108218 0.20899013 -0.42967932 -0.18723855 0.61141687 -4.8474735e-16 1.5150874e-16 2.1069429e-16 -1.0283602e-16 -8.8745561e-17 3.5558107e-17 -0.24317221 -0.29035398 0.36233125 0.27990661 -0.43011236 -0.24743254 0.65971041
0.28209479 0.14078154 0.015900148 -0.30367816 0.11975592 0.52081973 0.30754034 0.074563872 -0.11135498 -0.028366662 0.27863613 -0.21365058 -0.41195652 0.17834683 0.52730578 0.46842398 0.15649498 -0.21418222 -0.11112855 0.092852048 0.039289049 -0.23825512 0.29591525 0.34350512 -0.26580465 -0.36723483 0.20164307 0.46228363
0.28209479 0.25216022 0.089290427 -0.21672317 0.32175043 0.41932986 0.44350786 0.35167894 -0.058968464 -0.12412298 0.02667593 -0.44726657 -0.09806161 0.33337727 0.23541598 0.49026697 0.56666584 0.052596437 -0.33911776 -0.11017728 0.10620315 0.17710393 0.38269398 -0.18321931 -0.32146978 0.027918428 0.12510244 -0.026214242
0.28209479 0.12006286 -0.03744929 -0.23262655 -0.30639468 0.48381505 0.24364471 -0.16284223 -0.040310717 0.054756619 0.06808427 0.44799611 -0.16243935 -0.42632216 0.46067402 0.346088 -0.31809637 -0.007423944 0.17269443 -0.032598934 -0.052488577 0.12262874 -0.42943993 -0.13136332 0.4521153 -0.014036907 -0.45696125 0.38693287
0.28209479 0.25835008 -0.027971867 -0.30508834 -0.10988285 0.47455984 0.51424316 -0.12356628 -0.20668322 0.050081919 0.28323759 0.19673852 -0.37965366 -0.13322582 0.3323264 0.6592397 -0.22775522 -0.36493458 0.18521504 0.17598857 -0.069767975 -0.24751761 -0.27407193 0.32327107 0.19969384 -0.23583667 -0.076605567 0.04966644
0.28209479 0.37149866 0.0419578 -0.30508834 0.10533854 0.39235258 0.61136801 0.16488936 -0.29720347 -0.075122879 0.28323759 -0.18860222 -0.31388685 0.076349473 0.03340684 0.50414292 0.22775522 -0.43385959 -0.24715473 0.2530656 0.10465196 -0.24751761 0.26273744 0.26727133 -0.11444118 -0.023707289 -0.076605567 -0.42767236
0.28209479 0.423034 0.14979716 -0.23262655 0.26989064 0.26369363 0.46789011 0.45577748 -0.1420323 -0.21902647 0.06808427 -0.3946216 -0.088534289 0.023131372 -0.22948234 0.05255764 0.31809637 -0.014256784 -0.48335272 -0.11486031 0.20995431 0.12262874 0.37827621 -0.071596926 -0.024530855 0.0069924113 -0.45696125 -0.51646069
0.28209479 0.38151224 -0.27982619 -0.23262655 -0.13029755 -0.32084342 -0.51341739 0.11884375 -0.12809151 0.4091489 0.06808427 0.19051505 0.10772215 0.44061813 -0.089363793 0.26104796 0.31809637 0.015644016 -0.12603398 -0.10358651 -0.39220178 0.12262874 -0.18262384 0.087113984 -0.46727621 0.0027229476 -0.45696125 0.44871808
0.28209479 0.48794888 -0.095861014 -0.30508834 -0.060558493 -0.23207261 -0.47497106 -0.021659049 -0.39036506 0.17163329 0.28323759 0.10842628 0.18566092 0.18041239 -0.3863798 -0.15648068 0.22775522 0.33706499 0.032465019 0.33239171 -0.23909841 -0.24751761 -0.15104617 -0.15808831 -0.27042238 0.27419587 -0.076605567 0.64232198
0.28209479 0.53116779 0.087217231 -0.30508834 0.072455638 -0.09905847 -0.2206949 0.088521201 -0.42494072 -0.15615713 0.28323759 -0.1297274 0.079247985 -0.15868756 -0.57112225 -0.56252932 -0.22775522 0.15661696 -0.13268554 0.36183252 0.21753892 -0.24751761 0.18072026 -0.067478819 0.23785876 0.40529904 -0.076605567 0.34731038
0.28209479 0.49723692 0.21039139 -0.23262655 0.22586636 0.035320512 0.073664681 0.35513545 -0.1669457 -0.30762454 0.06808427 -0.33025134 -0.011858748 -0.28661296 -0.51590388 -0.50742451 -0.31809637 -0.0022445899 -0.37662169 -0.13500756 0.29488261 0.12262874 0.31657219 -0.0095900688 0.30395348 0.015719781 -0.45696125 -0.10960985
0.28209479 0.45047781 0.27841058 -0.21672317 0.18434659 -0.19102892 -0.36094537 0.088559998 -0.10534566 -0.38701967 0.02667593 -0.25626094 0.044672715 -0.47641957 -0.3490535 -0.17643205 -0.56666584 -0.042805196 -0.085396835 -0.1968289 0.33114502 0.17710393 0.21926414 0.083466958 0.45940294 -0.041394916 0.12510244 0.45817095
0.28209479 0.42002482 0.10898124 -0.30367816 0.052128555 -0.3386027 -0.59653279 -0.044506195 -0.33223004 -0.19442799 0.27863613 -0.092999959 0.26782701 -0.18811316 -0.1295418 0.29490689 -0.15649498 0.41544702 0.066331171 0.27702613 0.26929115 -0.23825512 0.12880895 -0.22332441 0.28036021 0.090217595 0.20164307 0.58835117
0.28209479 0.2853166 0.32694371 -0.20997094 0.10623045 -0.3927046 -0.46996117 -0.29090263 -0.054378876 -0.44448432 0.0097275231 -0.14442171 0.074846102 -0.40039312 0.15269964 0.45586581 -5.0403248e-16 -0.085476757 0.26862812 -0.14334647 0.36040094 0.19757197 0.11710136 0.19729948 0.36973488 0.027773082 0.58796251 0.14811978
0.28209479 0.31737149 -0.11119837 -0.30442841 -0.03613054 -0.43682439 -0.58149199 0.11005606 -0.25255917 0.19876143 0.28108218 0.064581503 0.34761788 0.15147917 0.1889382 0.62742189 2.1211223e-16 0.40906116 -0.16452498 0.21297296 -0.27614304 -0.24317221 -0.089724314 -0.29313214 -0.22644921 -0.13291203 -0.24743254 0.20386173
0.28209479 0.1922355 0.11880807 -0.30367816 0.021884676 -0.50410133 -0.40646241 -0.16515307 -0.15205389 -0.21195956 0.27863613 -0.039043361 0.39873264 -0.10045807 0.45543469 0.58440883 0.15649498 0.28307513 0.24614094 0.12678836 0.29357311 -0.23825512 0.054076737 -0.33247854 0.14972076 -0.3171812 0.20164307 -0.30264418
0.28209479 0.042473999 0.3335951 -0.21672317 0.014506109 -0.48746104 -0.08684244 -0.48046848 -0.0099326787 -0.46373189 0.02667593 -0.020165001 0.1139943 -0.06299618 0.49454858 0.1265696 0.56666584 -0.01029881 0.46330723 -0.018558318 0.39678218 0.17710393 0.017253747 0.21298812 0.060746099 0.058649453 0.12510244 -0.47437224
0.28209479 0.18724646 -0.30297112 -0.23262655 -0.059064771 -0.46198578 -0.36283667 0.38232801 -0.062867397 0.44299035 0.06808427 0.086361774 0.15511024 0.24918561 0.374076 0.4749421 -0.31809637 0.011055767 -0.40545944 -0.050840329 -0.42464151 0.12262874 -0.082784633 0.12543633 -0.26426172 -0.011398233 -0.45696125 -0.20958042
0.28209479 0.069929671 -0.11314858 -0.30508834 -0.0073528403 -0.53578134 -0.15715131 0.17827539 -0.055944591 0.20258562 0.28323759 0.013164812 0.42863161 0.035151514 0.59176881 0.25095186 -0.22775522 0.11152302 -0.26721921 0.047636226 -0.28221739 -0.24751761 -0.018339598 -0.36497527 -0.052689044 -0.41995095 -0.076605567 -0.61162643
0.28209479 -0.069929671 0.11314858 -0.30508834 -0.0073528403 -0.53578134 0.15715131 -0.17827539 0.055944591 -0.20258562 0.28323759 0.013164812 0.42863161 0.035151514 0.59176881 -0.25095186 0.22775522 -0.11152302 0.26721921 -0.047636226 0.28221739 -0.24751761 -0.018339598 -0.36497527 -0.052689044 -0.41995095 -0.076605567 -0.61162643
0.28209479 -0.18724646 0.30297112 -0.23262655 -0.059064771 -0.46198578 0.36283667 -0.38232801 0.062867397 -0.44299035 0.06808427 0.086361774 0.15511024 0.24918561 0.374076 -0.4749421 0.31809637 -0.011055767 0.40545944 0.050840329 0.42464151 0.12262874 -0.082784633 0.12543633 -0.26426172 -0.011398233 -0.45696125 -0.20958042
0.28209479 -0.49723692 -0.21039139 -0.23262655 0.22586636 0.035320512 -0.073664681 -0.35513545 0.1669457 0.30762454 0.06808427 -0.33025134 -0.011858748 -0.28661296 -0.51590388 0.50742451 0.31809637 0.0022445899 0.37662169 0.13500756 -0.29488261 0.12262874 0.31657219 -0.0095900688 0.30395348 0.015719781 -0.45696125 -0.10960985
0.28209479 -0.53116779 -0.087217231 -0.30508834 0.072455638 -0.09905847 0.2206949 -0.088521201 0.42494072 0.15615713 0.28323759 -0.1297274 0.079247985 -0.15868756 -0.57112225 0.56252932 0.22775522 -0.15661696 0.13268554 -0.36183252 -0.21753892 -0.24751761 0.18072026 -0.067478819 0.23785876 0.40529904 -0.076605567 0.34731038
0.28209479 -0.48794888 0.095861014 -0.30508834 -0.060558493 -0.23207261 0.47497106 0.021659049 0.39036506 -0.17163329 0.28323759 0.10842628 0.18566092 0.18041239 -0.3863798 0.15648068 -0.22775522 -0.33706499 -0.032465019 -0.33239171 0.23909841 -0.24751761 -0.15104617 -0.15808831 -0.27042238 0.27419587 -0.076605567 0.64232198
0.28209479 -0.38151224 0.27982619 -0.23262655 -0.13029755 -0.32084342 0.51341739 -0.11884375 0.12809151 -0.4091489 0.06808427 0.19051505 0.10772215 0.44061813 -0.089363793 -0.26104796 -0.31809637 -0.015644016 0.12603398 0.10358651 0.39220178 0.12262874 -0.18262384 0.087113984 -0.46727621 0.0027229476 -0.45696125 0.44871808
0.28209479 -0.47672819 0.26135763 -0.21672317 -0.20781797 -0.11023857 0.22043135 0.20838585 0.11148439 -0.36331429 0.02667593 0.2888886 0.025779638 0.43748579 -0.45114291 0.38122596 -0.56666584 0.026141372 -0.20094278 0.20829857 0.31086203 0.17710393 -0.24718129 0.048166939 -0.42185979 -0.053501893 0.12510244 0.30937946
0.28209479 -0.53883289 0.083254256 -0.30367816 -0.087538705 0.027050949 -0.061137201 0.14657641 0.42620452 -0.14852977 0.27863613 0.15617344 -0.021396683 0.12602666 -0.60736701 0.65068646 -0.15649498 0.042578159 -0.21845464 -0.35538564 0.20572013 -0.23825512 -0.21630695 0.017841373 -0.18782769 0.42299237 0.20164307 -0.098662608
0.28209479 -0.46165195 0.20206232 -0.20997094 -0.27811493 0.14999981 -0.29045198 0.47069034 0.08798687 -0.27470642 0.0097275231 0.37810095 -0.028588667 0.15293656 -0.39977285 0.28174056 -6.4804176e-16 -0.052827541 -0.43464942 0.23193945 0.22274003 0.19757197 -0.30657535 -0.075361697 -0.14122616 -0.072710872 0.58796251 -0.38778262
0.28209479 -0.51351786 -0.06872437 -0.30442841 0.09459098 0.16685207 -0.35938182 -0.17807444 0.40864932 0.12284132 0.28108218 -0.16907657 -0.13277821 -0.057859893 -0.49464663 0.38776805 2.7271572e-16 0.2528137 0.26620701 -0.34459749 -0.17066579 -0.24317221 0.2349013 0.11196651 0.086495901 0.34796821 -0.24743254 -0.53371693
0.28209479 -0.45182511 0.057527276 -0.30367816 -0.10623045 0.29483335 -0.55874792 0.19265941 0.35738335 -0.10263155 0.27863613 0.18952045 -0.23320645 -0.015802256 -0.24583166 -0.10723946 0.15649498 0.38913227 -0.28713586 -0.29799992 0.14214911 -0.23825512 -0.26249399 0.19445646 0.023551376 0.17120607 0.20164307 -0.64932802
0.28209479 -0.3208846 0.11688269 -0.21672317 -0.31278516 0.36939868 -0.49717944 0.42573539 0.075039876 -0.16247909 0.02667593 0.43480391 -0.086385046 -0.23144731 0.070231846 -0.41204265 0.56666584 -0.058961452 -0.41052909 0.14020527 0.13902172 0.17710393 -0.37203058 -0.1614027 0.22318053 0.0083289278 0.12510244 -0.26696393
0.28209479 -0.423034 -0.14979716 -0.23262655 0.26989064 0.26369363 -0.46789011 -0.45577748 0.1420323 0.21902647 0.06808427 -0.3946216 -0.088534289 0.023131372 -0.22948234 -0.05255764 -0.31809637 0.014256784 0.48335272 0.11486031 -0.20995431 0.12262874 0.37827621 -0.071596926 -0.024530855 0.0069924113 -0.45696125 -0.51646069
0.28209479 -0.37149866 -0.0419578 -0.30508834 0.10533854 0.39235258 -0.61136801 -0.16488936 0.29720347 0.075122879 0.28323759 -0.18860222 -0.31388685 0.076349473 0.03340684 -0.50414292 -0.22775522 0.43385959 0.24715473 -0.2530656 -0.10465196 -0.24751761 0.26273744 0.26727133 -0.11444118 -0.023707289 -0.076605567 -0.42767236
0.28209479 -0.25835008 0.027971867 -0.30508834 -0.10988285 0.47455984 -0.51424316 0.12356628 0.20668322 -0.050081919 0.28323759 0.19673852 -0.37965366 -0.13322582 0.3323264 -0.6592397 0.22775522 0.36493458 -0.18521504 -0.17598857 0.069767975 -0.24751761 -0.27407193 0.32327107 0.19969384 -0.23583667 -0.076605567 0.04966644
0.28209479 -0.12006286 0.03744929 -0.23262655 -0.30639468 0.48381505 -0.24364471 0.16284223 0.040310717 -0.054756619 0.06808427 0.44799611 -0.16243935 -0.42632216 0.46067402 -0.346088 0.31809637 0.007423944 -0.17269443 0.032598934 0.052488577 0.12262874 -0.42943993 -0.13136332 0.4521153 -0.014036907 -0.45696125 0.38693287
0.28209479 0.45047781 0.27841058 -0.21672317 0.18434659 -0.19102892 -0.36094537 0.088559998 -0.10534566 -0.38701967 0.02667593 -0.25626094 0.044672715 -0.47641957 -0.3490535 -0.17643205 -0.56666584 -0.042805196 -0.085396835 -0.1968289 0.33114502 0.17710393 0.21926414 0.083466958 0.45940294 -0.041394916 0.12510244 0.45817095
0.28209479 0.2853166 0.32694371 -0.20997094 0.10623045 -0.3927046 -0.46996117 -0.29090263 -0.054378876 -0.44448432 0.0097275231 -0.14442171 0.074846102 -0.40039312 0.15269964 0.45586581 -1.4400928e-16 -0.085476757 0.26862812 -0.14334647 0.36040094 0.19757197 0.11710136 0.19729948 0.36973488 0.027773082 0.58796251 0.14811978
0.28209479 0.42002482 0.10898124 -0.30367816 0.052128555 -0.3386027 -0.59653279 -0.044506195 -0.33223004 -0.19442799 0.27863613 -0.092999959 0.26782701 -0.18811316 -0.1295418 0.29490689 -0.15649498 0.41544702 0.066331171 0.27702613 0.26929115 -0.23825512 0.12880895 -0.22332441 0.28036021 0.090217595 0.20164307 0.58835117
0.28209479 0.042473999 0.3335951 -0.21672317 0.014506109 -0.48746104 -0.08684244 -0.48046848 -0.0099326787 -0.46373189 0.02667593 -0.020165001 0.1139943 -0.06299618 0.49454858 0.1265696 0.56666584 -0.01029881 0.46330723 -0.018558318 0.39678218 0.17710393 0.017253747 0.21298812 0.060746099 0.058649453 0.12510244 -0.47437224
0.28209479 0.1922355 0.11880807 -0.30367816 0.021884676 -0.50410133 -0.40646241 -0.16515307 -0.15205389 -0.21195956 0.27863613 -0.039043361 0.39873264 -0.10045807 0.45543469 0.58440883 0.15649498 0.28307513 0.24614094 0.12678836 0.29357311 -0.23825512 0.054076737 -0.33247854 0.14972076 -0.3171812 0.20164307 -0.30264418
0.28209479 0.31737149 -0.11119837 -0.30442841 -0.03613054 -0.43682439 -0.58149199 0.11005606 -0.25255917 0.19876143 0.28108218 0.064581503 0.34761788 0.15147917 0.1889382 0.62742189 6.0603494e-17 0.40906116 -0.16452498 0.21297296 -0.27614304 -0.24317221 -0.089724314 -0.29313214 -0.22644921 -0.13291203 -0.24743254 0.20386173
0.28209479 -0.47672819 0.26135763 -0.21672317 -0.20781797 -0.11023857 0.22043135 0.20838585 0.11148439 -0.36331429 0.02667593 0.2888886 0.025779638 0.43748579 -0.45114291 0.38122596 -0.56666584 0.026141372 -0.20094278 0.20829857 0.31086203 0.17710393 -0.24718129 0.048166939 -0.42185979 -0.053501893 0.12510244 0.30937946
0.28209479 -0.46165195 0.20206232 -0.20997094 -0.27811493 0.14999981 -0.29045198 0.47069034 0.08798687 -0.27470642 0.0097275231 0.37810095 -0.028588667 0.15293656 -0.39977285 0.28174056 -2.8801856e-16 -0.052827541 -0.43464942 0.23193945 0.22274003 0.19757197 -0.30657535 -0.075361697 -0.14122616 -0.072710872 0.58796251 -0.38778262
0.28209479 -0.53883289 0.083254256 -0.30367816 -0.087538705 0.027050949 -0.061137201 0.14657641 0.42620452 -0.14852977 0.27863613 0.15617344 -0.021396683 0.12602666 -0.60736701 0.65068646 -0.15649498 0.042578159 -0.21845464 -0.35538564 0.20572013 -0.23825512 -0.21630695 0.017841373 -0.18782769 0.42299237 0.20164307 -0.098662608
0.28209479 -0.3208846 0.11688269 -0.21672317 -0.31278516 0.36939868 -0.49717944 0.42573539 0.075039876 -0.16247909 0.02667593 0.43480391 -0.086385046 -0.23144731 0.070231846 -0.41204265 0.56666584 -0.058961452 -0.41052909 0.14020527 0.13902172 0.17710393 -0.37203058 -0.1614027 0.22318053 0.0083289278 0.12510244 -0.26696393
0.28209479 -0.45182511 0.057527276 -0.30367816 -0.10623045 0.29483335 -0.55874792 0.19265941 0.35738335 -0.10263155 0.27863613 0.18952045 -0.23320645 -0.015802256 -0.24583166 -0.10723946 0.15649498 0.38913227 -0.28713586 -0.29799992 0.14214911 -0.23825512 -0.26249399 0.19445646 0.023551376 0.17120607 0.20164307 -0.64932802
0.28209479 -0.51351786 -0.06872437 -0.30442841 0.09459098 0.16685207 -0.35938182 -0.17807444 0.40864932 0.12284132 0.28108218 -0.16907657 -0.13277821 -0.057859893 -0.49464663 0.38776805 1.2120699e-16 0.2528137 0.26620701 -0.34459749 -0.17066579 -0.24317221 0.2349013 0.11196651 0.086495901 0.34796821 -0.24743254 -0.53371693
0.28209479 0.3208846 -0.11688269 -0.21672317 -0.31278516 0.36939868 0.49717944 -0.42573539 -0.075039876 0.16247909 0.02667593 0.43480391 -0.086385046 -0.23144731 0.070231846 0.41204265 -0.56666584 0.058961452 0.41052909 -0.14020527 -0.13902172 0.17710393 -0.37203058 -0.1614027 0.22318053 0.0083289278 0.12510244 -0.26696393
0.28209479 0.46165195 -0.20206232 -0.20997094 -0.27811493 0.14999981 0.29045198 -0.47069034 -0.08798687 0.27470642 0.0097275231 0.37810095 -0.028588667 0.15293656 -0.39977285 -0.28174056 -4.3202784e-16 0.052827541 0.43464942 -0.23193945 -0.22274003 0.19757197 -0.30657535 -0.075361697 -0.14122616 -0.072710872 0.58796251 -0.38778262
0.28209479 0.45182511 -0.057527276 -0.30367816 -0.10623045 0.29483335 0.55874792 -0.19265941 -0.35738335 0.10263155 0.27863613 0.18952045 -0.23320645 -0.015802256 -0.24583166 0.10723946 -0.15649498 -0.38913227 0.28713586 0.29799992 -0.14214911 -0.23825512 -0.26249399 0.19445646 0.023551376 0.17120607 0.20164307 -0.64932802
0.28209479 0.47672819 -0.26135763 -0.21672317 -0.20781797 -0.11023857 -0.22043135 -0.20838585 -0.11148439 0.36331429 0.02667593 0.2888886 0.025779638 0.43748579 -0.45114291 -0.38122596 0.56666584 -0.026141372 0.20094278 -0.20829857 -0.31086203 0.17710393 -0.24718129 0.048166939 -0.42185979 -0.053501893 0.12510244 0.30937946
0.28209479 0.53883289 -0.083254256 -0.30367816 -0.087538705 0.027050949 0.061137201 -0.14657641 -0.42620452 0.14852977 0.27863613 0.15617344 -0.021396683 0.12602666 -0.60736701 -0.65068646 0.15649498 -0.042578159 0.21845464 0.35538564 -0.20572013 -0.23825512 -0.21630695 0.017841373 -0.18782769 0.42299237 0.20164307 -0.098662608
0.28209479 0.51351786 0.06872437 -0.30442841 0.09459098 0.16685207 0.35938182 0.17807444 -0.40864932 -0.12284132 0.28108218 -0.16907657 -0.13277821 -0.057859893 -0.49464663 -0.38776805 1.8181048e-16 -0.2528137 -0.26620701 0.34459749 0.17066579 -0.24317221 0.2349013 0.11196651 0.086495901 0.34796821 -0.24743254 -0.53371693
0.28209479 -0.042473999 -0.3335951 -0.21672317 0.014506109 -0.48746104 0.08684244 0.48046848 0.0099326787 0.46373189 0.02667593 -0.020165001 0.1139943 -0.06299618 0.49454858 -0.1265696 -0.56666584 0.01029881 -0.46330723 0.018558318 -0.39678218 0.17710393 0.017253747 0.21298812 0.060746099 0.058649453 0.12510244 -0.47437224
0.28209479 -0.2853166 -0.32694371 -0.20997094 0.10623045 -0.3927046 0.46996117 0.29090263 0.054378876 0.44448432 0.0097275231 -0.14442171 0.074846102 -0.40039312 0.15269964 -0.45586581 -5.7603712e-16 0.085476757 -0.26862812 0.14334647 -0.36040094 0.19757197 0.11710136 0.19729948 0.36973488 0.027773082 0.58796251 0.14811978
0.28209479 -0.1922355 -0.11880807 -0.30367816 0.021884676 -0.50410133 0.40646241 0.16515307 0.15205389 0.21195956 0.27863613 -0.039043361 0.39873264 -0.10045807 0.45543469 -0.58440883 -0.15649498 -0.28307513 -0.24614094 -0.12678836 -0.29357311 -0.23825512 0.054076737 -0.33247854 0.14972076 -0.3171812 0.20164307 -0.30264418
0.28209479 -0.45047781 -0.27841058 -0.21672317 0.18434659 -0.19102892 0.36094537 -0.088559998 0.10534566 0.38701967 0.02667593 -0.25626094 0.044672715 -0.47641957 -0.3490535 0.17643205 0.56666584 0.042805196 0.085396835 0.1968289 -0.33114502 0.17710393 0.21926414 0.083466958 0.45940294 -0.041394916 0.12510244 0.45817095
0.28209479 -0.42002482 -0.10898124 -0.30367816 0.052128555 -0.3386027 0.59653279 0.044506195 0.33223004 0.19442799 0.27863613 -0.092999959 0.26782701 -0.18811316 -0.1295418 -0.29490689 0.15649498 -0.41544702 -0.066331171 -0.27702613 -0.26929115 -0.23825512 0.12880895 -0.22332441 0.28036021 0.090217595 0.20164307 0.58835117
0.28209479 -0.31737149 0.11119837 -0.30442841 -0.03613054 -0.43682439 0.58149199 -0.11005606 0.25255917 -0.19876143 0.28108218 0.064581503 0.34761788 0.15147917 0.1889382 -0.62742189 2.4241398e-16 -0.40906116 0.16452498 -0.21297296 0.27614304 -0.24317221 -0.089724314 -0.29313214 -0.22644921 -0.13291203 -0.24743254 0.20386173
0.28209479 -0.25216022 -0.089290427 -0.21672317 0.32175043 0.41932986 -0.44350786 -0.35167894 0.058968464 0.12412298 0.02667593 -0.44726657 -0.09806161 0.33337727 0.23541598 -0.49026697 -0.56666584 -0.052596437 0.33911776 0.11017728 -0.10620315 0.17710393 0.38269398 -0.18321931 -0.32146978 0.027918428 0.12510244 -0.026214242
0.28209479 -2.3778212e-16 -8.4199111e-17 -0.20997094 0.34376896 0.48540959 -4.8412386e-16 -3.6365626e-16 4.5319216e-17 1.1446981e-16 0.0097275231 -0.46735848 -0.09251487 0.49491311 0.49414642 -7.0440559e-16 -7.200464e-16 -8.8052674e-17 3.3581097e-16 1.1946458e-16 -9.2815485e-17 0.19757197 0.37894798 -0.24387557 -0.45701745 0.089875581 0.58796251 0.47932568
0.28209479 -0.14078154 -0.015900148 -0.30367816 0.11975592 0.52081973 -0.30754034 -0.074563872 0.11135498 0.028366662 0.27863613 -0.21365058 -0.41195652 0.17834683 0.52730578 -0.46842398 -0.15649498 0.21418222 0.11112855 -0.092852048 -0.039289049 -0.23825512 0.29591525 0.34350512 -0.26580465 -0.36723483 0.20164307 0.46228363
0.28209479 0.25216022 0.089290427 -0.21672317 0.32175043 0.41932986 0.44350786 0.35167894 -0.058968464 -0.12412298 0.02667593 -0.44726657 -0.09806161 0.33337727 0.23541598 0.49026697 0.56666584 0.052596437 -0.33911776 -0.11017728 0.10620315 0.17710393 0.38269398 -0.18321931 -0.32146978 0.027918428 0.12510244 -0.026214242
0.28209479 0.14078154 0.015900148 -0.30367816 0.11975592 0.52081973 0.30754034 0.074563872 -0.11135498 -0.028366662 0.27863613 -0.21365058 -0.41195652 0.17834683 0.52730578 0.46842398 0.15649498 -0.21418222 -0.11112855 0.092852048 0.039289049 -0.23825512 0.29591525 0.34350512 -0.26580465 -0.36723483 0.20164307 0.46228363
0.28209479 -2.6449659e-16 2.8637357e-17 -0.30442841 -0.11692088 0.53994463 -5.9901577e-16 1.3758065e-16 2.1048216e-16 -5.1187819e-17 0.28108218 0.20899013 -0.42967932 -0.18723855 0.61141687 -9.6949469e-16 3.0301747e-16 4.2138858e-16 -2.0567204e-16 -1.7749112e-16 7.1116214e-17 -0.24317221 -0.29035398 0.36233125 0.27990661 -0.43011236 -0.24743254 0.65971041
