0.28209479 0 0 0.63078313 0 0
0.28209479 0 0 -0.12615664 -0.43701936 0.43701938
0.28209479 0.25687355 -0.41563011 -0.12615664 -0.13504641 -0.35355611
0.28209479 -0.41563013 -0.25687353 -0.12615664 0.35355609 0.13504642
0.28209479 0.41563013 0.25687353 -0.12615664 0.35355609 0.13504642
0.28209479 -0.25687355 0.41563011 -0.12615664 -0.13504641 -0.35355611
0.28209479 0.41563013 0.25687353 -0.12615664 0.35355609 0.13504642
0.28209479 -0.25687355 0.41563011 -0.12615664 -0.13504641 -0.35355611
0.28209479 -1.0703888e-16 5.3519436e-17 -0.12615664 -0.43701936 0.43701938
0.28209479 0.25687355 -0.41563011 -0.12615664 -0.13504641 -0.35355611
0.28209479 -0.41563013 -0.25687353 -0.12615664 0.35355609 0.13504642
0.28209479 0 0 0.63078313 0 0
0.28209479 0 0 -0.028466712 -0.50220204 0.38061807
0.28209479 0.22372169 -0.47762252 -0.028466712 -0.15518896 -0.30792649
0.28209479 0 0 0.093662042 -0.5412471 0.31010701
0.28209479 0.18227632 -0.51475658 0.093662042 -0.16725455 -0.25088184
0.28209479 0 0 0.23169144 -0.53955078 0.2304157
0.28209479 0.13543495 -0.51314328 0.23169144 -0.16673036 -0.18641021
0.28209479 0 0 0.36926687 -0.48860252 0.15098648
0.28209479 0.088747629 -0.46468861 0.36926687 -0.15098648 -0.12215063
0.28209479 0 0 0.48711012 -0.39208474 0.082949651
0.28209479 0.048756581 -0.37289475 0.48711012 -0.12116085 -0.067107677
0.28209479 0 0 0.57110301 -0.26559644 0.034456334
0.28209479 0.020252925 -0.25259723 0.57110301 -0.082073815 -0.02787576
0.28209479 0 0 0.61732905 -0.1293517 0.0077677158
0.28209479 0.021926002 -0.12911222 0.5908518 -0.17770772 0.0071241898
0.28209479 0.0045657488 -0.12302078 0.61732905 -0.039971873 -0.0062842141
0.28209479 0.042459528 -0.13037811 0.52636325 -0.31653772 0.042798272
0.28209479 0.059506673 -0.26075621 0.52636325 -0.22181248 -0.009667445
0.28209479 0.06397746 -0.12513408 0.42208385 -0.43537981 0.1021046
0.28209479 0.10390753 -0.25687355 0.44154818 -0.3535561 0.033761604
0.28209479 0.11177443 -0.37540225 0.42208385 -0.25354935 -0.044999346
0.28209479 0.083311739 -0.11318484 0.28796333 -0.51281432 0.17953911
0.28209479 0.1474894 -0.23864285 0.32067565 -0.45392568 0.10150087
0.28209479 0.17898214 -0.35796428 0.32067565 -0.36723359 0.0045761639
0.28209479 0.17293105 -0.45273936 0.28796333 -0.26611352 -0.096280779
0.28209479 0.097625247 -0.096283816 0.14368261 -0.53747848 0.26373905
0.28209479 0.18328583 -0.20781506 0.18003192 -0.50454258 0.18474809
0.28209479 0.24012974 -0.32017298 0.1934622 -0.4406803 0.078022884
0.28209479 0.25687355 -0.41563012 0.18003192 -0.3535561 -0.041731638
0.28209479 0.23400241 -0.48141908 0.14368261 -0.25766134 -0.15598669
0.28209479 0.10567588 -0.077351949 0.009884926 -0.51312909 0.34254557
0.28209479 0.20661526 -0.1698381 0.041705722 -0.50162962 0.27014971
0.28209479 0.28578294 -0.26785907 0.060070889 -0.46255761 0.16400893
0.28209479 0.32760529 -0.35714543 0.060070889 -0.39768728 0.035292985
0.28209479 0.32594527 -0.42459526 0.041705722 -0.31653771 -0.097110306
0.28209479 0.28683681 -0.4641117 0.009884926 -0.23213168 -0.21501047
0.28209479 0.10799126 -0.059100291 -0.10012633 -0.45419491 0.40793885
0.28209479 0.21687245 -0.13107968 -0.076671107 -0.45606635 0.3461168
0.28209479 0.3117226 -0.2103728 -0.059972909 -0.43701936 0.24875086
0.28209479 0.37594099 -0.28719334 -0.053875331 -0.39528773 0.12215063
0.28209479 0.39840097 -0.35062134 -0.059972909 -0.33512284 -0.018017724
0.28209479 0.37889585 -0.39323903 -0.076671107 -0.26559643 -0.15253995
0.28209479 0.3271472 -0.41370203 -0.10012633 -0.19656166 -0.26655379
0.28209479 -0.3619893 -0.29518695 -0.028466712 0.40628998 0.11761745
0.28209479 -0.29492929 -0.31813706 0.093662042 0.4378781 0.095828335
0.28209479 -0.21913835 -0.31713999 0.23169144 0.43650575 0.071202366
0.28209479 -0.14359668 -0.28719335 0.36926687 0.39528774 0.04665739
0.28209479 -0.078889806 -0.23046163 0.48711012 0.31720322 0.025632852
0.28209479 -0.032769921 -0.15611367 0.57110301 0.21487204 0.010647593
0.28209479 -0.013551014 -0.20890796 0.5908518 0.067878311 -0.018651371
0.28209479 -0.0073875367 -0.07603102 0.61732905 0.10464772 0.0024003562
0.28209479 -0.0091942866 -0.34133431 0.52636325 0.026181412 -0.059581614
0.28209479 -0.053824291 -0.29153431 0.52636325 0.17945007 -0.027156017
0.28209479 0.0082567231 -0.45273937 0.42208385 -0.015530176 -0.12020936
0.28209479 -0.064218388 -0.41563013 0.44154818 0.13504641 -0.088389028
0.28209479 -0.11687736 -0.35714543 0.42208385 0.2786777 -0.029294125
0.28209479 0.038129828 -0.52269144 0.28796333 -0.05082316 -0.1942196
0.28209479 -0.059660715 -0.50545367 0.32067565 0.086692091 -0.16880802
0.28209479 -0.14210979 -0.45987694 0.32067565 0.22696284 -0.10890526
0.28209479 -0.19649658 -0.39299316 0.28796333 0.34834712 -0.023753537
0.28209479 0.076041437 -0.54092575 0.14368261 -0.074518635 -0.27075205
0.28209479 -0.039689146 -0.54406689 0.18003192 0.041731637 -0.25719705
0.28209479 -0.14840834 -0.51805077 0.1934622 0.1683249 -0.20426656
0.28209479 -0.23234431 -0.4646886 0.18003192 0.28603289 -0.11722488
0.28209479 -0.2809986 -0.39381717 0.14368261 0.37823502 -0.01134728
0.28209479 0.11584966 -0.51191783 0.009884926 -0.084999533 -0.33923991
0.28209479 -0.0083652382 -0.52956098 0.041705722 0.0065135576 -0.34000111
0.28209479 -0.13480123 -0.52269144 0.060070889 0.11181095 -0.30066501
0.28209479 -0.24429355 -0.48858708 0.060070889 0.21677336 -0.22111418
0.28209479 -0.32077527 -0.43225241 0.041705722 0.30599856 -0.11302194
0.28209479 -0.35843584 -0.36418875 0.009884926 0.36966382 0.0053486736
0.28209479 0.15241367 -0.45022802 -0.10012633 -0.084146229 -0.39350513
0.28209479 0.027988854 -0.47425072 -0.076671107 -0.016268073 -0.4074888
0.28209479 -0.1059768 -0.48063888 -0.059972909 0.065030017 -0.38446962
0.28209479 -0.23234431 -0.46468859 -0.053875331 0.15098648 -0.3197945
0.28209479 -0.33290371 -0.42706871 -0.059972909 0.22990206 -0.21959757
0.28209479 -0.39619391 -0.37411476 -0.076671107 0.29191873 -0.099301983
0.28209479 -0.42134403 -0.31478221 -0.10012633 0.33271312 0.023354242
0.28209479 0.3619893 0.29518695 -0.028466712 0.40628998 0.11761745
0.28209479 0.29492929 0.31813706 0.093662042 0.4378781 0.095828335
0.28209479 0.21913835 0.31713999 0.23169144 0.43650575 0.071202366
0.28209479 0.14359668 0.28719335 0.36926687 0.39528774 0.04665739
0.28209479 0.078889806 0.23046163 0.48711012 0.31720322 0.025632852
0.28209479 0.032769921 0.15611367 0.57110301 0.21487204 0.010647593
0.28209479 -5.6466902e-18 -2.6900448e-17 0.5908518 0.21965883 0.023054362
0.28209479 0.0073875367 0.07603102 0.61732905 0.10464772 0.0024003562
0.28209479 -0.02758286 -0.080578101 0.52636325 0.33271872 0.053606804
0.28209479 0.02758286 0.080578101 0.52636325 0.33271872 0.053606804
0.28209479 -0.077337119 -0.15467423 0.42208385 0.42578164 0.092398235
0.28209479 -2.675972e-17 -5.3519438e-17 0.44154818 0.43701938 0.10925485
0.28209479 0.077337119 0.15467423 0.42208385 0.42578164 0.092398235
0.28209479 -0.1450071 -0.20985624 0.28796333 0.48140388 0.13471481
0.28209479 -0.050956334 -0.073744697 0.32067565 0.50750434 0.17163625
0.28209479 0.050956334 0.073744697 0.32067565 0.50750434 0.17163625
0.28209479 0.1450071 0.20985624 0.28796333 0.48140388 0.13471481
0.28209479 -0.22066288 -0.23802668 0.14368261 0.49142343 0.17434697
0.28209479 -0.11906744 -0.12843677 0.18003192 0.53033415 0.23140548
0.28209479 -6.1841566e-17 -6.6707835e-17 0.1934622 0.54471081 0.25248736
0.28209479 0.11906744 0.12843677 0.18003192 0.53033415 0.23140548
0.28209479 0.22066288 0.23802668 0.14368261 0.49142343 0.17434697
0.28209479 -0.29312456 -0.23903067 0.009884926 0.46059649 0.20635613
0.28209479 -0.19308002 -0.15744858 0.041705722 0.50565522 0.27998364
0.28209479 -0.067669978 -0.055182003 0.060070889 0.53166058 0.32247728
0.28209479 0.067669978 0.055182003 0.060070889 0.53166058 0.32247728
0.28209479 0.19308002 0.15744858 0.041705722 0.50565522 0.27998364
0.28209479 0.29312456 0.23903067 0.009884926 0.46059649 0.20635613
0.28209479 -0.35460176 -0.21915593 -0.10012633 0.40218968 0.22876583
0.28209479 -0.26215937 -0.16202339 -0.076671107 0.44601213 0.31321393
0.28209479 -0.14024854 -0.086678362 -0.059972909 0.47721012 0.37333405
0.28209479 -9.6817575e-17 -5.9836549e-17 -0.053875331 0.4886025 0.39528775
0.28209479 0.14024854 0.086678362 -0.059972909 0.47721012 0.37333405
0.28209479 0.26215937 0.16202339 -0.076671107 0.44601213 0.31321393
0.28209479 0.35460176 0.21915593 -0.10012633 0.40218968 0.22876583
0.28209479 -0.22372169 0.47762252 -0.028466712 -0.15518896 -0.30792649
0.28209479 -0.18227632 0.51475658 0.093662042 -0.16725455 -0.25088184
0.28209479 -0.13543495 0.51314328 0.23169144 -0.16673036 -0.18641021
0.28209479 -0.088747629 0.46468861 0.36926687 -0.15098648 -0.12215063
0.28209479 -0.048756581 0.37289475 0.48711012 -0.12116085 -0.067107677
0.28209479 -0.020252925 0.25259723 0.57110301 -0.082073815 -0.02787576
0.28209479 0.013551014 0.20890796 0.5908518 0.067878311 -0.018651371
0.28209479 -0.0045657488 0.12302078 0.61732905 -0.039971873 -0.0062842141
0.28209479 0.053824291 0.29153431 0.52636325 0.17945007 -0.027156017
0.28209479 0.0091942866 0.34133431 0.52636325 0.026181412 -0.059581614
0.28209479 0.11687736 0.35714543 0.42208385 0.2786777 -0.029294125
0.28209479 0.064218388 0.41563013 0.44154818 0.13504641 -0.088389028
0.28209479 -0.0082567231 0.45273937 0.42208385 -0.015530176 -0.12020936
0.28209479 0.19649658 0.39299316 0.28796333 0.34834712 -0.023753537
0.28209479 0.14210979 0.45987694 0.32067565 0.22696284 -0.10890526
0.28209479 0.059660715 0.50545367 0.32067565 0.086692091 -0.16880802
0.28209479 -0.038129828 0.52269144 0.28796333 -0.05082316 -0.1942196
0.28209479 0.2809986 0.39381717 0.14368261 0.37823502 -0.01134728
0.28209479 0.23234431 0.4646886 0.18003192 0.28603289 -0.11722488
0.28209479 0.14840834 0.51805077 0.1934622 0.1683249 -0.20426656
0.28209479 0.039689146 0.54406689 0.18003192 0.041731637 -0.25719705
0.28209479 -0.076041437 0.54092575 0.14368261 -0.074518635 -0.27075205
0.28209479 0.35843584 0.36418875 0.009884926 0.36966382 0.0053486736
0.28209479 0.32077527 0.43225241 0.041705722 0.30599856 -0.11302194
0.28209479 0.24429355 0.48858708 0.060070889 0.21677336 -0.22111418
0.28209479 0.13480123 0.52269144 0.060070889 0.11181095 -0.30066501
0.28209479 0.0083652382 0.52956098 0.041705722 0.0065135576 -0.34000111
0.28209479 -0.11584966 0.51191783 0.009884926 -0.084999533 -0.33923991
0.28209479 0.42134403 0.31478221 -0.10012633 0.33271312 0.023354242
0.28209479 0.39619391 0.37411476 -0.076671107 0.29191873 -0.099301983
0.28209479 0.33290371 0.42706871 -0.059972909 0.22990206 -0.21959757
0.28209479 0.23234431 0.46468859 -0.053875331 0.15098648 -0.3197945
0.28209479 0.1059768 0.48063888 -0.059972909 0.065030017 -0.38446962
0.28209479 -0.027988854 0.47425072 -0.076671107 -0.016268073 -0.4074888
0.28209479 -0.15241367 0.45022802 -0.10012633 -0.084146229 -0.39350513
0.28209479 -0.021926002 0.12911222 0.5908518 -0.17770772 0.0071241898
0.28209479 -0.059506673 0.26075621 0.52636325 -0.22181248 -0.009667445
0.28209479 -0.042459528 0.13037811 0.52636325 -0.31653772 0.042798272
0.28209479 -0.11177443 0.37540225 0.42208385 -0.25354935 -0.044999346
0.28209479 -0.10390753 0.25687355 0.44154818 -0.3535561 0.033761604
0.28209479 -0.06397746 0.12513408 0.42208385 -0.43537981 0.1021046
0.28209479 -0.17293105 0.45273936 0.28796333 -0.26611352 -0.096280779
0.28209479 -0.17898214 0.35796428 0.32067565 -0.36723359 0.0045761639
0.28209479 -0.1474894 0.23864285 0.32067565 -0.45392568 0.10150087
0.28209479 -0.083311739 0.11318484 0.28796333 -0.51281432 0.17953911
0.28209479 -0.23400241 0.48141908 0.14368261 -0.25766134 -0.15598669
0.28209479 -0.25687355 0.41563012 0.18003192 -0.3535561 -0.041731638
0.28209479 -0.24012974 0.32017298 0.1934622 -0.4406803 0.078022884
0.28209479 -0.18328583 0.20781506 0.18003192 -0.50454258 0.18474809
0.28209479 -0.097625247 0.096283816 0.14368261 -0.53747848 0.26373905
0.28209479 -0.28683681 0.4641117 0.009884926 -0.23213168 -0.21501047
0.28209479 -0.32594527 0.42459526 0.041705722 -0.31653771 -0.097110306
0.28209479 -0.32760529 0.35714543 0.060070889 -0.39768728 0.035292985
0.28209479 -0.28578294 0.26785907 0.060070889 -0.46255761 0.16400893
0.28209479 -0.20661526 0.1698381 0.041705722 -0.50162962 0.27014971
0.28209479 -0.10567588 0.077351949 0.009884926 -0.51312909 0.34254557
0.28209479 -0.3271472 0.41370203 -0.10012633 -0.19656166 -0.26655379
0.28209479 -0.37889585 0.39323903 -0.076671107 -0.26559643 -0.15253995
0.28209479 -0.39840097 0.35062134 -0.059972909 -0.33512284 -0.018017724
0.28209479 -0.37594099 0.28719334 -0.053875331 -0.39528773 0.12215063
0.28209479 -0.3117226 0.2103728 -0.059972909 -0.43701936 0.24875086
0.28209479 -0.21687245 0.13107968 -0.076671107 -0.45606635 0.3461168
0.28209479 -0.10799126 0.059100291 -0.10012633 -0.45419491 0.40793885
0.28209479 -0.22372169 0.47762252 -0.028466712 -0.15518896 -0.30792649
0.28209479 0.3619893 0.29518695 -0.028466712 0.40628998 0.11761745
0.28209479 -0.18227632 0.51475658 0.093662042 -0.16725455 -0.25088184
0.28209479 0.29492929 0.31813706 0.093662042 0.4378781 0.095828335
0.28209479 -0.13543495 0.51314328 0.23169144 -0.16673036 -0.18641021
0.28209479 0.21913835 0.31713999 0.23169144 0.43650575 0.071202366
0.28209479 -0.088747629 0.46468861 0.36926687 -0.15098648 -0.12215063
0.28209479 0.14359668 0.28719335 0.36926687 0.39528774 0.04665739
0.28209479 -0.048756581 0.37289475 0.48711012 -0.12116085 -0.067107677
0.28209479 0.078889806 0.23046163 0.48711012 0.31720322 0.025632852
0.28209479 -0.020252925 0.25259723 0.57110301 -0.082073815 -0.02787576
0.28209479 0.032769921 0.15611367 0.57110301 0.21487204 0.010647593
0.28209479 -0.0045657488 0.12302078 0.61732905 -0.039971873 -0.0062842141
0.28209479 0.013551014 0.20890796 0.5908518 0.067878311 -0.018651371
0.28209479 0.0073875367 0.07603102 0.61732905 0.10464772 0.0024003562
0.28209479 0.0091942866 0.34133431 0.52636325 0.026181412 -0.059581614
0.28209479 0.053824291 0.29153431 0.52636325 0.17945007 -0.027156017
0.28209479 -0.0082567231 0.45273937 0.42208385 -0.015530176 -0.12020936
0.28209479 0.064218388 0.41563013 0.44154818 0.13504641 -0.088389028
0.28209479 0.11687736 0.35714543 0.42208385 0.2786777 -0.029294125
0.28209479 -0.038129828 0.52269144 0.28796333 -0.05082316 -0.1942196
0.28209479 0.059660715 0.50545367 0.32067565 0.086692091 -0.16880802
0.28209479 0.14210979 0.45987694 0.32067565 0.22696284 -0.10890526
0.28209479 0.19649658 0.39299316 0.28796333 0.34834712 -0.023753537
0.28209479 -0.076041437 0.54092575 0.14368261 -0.074518635 -0.27075205
0.28209479 0.039689146 0.54406689 0.18003192 0.041731637 -0.25719705
0.28209479 0.14840834 0.51805077 0.1934622 0.1683249 -0.20426656
0.28209479 0.23234431 0.4646886 0.18003192 0.28603289 -0.11722488
0.28209479 0.2809986 0.39381717 0.14368261 0.37823502 -0.01134728
0.28209479 -0.11584966 0.51191783 0.009884926 -0.084999533 -0.33923991
0.28209479 0.0083652382 0.52956098 0.041705722 0.0065135576 -0.34000111
0.28209479 0.13480123 0.52269144 0.060070889 0.11181095 -0.30066501
0.28209479 0.24429355 0.48858708 0.060070889 0.21677336 -0.22111418
0.28209479 0.32077527 0.43225241 0.041705722 0.30599856 -0.11302194
0.28209479 0.35843584 0.36418875 0.009884926 0.36966382 0.0053486736
0.28209479 -0.15241367 0.45022802 -0.10012633 -0.084146229 -0.39350513
0.28209479 -0.027988854 0.47425072 -0.076671107 -0.016268073 -0.4074888
0.28209479 0.1059768 0.48063888 -0.059972909 0.065030017 -0.38446962
0.28209479 0.23234431 0.46468859 -0.053875331 0.15098648 -0.3197945
0.28209479 0.33290371 0.42706871 -0.059972909 0.22990206 -0.21959757
0.28209479 0.39619391 0.37411476 -0.076671107 0.29191873 -0.099301983
0.28209479 0.42134403 0.31478221 -0.10012633 0.33271312 0.023354242
0.28209479 -9.3224541e-17 6.1502012e-17 -0.028466712 -0.50220204 0.38061807
0.28209479 -7.595431e-17 6.6283653e-17 0.093662042 -0.5412471 0.31010701
0.28209479 -5.6435569e-17 6.6075913e-17 0.23169144 -0.53955078 0.2304157
0.28209479 -3.6981023e-17 5.9836551e-17 0.36926687 -0.48860252 0.15098648
0.28209479 -2.0316805e-17 4.8016532e-17 0.48711012 -0.39208474 0.082949651
0.28209479 -8.4393678e-18 3.2526184e-17 0.57110301 -0.26559644 0.034456334
0.28209479 -1.9025417e-18 1.5841014e-17 0.61732905 -0.1293517 0.0077677158
0.28209479 -0.021926002 0.12911222 0.5908518 -0.17770772 0.0071241898
0.28209479 -0.042459528 0.13037811 0.52636325 -0.31653772 0.042798272
0.28209479 -0.059506673 0.26075621 0.52636325 -0.22181248 -0.009667445
0.28209479 -0.06397746 0.12513408 0.42208385 -0.43537981 0.1021046
0.28209479 -0.10390753 0.25687355 0.44154818 -0.3535561 0.033761604
0.28209479 -0.11177443 0.37540225 0.42208385 -0.25354935 -0.044999346
0.28209479 -0.083311739 0.11318484 0.28796333 -0.51281432 0.17953911
0.28209479 -0.1474894 0.23864285 0.32067565 -0.45392568 0.10150087
0.28209479 -0.17898214 0.35796428 0.32067565 -0.36723359 0.0045761639
0.28209479 -0.17293105 0.45273936 0.28796333 -0.26611352 -0.096280779
0.28209479 -0.097625247 0.096283816 0.14368261 -0.53747848 0.26373905
0.28209479 -0.18328583 0.20781506 0.18003192 -0.50454258 0.18474809
0.28209479 -0.24012974 0.32017298 0.1934622 -0.4406803 0.078022884
0.28209479 -0.25687355 0.41563012 0.18003192 -0.3535561 -0.041731638
0.28209479 -0.23400241 0.48141908 0.14368261 -0.25766134 -0.15598669
0.28209479 -0.10567588 0.077351949 0.009884926 -0.51312909 0.34254557
0.28209479 -0.20661526 0.1698381 0.041705722 -0.50162962 0.27014971
0.28209479 -0.28578294 0.26785907 0.060070889 -0.46255761 0.16400893
0.28209479 -0.32760529 0.35714543 0.060070889 -0.39768728 0.035292985
0.28209479 -0.32594527 0.42459526 0.041705722 -0.31653771 -0.097110306
0.28209479 -0.28683681 0.4641117 0.009884926 -0.23213168 -0.21501047
0.28209479 -0.10799126 0.059100291 -0.10012633 -0.45419491 0.40793885
0.28209479 -0.21687245 0.13107968 -0.076671107 -0.45606635 0.3461168
0.28209479 -0.3117226 0.2103728 -0.059972909 -0.43701936 0.24875086
0.28209479 -0.37594099 0.28719334 -0.053875331 -0.39528773 0.12215063
0.28209479 -0.39840097 0.35062134 -0.059972909 -0.33512284 -0.018017724
0.28209479 -0.37889585 0.39323903 -0.076671107 -0.26559643 -0.15253995
0.28209479 -0.3271472 0.41370203 -0.10012633 -0.19656166 -0.26655379
0.28209479 0.22372169 -0.47762252 -0.028466712 -0.15518896 -0.30792649
0.28209479 0.18227632 -0.51475658 0.093662042 -0.16725455 -0.25088184
0.28209479 0.13543495 -0.51314328 0.23169144 -0.16673036 -0.18641021
0.28209479 0.088747629 -0.46468861 0.36926687 -0.15098648 -0.12215063
0.28209479 0.048756581 -0.37289475 0.48711012 -0.12116085 -0.067107677
0.28209479 0.020252925 -0.25259723 0.57110301 -0.082073815 -0.02787576
0.28209479 0.0045657488 -0.12302078 0.61732905 -0.039971873 -0.0062842141
0.28209479 0.021926002 -0.12911222 0.5908518 -0.17770772 0.0071241898
0.28209479 0.059506673 -0.26075621 0.52636325 -0.22181248 -0.009667445
0.28209479 0.042459528 -0.13037811 0.52636325 -0.31653772 0.042798272
0.28209479 0.11177443 -0.37540225 0.42208385 -0.25354935 -0.044999346
0.28209479 0.10390753 -0.25687355 0.44154818 -0.3535561 0.033761604
0.28209479 0.06397746 -0.12513408 0.42208385 -0.43537981 0.1021046
0.28209479 0.17293105 -0.45273936 0.28796333 -0.26611352 -0.096280779
0.28209479 0.17898214 -0.35796428 0.32067565 -0.36723359 0.0045761639
0.28209479 0.1474894 -0.23864285 0.32067565 -0.45392568 0.10150087
0.28209479 0.083311739 -0.11318484 0.28796333 -0.51281432 0.17953911
0.28209479 0.23400241 -0.48141908 0.14368261 -0.25766134 -0.15598669
0.28209479 0.25687355 -0.41563012 0.18003192 -0.3535561 -0.041731638
0.28209479 0.24012974 -0.32017298 0.1934622 -0.4406803 0.078022884
0.28209479 0.18328583 -0.20781506 0.18003192 -0.50454258 0.18474809
0.28209479 0.097625247 -0.096283816 0.14368261 -0.53747848 0.26373905
0.28209479 0.28683681 -0.4641117 0.009884926 -0.23213168 -0.21501047
0.28209479 0.32594527 -0.42459526 0.041705722 -0.31653771 -0.097110306
0.28209479 0.32760529 -0.35714543 0.060070889 -0.39768728 0.035292985
0.28209479 0.28578294 -0.26785907 0.060070889 -0.46255761 0.16400893
0.28209479 0.20661526 -0.1698381 0.041705722 -0.50162962 0.27014971
0.28209479 0.10567588 -0.077351949 0.009884926 -0.51312909 0.34254557
0.28209479 0.3271472 -0.41370203 -0.10012633 -0.19656166 -0.26655379
0.28209479 0.37889585 -0.39323903 -0.076671107 -0.26559643 -0.15253995
0.28209479 0.39840097 -0.35062134 -0.059972909 -0.33512284 -0.018017724
0.28209479 0.37594099 -0.28719334 -0.053875331 -0.39528773 0.12215063
0.28209479 0.3117226 -0.2103728 -0.059972909 -0.43701936 0.24875086
0.28209479 0.21687245 -0.13107968 -0.076671107 -0.45606635 0.3461168
0.28209479 0.10799126 -0.059100291 -0.10012633 -0.45419491 0.40793885
0.28209479 -0.3619893 -0.29518695 -0.028466712 0.40628998 0.11761745
0.28209479 -0.29492929 -0.31813706 0.093662042 0.4378781 0.095828335
0.28209479 -0.21913835 -0.31713999 0.23169144 0.43650575 0.071202366
0.28209479 -0.14359668 -0.28719335 0.36926687 0.39528774 0.04665739
0.28209479 -0.078889806 -0.23046163 0.48711012 0.31720322 0.025632852
0.28209479 -0.032769921 -0.15611367 0.57110301 0.21487204 0.010647593
0.28209479 -0.0073875367 -0.07603102 0.61732905 0.10464772 0.0024003562
0.28209479 -0.013551014 -0.20890796 0.5908518 0.067878311 -0.018651371
0.28209479 -0.053824291 -0.29153431 0.52636325 0.17945007 -0.027156017
0.28209479 -0.0091942866 -0.34133431 0.52636325 0.026181412 -0.059581614
0.28209479 -0.11687736 -0.35714543 0.42208385 0.2786777 -0.029294125
0.28209479 -0.064218388 -0.41563013 0.44154818 0.13504641 -0.088389028
0.28209479 0.0082567231 -0.45273937 0.42208385 -0.015530176 -0.12020936
0.28209479 -0.19649658 -0.39299316 0.28796333 0.34834712 -0.023753537
0.28209479 -0.14210979 -0.45987694 0.32067565 0.22696284 -0.10890526
0.28209479 -0.059660715 -0.50545367 0.32067565 0.086692091 -0.16880802
0.28209479 0.038129828 -0.52269144 0.28796333 -0.05082316 -0.1942196
0.28209479 -0.2809986 -0.39381717 0.14368261 0.37823502 -0.01134728
0.28209479 -0.23234431 -0.4646886 0.18003192 0.28603289 -0.11722488
0.28209479 -0.14840834 -0.51805077 0.1934622 0.1683249 -0.20426656
0.28209479 -0.039689146 -0.54406689 0.18003192 0.041731637 -0.25719705
0.28209479 0.076041437 -0.54092575 0.14368261 -0.074518635 -0.27075205
0.28209479 -0.35843584 -0.36418875 0.009884926 0.36966382 0.0053486736
0.28209479 -0.32077527 -0.43225241 0.041705722 0.30599856 -0.11302194
0.28209479 -0.24429355 -0.48858708 0.060070889 0.21677336 -0.22111418
0.28209479 -0.13480123 -0.52269144 0.060070889 0.11181095 -0.30066501
0.28209479 -0.0083652382 -0.52956098 0.041705722 0.0065135576 -0.34000111
0.28209479 0.11584966 -0.51191783 0.009884926 -0.084999533 -0.33923991
0.28209479 -0.42134403 -0.31478221 -0.10012633 0.33271312 0.023354242
0.28209479 -0.39619391 -0.37411476 -0.076671107 0.29191873 -0.099301983
0.28209479 -0.33290371 -0.42706871 -0.059972909 0.22990206 -0.21959757
0.28209479 -0.23234431 -0.46468859 -0.053875331 0.15098648 -0.3197945
0.28209479 -0.1059768 -0.48063888 -0.059972909 0.065030017 -0.38446962
0.28209479 0.027988854 -0.47425072 -0.076671107 -0.016268073 -0.4074888
0.28209479 0.15241367 -0.45022802 -0.10012633 -0.084146229 -0.39350513
0.28209479 -1.129338e-17 -5.3800896e-17 0.5908518 0.21965883 0.023054362
0.28209479 0.02758286 0.080578101 0.52636325 0.33271872 0.053606804
0.28209479 -0.02758286 -0.080578101 0.52636325 0.33271872 0.053606804
0.28209479 0.077337119 0.15467423 0.42208385 0.42578164 0.092398235
0.28209479 0 0 0.44154818 0.43701938 0.10925485
0.28209479 -0.077337119 -0.15467423 0.42208385 0.42578164 0.092398235
0.28209479 0.1450071 0.20985624 0.28796333 0.48140388 0.13471481
0.28209479 0.050956334 0.073744697 0.32067565 0.50750434 0.17163625
0.28209479 -0.050956334 -0.073744697 0.32067565 0.50750434 0.17163625
0.28209479 -0.1450071 -0.20985624 0.28796333 0.48140388 0.13471481
0.28209479 0.22066288 0.23802668 0.14368261 0.49142343 0.17434697
0.28209479 0.11906744 0.12843677 0.18003192 0.53033415 0.23140548
0.28209479 0 0 0.1934622 0.54471081 0.25248736
0.28209479 -0.11906744 -0.12843677 0.18003192 0.53033415 0.23140548
0.28209479 -0.22066288 -0.23802668 0.14368261 0.49142343 0.17434697
0.28209479 0.29312456 0.23903067 0.009884926 0.46059649 0.20635613
0.28209479 0.19308002 0.15744858 0.041705722 0.50565522 0.27998364
0.28209479 0.067669978 0.055182003 0.060070889 0.53166058 0.32247728
0.28209479 -0.067669978 -0.055182003 0.060070889 0.53166058 0.32247728
0.28209479 -0.19308002 -0.15744858 0.041705722 0.50565522 0.27998364
0.28209479 -0.29312456 -0.23903067 0.009884926 0.46059649 0.20635613
0.28209479 0.35460176 0.21915593 -0.10012633 0.40218968 0.22876583
0.28209479 0.26215937 0.16202339 -0.076671107 0.44601213 0.31321393
0.28209479 0.14024854 0.086678362 -0.059972909 0.47721012 0.37333405
0.28209479 0 0 -0.053875331 0.4886025 0.39528775
0.28209479 -0.14024854 -0.086678362 -0.059972909 0.47721012 0.37333405
0.28209479 -0.26215937 -0.16202339 -0.076671107 0.44601213 0.31321393
0.28209479 -0.35460176 -0.21915593 -0.10012633 0.40218968 0.22876583
0.28209479 0.42590978 0.19176144 -0.19430487 0.31054327 0.21336416
0.28209479 0.41644683 0.12151754 -0.25571145 0.23616721 0.29753922
0.28209479 0.38166028 0.054173975 -0.2994279 0.12986384 0.37784426
0.28209479 0.32109193 -2.067302e-17 -0.31539157 -6.3625012e-17 0.44194512
0.28209479 0.24141174 -0.032504385 -0.2994279 -0.13690472 0.47974079
0.28209479 0.15428747 -0.040505847 -0.25571145 -0.2624895 0.48800915
0.28209479 0.071308019 -0.027394491 -0.19430487 -0.36394932 0.47099742
0.28209479 0.19291316 -0.08130608 -0.17811989 -0.37608769 0.42531465
0.28209479 0.28482716 -0.082236193 -0.24841355 -0.26786752 0.42016158
0.28209479 0.3094105 -0.14442572 -0.16469103 -0.37279895 0.33939876
0.28209479 0.37170973 -0.055182001 -0.29778591 -0.1369393 0.38632288
0.28209479 0.40047022 -0.12843677 -0.24311026 -0.26024131 0.30689871
0.28209479 0.40124988 -0.20985623 -0.15694065 -0.34983011 0.21409059
0.28209479 0.4393797 -3.0134576e-17 -0.31539157 -5.972791e-17 0.32459358
0.28209479 0.47487987 -0.078556356 -0.29683138 -0.12955501 0.2476126
0.28209479 0.47877259 -0.17268358 -0.24115081 -0.23767856 0.15556264
0.28209479 0.45045727 -0.26785906 -0.15694065 -0.30768858 0.062645837
0.28209479 0.47790717 0.075212383 -0.29864706 0.12285585 0.24403188
0.28209479 0.51953765 -3.932242e-17 -0.31539157 -5.4122668e-17 0.16880802
0.28209479 0.52972892 -0.098938888 -0.29683138 -0.11474623 0.078804583
0.28209479 0.50437775 -0.20781505 -0.24311026 -0.20256961 -0.012895785
0.28209479 0.44981194 -0.30992287 -0.16469103 -0.25255823 -0.092712439
0.28209479 0.48603771 0.15772458 -0.25438193 0.21708926 0.15792322
0.28209479 0.53007337 0.093600955 -0.29864706 0.10949577 0.083480849
0.28209479 0.54625697 -4.7492522e-17 -0.31539157 -4.7116624e-17 -0.0043408161
0.28209479 0.52779438 -0.11318483 -0.29778591 -0.094797771 -0.094056276
0.28209479 0.4773948 -0.22934477 -0.24841355 -0.16098688 -0.17250065
0.28209479 0.4060637 -0.33255568 -0.17811989 -0.19354416 -0.23069527
0.28209479 0.46998056 0.23608665 -0.19430487 0.27833911 0.077728252
0.28209479 0.51180173 0.18705738 -0.25571145 0.18854973 0.0040670184
0.28209479 0.53086094 0.10676717 -0.2994279 0.091652646 -0.081348148
0.28209479 0.51953765 -5.4122668e-17 -0.31539157 -3.932242e-17 -0.16880802
0.28209479 0.47729076 -0.12015972 -0.2994279 -0.073219392 -0.24622019
0.28209479 0.41166576 -0.23712536 -0.25571145 -0.11963707 -0.30411979
0.28209479 0.33453474 -0.33767101 -0.19430487 -0.13852024 -0.33913112
0.28209479 -0.21915594 0.35460174 -0.19430487 -0.086412817 -0.42295872
0.28209479 -0.1620234 0.26215935 -0.25571145 -0.042590368 -0.48549559
0.28209479 -0.086678364 0.14024853 -0.2994279 -0.011392378 -0.53001671
0.28209479 6.6899297e-17 -6.6899297e-17 -0.31539157 -4.0964005e-33 -0.54627422
0.28209479 0.086678364 -0.14024853 -0.2994279 -0.011392378 -0.53001671
0.28209479 0.1620234 -0.26215935 -0.25571145 -0.042590368 -0.48549559
0.28209479 0.21915594 -0.35460174 -0.19430487 -0.086412817 -0.42295872
0.28209479 0.093923654 -0.38280561 -0.17811989 -0.038890809 -0.45747829
0.28209479 0.016534764 -0.28016953 -0.24841355 -0.004564348 -0.50733507
0.28209479 -0.050824765 -0.39918287 -0.16469103 0.022155811 -0.4564463
0.28209479 -0.073644597 -0.14728919 -0.29778591 0.010164631 -0.53102727
0.28209479 -0.14359668 -0.28719334 -0.24311026 0.041731635 -0.48367676
0.28209479 -0.19877868 -0.39755734 -0.15694065 0.091481685 -0.40905169
0.28209479 -0.16467433 -6.6116714e-17 -0.31539157 1.0202745e-17 -0.52086264
0.28209479 -0.23864285 -0.14748939 -0.29683138 0.034676834 -0.47945019
0.28209479 -0.29589773 -0.2794079 -0.24115081 0.090785131 -0.40726829
0.28209479 -0.32760529 -0.37540223 -0.15694065 0.15966811 -0.31545369
0.28209479 -0.24319668 0.14008476 -0.29864706 -0.033566681 -0.47833273
0.28209479 -0.32109193 -6.3625012e-17 -0.31539157 2.067302e-17 -0.44194512
0.28209479 -0.38223953 -0.13970395 -0.29683138 0.058637937 -0.37512109
0.28209479 -0.41563012 -0.25687353 -0.24311026 0.13504641 -0.28603289
0.28209479 -0.41840051 -0.33596858 -0.16469103 0.21670938 -0.18938689
0.28209479 -0.30038782 0.25520374 -0.25438193 -0.08292072 -0.41344837
0.28209479 -0.37976955 0.13306095 -0.29864706 -0.055183743 -0.37910673
0.28209479 -0.44448264 -5.9486569e-17 -0.31539157 3.0608235e-17 -0.31757
0.28209479 -0.48227951 -0.12513408 -0.29778591 0.078351052 -0.23413662
0.28209479 -0.48761384 -0.22397905 -0.24841355 0.16837215 -0.14104966
0.28209479 -0.46411171 -0.2868368 -0.17811989 0.25647082 -0.052041861
0.28209479 -0.33453474 0.33767101 -0.19430487 -0.13852024 -0.33913112
0.28209479 -0.41166576 0.23712536 -0.25571145 -0.11963707 -0.30411979
0.28209479 -0.47729076 0.12015972 -0.2994279 -0.073219392 -0.24622019
0.28209479 -0.51953765 -5.4122668e-17 -0.31539157 3.932242e-17 -0.16880802
0.28209479 -0.53086094 -0.10676717 -0.2994279 0.091652646 -0.081348148
0.28209479 -0.51180173 -0.18705738 -0.25571145 0.18854973 0.0040670184
0.28209479 -0.46998056 -0.23608665 -0.19430487 0.27833911 0.077728252
0.28209479 -0.071308019 0.027394491 -0.19430487 -0.36394932 0.47099742
0.28209479 -0.15428747 0.040505847 -0.25571145 -0.2624895 0.48800915
0.28209479 -0.24141174 0.032504385 -0.2994279 -0.13690472 0.47974079
0.28209479 -0.32109193 -2.067302e-17 -0.31539157 6.3625012e-17 0.44194512
0.28209479 -0.38166028 -0.054173975 -0.2994279 0.12986384 0.37784426
0.28209479 -0.41644683 -0.12151754 -0.25571145 0.23616721 0.29753922
0.28209479 -0.42590978 -0.19176144 -0.19430487 0.31054327 0.21336416
0.28209479 -0.34488482 -0.1552808 -0.17811989 0.35205184 0.31490077
0.28209479 -0.31158098 -0.090918099 -0.24841355 0.26504659 0.4007238
0.28209479 -0.2271743 -0.10228286 -0.16469103 0.38649199 0.39914686
0.28209479 -0.25255027 -0.035847723 -0.29778591 0.14322138 0.47289729
0.28209479 -0.16812592 -0.049058479 -0.24311026 0.28603288 0.47570673
0.28209479 -0.079619219 -0.035847723 -0.15694065 0.4063689 0.44776895
0.28209479 -0.17293105 -1.0727801e-17 -0.31539157 6.6033554e-17 0.51817986
0.28209479 -0.088747626 -0.012597097 -0.29683138 0.15098647 0.5281541
0.28209479 -1.2330021e-16 -3.5978513e-17 -0.24115081 0.29378686 0.50341129
0.28209479 0.079619219 0.035847723 -0.15694065 0.4063689 0.44776895
0.28209479 -0.084406673 0.011364762 -0.29864706 -0.1436012 0.52992673
0.28209479 -1.3379859e-16 -8.192801e-33 -0.31539157 6.6899297e-17 0.54627422
0.28209479 0.088747626 0.012597097 -0.29683138 0.15098647 0.5281541
0.28209479 0.16812592 0.049058479 -0.24311026 0.28603288 0.47570673
0.28209479 0.2271743 0.10228286 -0.16469103 0.38649199 0.39914686
0.28209479 -1.2517122e-16 3.2861815e-17 -0.25438193 -0.26833709 0.51105029
0.28209479 0.084406673 -0.011364762 -0.29864706 -0.1436012 0.52992673
0.28209479 0.17293105 1.0727801e-17 -0.31539157 6.6033554e-17 0.51817986
0.28209479 0.25255027 0.035847723 -0.29778591 0.14322138 0.47289729
0.28209479 0.31158098 0.090918099 -0.24841355 0.26504659 0.4007238
0.28209479 0.34488482 0.1552808 -0.17811989 0.35205184 0.31490077
0.28209479 0.071308019 -0.027394491 -0.19430487 -0.36394932 0.47099742
0.28209479 0.15428747 -0.040505847 -0.25571145 -0.2624895 0.48800915
0.28209479 0.24141174 -0.032504385 -0.2994279 -0.13690472 0.47974079
0.28209479 0.32109193 2.067302e-17 -0.31539157 6.3625012e-17 0.44194512
0.28209479 0.38166028 0.054173975 -0.2994279 0.12986384 0.37784426
0.28209479 0.41644683 0.12151754 -0.25571145 0.23616721 0.29753922
0.28209479 0.42590978 0.19176144 -0.19430487 0.31054327 0.21336416
0.28209479 0.33453474 -0.33767101 -0.19430487 -0.13852024 -0.33913112
0.28209479 0.41166576 -0.23712536 -0.25571145 -0.11963707 -0.30411979
0.28209479 0.47729076 -0.12015972 -0.2994279 -0.073219392 -0.24622019
0.28209479 0.51953765 5.4122668e-17 -0.31539157 3.932242e-17 -0.16880802
0.28209479 0.53086094 0.10676717 -0.2994279 0.091652646 -0.081348148
0.28209479 0.51180173 0.18705738 -0.25571145 0.18854973 0.0040670184
0.28209479 0.46998056 0.23608665 -0.19430487 0.27833911 0.077728252
0.28209479 0.46411171 0.2868368 -0.17811989 0.25647082 -0.052041861
0.28209479 0.48761384 0.22397905 -0.24841355 0.16837215 -0.14104966
0.28209479 0.41840051 0.33596858 -0.16469103 0.21670938 -0.18938689
0.28209479 0.48227951 0.12513408 -0.29778591 0.078351052 -0.23413662
0.28209479 0.41563012 0.25687353 -0.24311026 0.13504641 -0.28603289
0.28209479 0.32760529 0.37540223 -0.15694065 0.15966811 -0.31545369
0.28209479 0.44448264 5.9486569e-17 -0.31539157 3.0608235e-17 -0.31757
0.28209479 0.38223953 0.13970395 -0.29683138 0.058637937 -0.37512109
0.28209479 0.29589773 0.2794079 -0.24115081 0.090785131 -0.40726829
0.28209479 0.19877868 0.39755734 -0.15694065 0.091481685 -0.40905169
0.28209479 0.37976955 -0.13306095 -0.29864706 -0.055183743 -0.37910673
0.28209479 0.32109193 6.3625012e-17 -0.31539157 2.067302e-17 -0.44194512
0.28209479 0.23864285 0.14748939 -0.29683138 0.034676834 -0.47945019
0.28209479 0.14359668 0.28719334 -0.24311026 0.041731635 -0.48367676
0.28209479 0.050824765 0.39918287 -0.16469103 0.022155811 -0.4564463
0.28209479 0.30038782 -0.25520374 -0.25438193 -0.08292072 -0.41344837
0.28209479 0.24319668 -0.14008476 -0.29864706 -0.033566681 -0.47833273
0.28209479 0.16467433 6.6116714e-17 -0.31539157 1.0202745e-17 -0.52086264
0.28209479 0.073644597 0.14728919 -0.29778591 0.010164631 -0.53102727
0.28209479 -0.016534764 0.28016953 -0.24841355 -0.004564348 -0.50733507
0.28209479 -0.093923654 0.38280561 -0.17811989 -0.038890809 -0.45747829
0.28209479 0.21915594 -0.35460174 -0.19430487 -0.086412817 -0.42295872
0.28209479 0.1620234 -0.26215935 -0.25571145 -0.042590368 -0.48549559
0.28209479 0.086678364 -0.14024853 -0.2994279 -0.011392378 -0.53001671
0.28209479 2.0069789e-16 6.6899297e-17 -0.31539157 1.2289201e-32 -0.54627422
0.28209479 -0.086678364 0.14024853 -0.2994279 -0.011392378 -0.53001671
0.28209479 -0.1620234 0.26215935 -0.25571145 -0.042590368 -0.48549559
0.28209479 -0.21915594 0.35460174 -0.19430487 -0.086412817 -0.42295872
0.28209479 -0.46998056 -0.23608665 -0.19430487 0.27833911 0.077728252
0.28209479 -0.51180173 -0.18705738 -0.25571145 0.18854973 0.0040670184
0.28209479 -0.53086094 -0.10676717 -0.2994279 0.091652646 -0.081348148
0.28209479 -0.51953765 5.4122668e-17 -0.31539157 -3.932242e-17 -0.16880802
0.28209479 -0.47729076 0.12015972 -0.2994279 -0.073219392 -0.24622019
0.28209479 -0.41166576 0.23712536 -0.25571145 -0.11963707 -0.30411979
0.28209479 -0.33453474 0.33767101 -0.19430487 -0.13852024 -0.33913112
0.28209479 -0.4060637 0.33255568 -0.17811989 -0.19354416 -0.23069527
0.28209479 -0.4773948 0.22934477 -0.24841355 -0.16098688 -0.17250065
0.28209479 -0.44981194 0.30992287 -0.16469103 -0.25255823 -0.092712439
0.28209479 -0.52779438 0.11318483 -0.29778591 -0.094797771 -0.094056276
0.28209479 -0.50437775 0.20781505 -0.24311026 -0.20256961 -0.012895785
0.28209479 -0.45045727 0.26785906 -0.15694065 -0.30768858 0.062645837
0.28209479 -0.54625697 4.7492522e-17 -0.31539157 -4.7116624e-17 -0.0043408161
0.28209479 -0.52972892 0.098938888 -0.29683138 -0.11474623 0.078804583
0.28209479 -0.47877259 0.17268358 -0.24115081 -0.23767856 0.15556264
0.28209479 -0.40124988 0.20985623 -0.15694065 -0.34983011 0.21409059
0.28209479 -0.53007337 -0.093600955 -0.29864706 0.10949577 0.083480849
0.28209479 -0.51953765 3.932242e-17 -0.31539157 -5.4122668e-17 0.16880802
0.28209479 -0.47487987 0.078556356 -0.29683138 -0.12955501 0.2476126
0.28209479 -0.40047022 0.12843677 -0.24311026 -0.26024131 0.30689871
0.28209479 -0.3094105 0.14442572 -0.16469103 -0.37279895 0.33939876
0.28209479 -0.48603771 -0.15772458 -0.25438193 0.21708926 0.15792322
0.28209479 -0.47790717 -0.075212383 -0.29864706 0.12285585 0.24403188
0.28209479 -0.4393797 3.0134576e-17 -0.31539157 -5.972791e-17 0.32459358
0.28209479 -0.37170973 0.055182001 -0.29778591 -0.1369393 0.38632288
0.28209479 -0.28482716 0.082236193 -0.24841355 -0.26786752 0.42016158
0.28209479 -0.19291316 0.08130608 -0.17811989 -0.37608769 0.42531465
0.28209479 -0.42590978 -0.19176144 -0.19430487 0.31054327 0.21336416
0.28209479 -0.41644683 -0.12151754 -0.25571145 0.23616721 0.29753922
0.28209479 -0.38166028 -0.054173975 -0.2994279 0.12986384 0.37784426
0.28209479 -0.32109193 2.067302e-17 -0.31539157 -6.3625012e-17 0.44194512
0.28209479 -0.24141174 0.032504385 -0.2994279 -0.13690472 0.47974079
0.28209479 -0.15428747 0.040505847 -0.25571145 -0.2624895 0.48800915
0.28209479 -0.071308019 0.027394491 -0.19430487 -0.36394932 0.47099742
0.28209479 0.46411171 0.2868368 -0.17811989 0.25647082 -0.052041861
0.28209479 0.41840051 0.33596858 -0.16469103 0.21670938 -0.18938689
0.28209479 0.48761384 0.22397905 -0.24841355 0.16837215 -0.14104966
0.28209479 0.32760529 0.37540223 -0.15694065 0.15966811 -0.31545369
0.28209479 0.41563012 0.25687353 -0.24311026 0.13504641 -0.28603289
0.28209479 0.48227951 0.12513408 -0.29778591 0.078351052 -0.23413662
0.28209479 0.19877868 0.39755734 -0.15694065 0.091481685 -0.40905169
0.28209479 0.29589773 0.2794079 -0.24115081 0.090785131 -0.40726829
0.28209479 0.38223953 0.13970395 -0.29683138 0.058637937 -0.37512109
0.28209479 0.44448264 -5.9486569e-17 -0.31539157 -3.0608235e-17 -0.31757
0.28209479 0.050824765 0.39918287 -0.16469103 0.022155811 -0.4564463
0.28209479 0.14359668 0.28719334 -0.24311026 0.041731635 -0.48367676
0.28209479 0.23864285 0.14748939 -0.29683138 0.034676834 -0.47945019
0.28209479 0.32109193 -6.3625012e-17 -0.31539157 -2.067302e-17 -0.44194512
0.28209479 0.37976955 -0.13306095 -0.29864706 -0.055183743 -0.37910673
0.28209479 -0.093923654 0.38280561 -0.17811989 -0.038890809 -0.45747829
0.28209479 -0.016534764 0.28016953 -0.24841355 -0.004564348 -0.50733507
0.28209479 0.073644597 0.14728919 -0.29778591 0.010164631 -0.53102727
0.28209479 0.16467433 -6.6116714e-17 -0.31539157 -1.0202745e-17 -0.52086264
0.28209479 0.24319668 -0.14008476 -0.29864706 -0.033566681 -0.47833273
0.28209479 0.30038782 -0.25520374 -0.25438193 -0.08292072 -0.41344837
0.28209479 -0.4060637 0.33255568 -0.17811989 -0.19354416 -0.23069527
0.28209479 -0.44981194 0.30992287 -0.16469103 -0.25255823 -0.092712439
0.28209479 -0.4773948 0.22934477 -0.24841355 -0.16098688 -0.17250065
0.28209479 -0.45045727 0.26785906 -0.15694065 -0.30768858 0.062645837
0.28209479 -0.50437775 0.20781505 -0.24311026 -0.20256961 -0.012895785
0.28209479 -0.52779438 0.11318483 -0.29778591 -0.094797771 -0.094056276
0.28209479 -0.40124988 0.20985623 -0.15694065 -0.34983011 0.21409059
0.28209479 -0.47877259 0.17268358 -0.24115081 -0.23767856 0.15556264
0.28209479 -0.52972892 0.098938888 -0.29683138 -0.11474623 0.078804583
0.28209479 -0.54625697 -4.7492522e-17 -0.31539157 4.7116624e-17 -0.0043408161
0.28209479 -0.3094105 0.14442572 -0.16469103 -0.37279895 0.33939876
0.28209479 -0.40047022 0.12843677 -0.24311026 -0.26024131 0.30689871
0.28209479 -0.47487987 0.078556356 -0.29683138 -0.12955501 0.2476126
0.28209479 -0.51953765 -3.932242e-17 -0.31539157 5.4122668e-17 0.16880802
0.28209479 -0.53007337 -0.093600955 -0.29864706 0.10949577 0.083480849
0.28209479 -0.19291316 0.08130608 -0.17811989 -0.37608769 0.42531465
0.28209479 -0.28482716 0.082236193 -0.24841355 -0.26786752 0.42016158
0.28209479 -0.37170973 0.055182001 -0.29778591 -0.1369393 0.38632288
0.28209479 -0.4393797 -3.0134576e-17 -0.31539157 5.972791e-17 0.32459358
0.28209479 -0.47790717 -0.075212383 -0.29864706 0.12285585 0.24403188
0.28209479 -0.48603771 -0.15772458 -0.25438193 0.21708926 0.15792322
0.28209479 0.19291316 -0.08130608 -0.17811989 -0.37608769 0.42531465
0.28209479 0.3094105 -0.14442572 -0.16469103 -0.37279895 0.33939876
0.28209479 0.28482716 -0.082236193 -0.24841355 -0.26786752 0.42016158
0.28209479 0.40124988 -0.20985623 -0.15694065 -0.34983011 0.21409059
0.28209479 0.40047022 -0.12843677 -0.24311026 -0.26024131 0.30689871
0.28209479 0.37170973 -0.055182001 -0.29778591 -0.1369393 0.38632288
0.28209479 0.45045727 -0.26785906 -0.15694065 -0.30768858 0.062645837
0.28209479 0.47877259 -0.17268358 -0.24115081 -0.23767856 0.15556264
0.28209479 0.47487987 -0.078556356 -0.29683138 -0.12955501 0.2476126
0.28209479 0.4393797 3.0134576e-17 -0.31539157 5.972791e-17 0.32459358
0.28209479 0.44981194 -0.30992287 -0.16469103 -0.25255823 -0.092712439
0.28209479 0.50437775 -0.20781505 -0.24311026 -0.20256961 -0.012895785
0.28209479 0.52972892 -0.098938888 -0.29683138 -0.11474623 0.078804583
0.28209479 0.51953765 3.932242e-17 -0.31539157 5.4122668e-17 0.16880802
0.28209479 0.47790717 0.075212383 -0.29864706 0.12285585 0.24403188
0.28209479 0.4060637 -0.33255568 -0.17811989 -0.19354416 -0.23069527
0.28209479 0.4773948 -0.22934477 -0.24841355 -0.16098688 -0.17250065
0.28209479 0.52779438 -0.11318483 -0.29778591 -0.094797771 -0.094056276
0.28209479 0.54625697 4.7492522e-17 -0.31539157 4.7116624e-17 -0.0043408161
0.28209479 0.53007337 0.093600955 -0.29864706 0.10949577 0.083480849
0.28209479 0.48603771 0.15772458 -0.25438193 0.21708926 0.15792322
0.28209479 0.093923654 -0.38280561 -0.17811989 -0.038890809 -0.45747829
0.28209479 -0.050824765 -0.39918287 -0.16469103 0.022155811 -0.4564463
0.28209479 0.016534764 -0.28016953 -0.24841355 -0.004564348 -0.50733507
0.28209479 -0.19877868 -0.39755734 -0.15694065 0.091481685 -0.40905169
0.28209479 -0.14359668 -0.28719334 -0.24311026 0.041731635 -0.48367676
0.28209479 -0.073644597 -0.14728919 -0.29778591 0.010164631 -0.53102727
0.28209479 -0.32760529 -0.37540223 -0.15694065 0.15966811 -0.31545369
0.28209479 -0.29589773 -0.2794079 -0.24115081 0.090785131 -0.40726829
0.28209479 -0.23864285 -0.14748939 -0.29683138 0.034676834 -0.47945019
0.28209479 -0.16467433 6.6116714e-17 -0.31539157 -1.0202745e-17 -0.52086264
0.28209479 -0.41840051 -0.33596858 -0.16469103 0.21670938 -0.18938689
0.28209479 -0.41563012 -0.25687353 -0.24311026 0.13504641 -0.28603289
0.28209479 -0.38223953 -0.13970395 -0.29683138 0.058637937 -0.37512109
0.28209479 -0.32109193 6.3625012e-17 -0.31539157 -2.067302e-17 -0.44194512
0.28209479 -0.24319668 0.14008476 -0.29864706 -0.033566681 -0.47833273
0.28209479 -0.46411171 -0.2868368 -0.17811989 0.25647082 -0.052041861
0.28209479 -0.48761384 -0.22397905 -0.24841355 0.16837215 -0.14104966
0.28209479 -0.48227951 -0.12513408 -0.29778591 0.078351052 -0.23413662
0.28209479 -0.44448264 5.9486569e-17 -0.31539157 -3.0608235e-17 -0.31757
0.28209479 -0.37976955 0.13306095 -0.29864706 -0.055183743 -0.37910673
0.28209479 -0.30038782 0.25520374 -0.25438193 -0.08292072 -0.41344837
0.28209479 -0.34488482 -0.1552808 -0.17811989 0.35205184 0.31490077
0.28209479 -0.2271743 -0.10228286 -0.16469103 0.38649199 0.39914686
0.28209479 -0.31158098 -0.090918099 -0.24841355 0.26504659 0.4007238
0.28209479 -0.079619219 -0.035847723 -0.15694065 0.4063689 0.44776895
0.28209479 -0.16812592 -0.049058479 -0.24311026 0.28603288 0.47570673
0.28209479 -0.25255027 -0.035847723 -0.29778591 0.14322138 0.47289729
0.28209479 0.079619219 0.035847723 -0.15694065 0.4063689 0.44776895
0.28209479 -2.4660041e-16 -7.1957027e-17 -0.24115081 0.29378686 0.50341129
0.28209479 -0.088747626 -0.012597097 -0.29683138 0.15098647 0.5281541
0.28209479 -0.17293105 1.0727801e-17 -0.31539157 -6.6033554e-17 0.51817986
0.28209479 0.2271743 0.10228286 -0.16469103 0.38649199 0.39914686
0.28209479 0.16812592 0.049058479 -0.24311026 0.28603288 0.47570673
0.28209479 0.088747626 0.012597097 -0.29683138 0.15098647 0.5281541
0.28209479 -2.6759719e-16 1.6385602e-32 -0.31539157 -6.6899297e-17 0.54627422
0.28209479 -0.084406673 0.011364762 -0.29864706 -0.1436012 0.52992673
0.28209479 0.34488482 0.1552808 -0.17811989 0.35205184 0.31490077
0.28209479 0.31158098 0.090918099 -0.24841355 0.26504659 0.4007238
0.28209479 0.25255027 0.035847723 -0.29778591 0.14322138 0.47289729
0.28209479 0.17293105 -1.0727801e-17 -0.31539157 -6.6033554e-17 0.51817986
0.28209479 0.084406673 -0.011364762 -0.29864706 -0.1436012 0.52992673
0.28209479 -2.5034244e-16 6.5723631e-17 -0.25438193 -0.26833709 0.51105029
