0.28209479 0 0 0.63078313 0 0 0 0 0 0 0.84628438 0 0 0 0 0 0 0 0 0 0 1.0171072 0 0 0 0 0 0 0 0 0 0 0 0 0 0 1.1631066 0 0 0 0 0 0 0 0
0.28209479 0 0 -0.12615664 -0.43701936 0.43701938 0 0 0 0 -0.16925685 0.42818981 0.15138791 -0.56644184 0.40053489 0 0 0 0 0 0 0.33361117 -0.074575596 -0.47165707 0.2358286 0.3875058 -0.60585451 0.34979028 0 0 0 0 0 0 0 0 -0.23262137 -0.33497465 0.37367998 0.25298244 -0.48989854 7.2575562e-08 0.54510872 -0.59713674 0.29856838
0.28209479 0.25687355 -0.41563011 -0.12615664 -0.13504641 -0.35355611 -0.38093131 0.33294616 0.088983581 0.4072327 -0.16925685 0.13231793 -0.12247539 0.45826108 0.12377209 0.33267033 1.4839156e-16 -0.36853992 -0.13861657 -0.27723307 -0.070925607 0.33361117 -0.023045127 0.38157859 -0.19078934 0.11974588 -0.60585451 0.10809114 -0.17549409 -0.35098817 0.5184292 -1.7775886e-23 0.4659212 -0.14869935 0.21964358 -0.31857982 -0.23262137 -0.10351286 -0.30231345 -0.20466709 -0.15138697 7.2575562e-08 0.16844786 0.48309377 -0.2415469
0.28209479 -0.41563013 -0.25687353 -0.12615664 0.35355609 0.13504642 -0.2354285 -0.5387182 -0.14397846 0.25168365 -0.16925685 -0.34641283 0.046781437 -0.17504016 -0.32403953 0.20560157 2.9678312e-16 -0.2277702 0.22428632 0.44857253 -0.043834436 0.33361117 0.060332925 -0.14575005 0.072875044 -0.31349878 -0.60585451 -0.28298628 0.28395541 0.56791079 0.32040687 -3.5551772e-23 0.28795514 0.2406006 -0.35539078 -0.19689316 -0.23262137 0.27100018 0.11547346 0.078175873 0.39633625 7.2575562e-08 -0.44100222 -0.1845254 0.092262705
0.28209479 0.41563013 0.25687353 -0.12615664 0.35355609 0.13504642 0.2354285 0.5387182 0.14397846 -0.25168365 -0.16925685 -0.34641283 0.046781437 -0.17504016 -0.32403953 -0.20560157 4.4517467e-16 0.2277702 -0.22428632 -0.44857253 0.043834436 0.33361117 0.060332925 -0.14575005 0.072875044 -0.31349878 -0.60585451 -0.28298628 -0.28395541 -0.56791079 -0.32040687 -5.3327658e-23 -0.28795514 -0.2406006 0.35539078 0.19689316 -0.23262137 0.27100018 0.11547346 0.078175873 0.39633625 7.2575562e-08 -0.44100222 -0.1845254 0.092262705
0.28209479 -0.25687355 0.41563011 -0.12615664 -0.13504641 -0.35355611 0.38093131 -0.33294616 -0.088983581 -0.4072327 -0.16925685 0.13231793 -0.12247539 0.45826108 0.12377209 -0.33267033 5.9356623e-16 0.36853992 0.13861657 0.27723307 0.070925607 0.33361117 -0.023045127 0.38157859 -0.19078934 0.11974588 -0.60585451 0.10809114 0.17549409 0.35098817 -0.5184292 -7.1103544e-23 -0.4659212 0.14869935 -0.21964358 0.31857982 -0.23262137 -0.10351286 -0.30231345 -0.20466709 -0.15138697 7.2575562e-08 0.16844786 0.48309377 -0.2415469
0.28209479 0.41563013 0.25687353 -0.12615664 0.35355609 0.13504642 0.2354285 0.5387182 0.14397846 -0.25168365 -0.16925685 -0.34641283 0.046781437 -0.17504016 -0.32403953 -0.20560157 7.4195779e-17 0.2277702 -0.22428632 -0.44857253 0.043834436 0.33361117 0.060332925 -0.14575005 0.072875044 -0.31349878 -0.60585451 -0.28298628 -0.28395541 -0.56791079 -0.32040687 -8.887943e-24 -0.28795514 -0.2406006 0.35539078 0.19689316 -0.23262137 0.27100018 0.11547346 0.078175873 0.39633625 7.2575562e-08 -0.44100222 -0.1845254 0.092262705
0.28209479 -0.25687355 0.41563011 -0.12615664 -0.13504641 -0.35355611 0.38093131 -0.33294616 -0.088983581 -0.4072327 -0.16925685 0.13231793 -0.12247539 0.45826108 0.12377209 -0.33267033 2.2258734e-16 0.36853992 0.13861657 0.27723307 0.070925607 0.33361117 -0.023045127 0.38157859 -0.19078934 0.11974588 -0.60585451 0.10809114 0.17549409 0.35098817 -0.5184292 -2.6663829e-23 -0.4659212 0.14869935 -0.21964358 0.31857982 -0.23262137 -0.10351286 -0.30231345 -0.20466709 -0.15138697 7.2575562e-08 0.16844786 0.48309377 -0.2415469
0.28209479 -1.0703888e-16 5.3519436e-17 -0.12615664 -0.43701936 0.43701938 -1.9620551e-16 2.0810736e-16 -3.7079344e-17 -5.2438127e-17 -0.16925685 0.42818981 0.15138791 -0.56644184 0.40053489 -2.5702173e-16 3.7097889e-16 -1.898231e-16 -8.6642021e-17 1.1552267e-16 9.1328765e-18 0.33361117 -0.074575596 -0.47165707 0.2358286 0.3875058 -0.60585451 0.34979028 -2.9251265e-16 5.1189712e-16 -4.0053939e-16 -4.4439715e-23 2.3998107e-16 -9.294424e-17 -9.1525198e-17 4.1022563e-17 -0.23262137 -0.33497465 0.37367998 0.25298244 -0.48989854 7.2575562e-08 0.54510872 -0.59713674 0.29856838
0.28209479 0.25687355 -0.41563011 -0.12615664 -0.13504641 -0.35355611 -0.38093131 0.33294616 0.088983581 0.4072327 -0.16925685 0.13231793 -0.12247539 0.45826108 0.12377209 0.33267033 5.1937045e-16 -0.36853992 -0.13861657 -0.27723307 -0.070925607 0.33361117 -0.023045127 0.38157859 -0.19078934 0.11974588 -0.60585451 0.10809114 -0.17549409 -0.35098817 0.5184292 -6.2215601e-23 0.4659212 -0.14869935 0.21964358 -0.31857982 -0.23262137 -0.10351286 -0.30231345 -0.20466709 -0.15138697 7.2575562e-08 0.16844786 0.48309377 -0.2415469
0.28209479 -0.41563013 -0.25687353 -0.12615664 0.35355609 0.13504642 -0.2354285 -0.5387182 -0.14397846 0.25168365 -0.16925685 -0.34641283 0.046781437 -0.17504016 -0.32403953 0.20560157 6.6776201e-16 -0.2277702 0.22428632 0.44857253 -0.043834436 0.33361117 0.060332925 -0.14575005 0.072875044 -0.31349878 -0.60585451 -0.28298628 0.28395541 0.56791079 0.32040687 -7.9991487e-23 0.28795514 0.2406006 -0.35539078 -0.19689316 -0.23262137 0.27100018 0.11547346 0.078175873 0.39633625 7.2575562e-08 -0.44100222 -0.1845254 0.092262705
0.28209479 0 0 0.63078313 0 0 0 0 0 0 0.84628438 0 0 0 0 0 0 0 0 0 0 1.0171072 0 0 0 0 0 0 0 0 0 0 0 0 0 0 1.1631066 0 0 0 0 0 0 0 0
0.28209479 0 0 0.093662042 -0.5412471 0.31010701 0 0 0 0 -0.36264118 -0.0087053567 0.5441748 -0.49780713 0.20167966 0 0 0 0 0 0 0.011746361 0.52007814 -0.16054546 -0.4548075 0.61065144 -0.37782006 0.12497996 0 0 0 0 0 0 0 0 0.3607856 -0.11495485 -0.49348481 0.33042613 0.29421195 -0.63977568 0.53413476 -0.26424169 0.075698511
0.28209479 0.18227632 -0.51475658 0.093662042 -0.16725455 -0.25088184 -0.19180876 0.29260369 0.31985792 -0.0082792863 -0.36264118 -0.0026901032 -0.44024666 0.40273443 0.062322443 0.118863 9.2539225e-17 -0.58076403 0.26732914 -0.094366254 0.4946237 0.011746361 0.16071298 0.12988401 0.367947 0.18870167 -0.37782006 0.038620931 -0.044494468 -0.15531737 0.50799234 1.5669985e-16 -0.27981219 -0.1942196 -0.29006309 -0.10932856 0.3607856 -0.035523001 0.3992376 -0.26732035 0.090916492 -0.63977568 0.16505672 0.21377602 -0.061241382
0.28209479 0 0 0.36926687 -0.48860252 0.15098648 0 0 0 0 -0.040406503 -0.61793592 0.53156417 -0.21880021 0.047809599 0 0 0 0 0 0 -0.40906091 -0.14873075 0.66888624 -0.56474445 0.26826296 -0.080853369 0.014425134 0 0 0 0 0 0 0 0 -0.31872294 0.47002857 0.27533655 -0.70341331 0.59282916 -0.3085694 0.11075985 -0.027532202 0.0042539592
0.28209479 0.088747629 -0.46468861 0.36926687 -0.15098648 -0.12215063 -0.045469631 0.12860753 0.31244558 -0.58769199 -0.040406503 -0.1909527 -0.43004445 0.17701308 0.014773979 0.013719118 1.9803364e-17 -0.25513324 0.33194846 0.39316147 -0.14145135 -0.40906091 -0.045960329 -0.54114033 0.45688786 0.082897815 -0.080853369 0.0044576117 -0.0025004145 -0.016183022 0.10533888 7.5577707e-17 -0.56381404 0.41345597 0.16183877 0.44702373 -0.31872294 0.14524682 -0.22275195 0.56907332 0.18319429 -0.3085694 0.034226676 0.022274019 -0.0034415253
0.28209479 0 0 0.57110301 -0.26559644 0.034456334 0 0 0 0 0.59411704 -0.57876422 0.1658652 -0.027142214 0.0024898724 0 0 0 0 0 0 0.43540257 -0.83005879 0.38069583 -0.10320157 0.018681206 -0.0022888992 0.00017144027 0 0 0 0 0 0 0 0 0.15577609 -0.92957979 0.63300233 -0.24386878 0.064141208 -0.012294173 0.001743804 -0.00017786909 1.1537648e-05
0.28209479 0.10390753 -0.25687355 0.44154818 -0.3535561 0.033761604 0.014714282 -0.13467956 0.41393819 -0.40898592 0.14809975 -0.56292082 0.13449667 0.043760041 -0.020252471 -0.0032125247 -4.6372365e-18 0.092531658 -0.40651889 0.6763633 -0.29040288 -0.27512753 -0.39970527 0.21976376 0.13208599 -0.1273589 0.03786591 -0.0044216609 -0.0011092009 0.0088736069 -0.027534969 -2.0279627e-17 0.2452118 -0.67292999 0.61568665 0.03999396 -0.47403864 0.055046963 0.20004872 0.21864821 -0.33750509 0.16559572 -0.037898634 0.0028832096 0.00036040121
0.28209479 0.020252925 -0.25259723 0.57110301 -0.082073815 -0.02787576 -0.0023680094 0.015953793 0.097493116 -0.55043748 0.59411704 -0.17884798 -0.13418776 0.021958513 0.00076941288 0.00016304939 5.6061862e-19 -0.017766882 0.06066036 0.2237674 -0.78943282 0.43540257 -0.25650227 -0.3079894 0.083491823 0.00577281 -0.0022888992 5.2977958e-05 -6.7816595e-06 -0.00010454883 0.0016584561 3.011204e-18 -0.061001914 0.14334247 0.37206943 -0.88408292 0.15577609 -0.28725595 -0.51210964 0.19729399 0.019820723 -0.012294173 0.00053886507 0.00014389912 -9.3341536e-06
0.28209479 0.18328583 -0.20781506 0.18003192 -0.50454258 0.18474809 0.14202925 -0.38814191 0.42305522 -0.084659536 -0.32925342 -0.20554016 0.42643037 -0.16349049 0.0011286315 0.052848761 -0.24884108 0.54501911 -0.55744172 0.096200724 0.18405062 -0.20481717 0.44684623 0.096968217 -0.2348018 0.0043309795 0.10018934 -0.051603685 0.00059665473 -0.062268059 0.28224795 -0.58693386 0.56532971 -0.021295617 -0.36703877 0.10802656 0.31378969 0.26227165 -0.36996702 -0.0089699946 0.0044923771 0.23631353 -0.27559841 0.14460734 -0.037539741
0.28209479 0.25687355 -0.41563012 0.18003192 -0.3535561 -0.041731638 -0.044962844 -0.2179161 0.59290834 -0.16931907 -0.32925342 -0.1440314 -0.096323799 0.36041067 -0.13472908 -0.065409186 0.24884108 -0.17253917 -0.31296679 0.13482451 0.36810125 -0.20481717 0.31312562 -0.021903569 0.51761467 -0.51700563 0.10018934 0.034315743 0.02254801 0.034622146 -0.34932908 0.58693386 -0.17896899 -0.011956086 -0.51440176 0.21605312 0.31378969 0.18378576 0.083569631 0.019774128 -0.53627228 0.23631353 0.18326916 -0.15359005 0.030019584
0.28209479 0.21687245 -0.13107968 -0.076671107 -0.45606635 0.3461168 0.31484443 -0.42790895 0.14388745 0.09904429 -0.24765163 0.34460543 0.22963666 -0.38385833 0.15259863 0.28389718 -0.56622728 0.45063623 0.050037132 -0.26346118 0.032740311 0.3273808 0.11391357 -0.42046992 0.044886114 0.21841412 -0.098039993 -0.030902407 0.17882975 -0.4899485 0.6159638 -0.21584752 -0.34229701 0.32167854 0.094132374 -0.12951032 -0.078214428 -0.45060609 0.15023022 0.2885637 -0.16590433 -0.037373137 -0.06704809 0.20041926 -0.14114494
0.28209479 0.37594099 -0.28719334 -0.053875331 -0.39528773 0.12215063 0.19261244 -0.54479024 0.30433145 0.18734436 -0.27695013 0.25785739 0.098883283 0.17701308 -0.26510829 -0.15214735 -6.7867135e-17 0.31684027 -0.011432856 -0.46092499 0.11805194 0.3073502 0.16248456 -0.14976361 0.0037147601 -0.43609322 0.55417721 -0.20941286 -0.19006439 0.46986499 -0.37295328 -3.7788842e-17 -0.17973256 0.45882976 0.067847615 -0.28774111 0.00068593194 -0.39604167 0.022045027 -0.14908283 0.24738065 0.30856931 -0.51332616 0.15266839 0.061755665
0.28209479 0.37889585 -0.39323903 -0.076671107 -0.26559643 -0.15253995 -0.2424222 -0.12055935 0.25138444 0.29713287 -0.24765163 0.20068565 -0.10120504 0.56206649 -0.25227928 -0.11711899 0.56622728 -0.34697843 0.014097494 -0.4602906 0.098220932 0.3273808 0.066339115 0.18530872 -0.065724717 -0.36108685 -0.098039993 0.2604529 0.22763922 -0.27857318 -0.25410981 0.21584752 0.26355998 0.090629922 0.1644578 -0.38853097 -0.078214428 -0.26241658 -0.066209181 -0.42253084 0.27427654 -0.037373137 0.56509739 -0.45012709 0.0090751661
0.28209479 -0.29492929 -0.31813706 0.093662042 0.4378781 0.095828335 -0.11854433 -0.47344271 -0.51754099 -0.0051168803 -0.36264118 0.0070427815 0.16815926 -0.15383086 -0.16316228 0.073461377 1.8507845e-16 -0.35893191 -0.43254764 0.15268781 0.30569426 0.011746361 -0.42075205 -0.049611275 -0.14054325 -0.49402739 -0.37782006 -0.10111091 0.071993562 0.25130878 0.31395653 3.133997e-16 -0.17293344 0.31425392 0.46933194 -0.067568764 0.3607856 0.093000425 -0.15249519 0.10210729 -0.23802247 -0.63977568 -0.4321241 -0.081655173 0.023392126
0.28209479 -0.14359668 -0.28719335 0.36926687 0.39528774 0.04665739 -0.028101777 -0.20809136 -0.50554757 -0.36321362 -0.040406503 0.49992066 0.16426236 -0.067612982 -0.038678778 0.0084788813 3.9606728e-17 -0.15768101 -0.53710389 -0.63614861 -0.08742174 -0.40906091 0.1203257 0.20669721 -0.17451563 -0.2170293 -0.080853369 -0.011670179 0.0040457556 0.02618468 0.065103007 1.5115541e-16 -0.34845624 -0.66898581 -0.26186062 0.27627586 -0.31872294 -0.3802611 0.085083674 -0.21736667 -0.47960887 -0.3085694 -0.089606601 -0.0085079183 0.0013145457
0.28209479 -0.064218388 -0.41563013 0.44154818 0.13504641 -0.088389028 0.023808208 0.083236545 -0.25582787 -0.66175311 0.14809975 0.21501662 -0.35211686 -0.11456528 0.0077357557 -0.0051979741 -1.391171e-17 0.14971937 0.25124249 -0.41801551 -0.46988172 -0.27512753 0.15267383 -0.57534899 -0.34580562 0.048646771 0.03786591 0.0016889242 0.00068552385 -0.0054841906 -0.044552517 -6.0838881e-17 0.39676102 0.41589361 -0.38051528 0.064711586 -0.47403864 -0.021026069 -0.52373435 -0.57242844 0.12891547 0.16559572 0.01447599 -0.0075483408 -0.00094354263
0.28209479 -0.032769921 -0.15611367 0.57110301 0.21487204 0.010647593 -0.0014635103 -0.02581378 -0.15774718 -0.34018907 0.59411704 0.46823009 0.051255165 -0.0083874055 -0.0020143491 0.00010077006 1.1212372e-18 -0.010980537 -0.098150524 -0.36206325 -0.48789632 0.43540257 0.67153167 0.11764148 -0.031891039 -0.015113413 -0.0022888992 -0.00013869809 1.0972956e-05 0.00016916356 0.0010249823 6.022408e-18 -0.037701256 -0.231933 -0.60202099 -0.54639329 0.15577609 0.75204585 0.19560848 -0.075359599 -0.051891327 -0.012294173 -0.0014107671 -5.4964571e-05 3.5653294e-06
0.28209479 -0.039689146 -0.54406689 0.18003192 0.041731637 -0.25719705 0.042816059 0.4101107 -0.091609377 -0.22164154 -0.32925342 0.017000601 -0.59365503 -0.095877506 0.13542661 -0.032746856 -0.24884108 0.16430116 0.58899286 -0.020831532 0.48185079 -0.20481717 -0.036959466 -0.1349943 -0.13769737 0.51968232 0.10018934 -0.066208574 0.021582602 0.13537398 -0.17489025 -0.58693386 0.17042398 0.022500947 0.079479442 0.2828172 0.31378969 -0.021692966 0.51504958 -0.0052603716 0.53904873 0.23631353 -0.35359834 -0.080389552 0.030720993
0.28209479 -0.23234431 -0.4646886 0.18003192 0.28603289 -0.11722488 0.11424068 -0.035546248 -0.53629063 -0.18930448 -0.32925342 0.11652385 -0.27057519 -0.41966623 -0.08439578 0.01242366 0.24884108 0.43838403 -0.051050817 -0.12194991 0.41154971 -0.20481717 -0.25332395 -0.061527498 -0.60271632 -0.32385803 0.10018934 0.07281198 -0.035886792 -0.11828787 0.066350708 0.58693386 0.45472079 -0.0019502643 0.46528076 0.24155473 0.31378969 -0.1486858 0.23474851 -0.023025216 -0.33592688 0.23631353 0.38886498 0.10390657 -0.011032966
0.28209479 0.027988854 -0.47425072 -0.076671107 -0.016268073 -0.4074888 -0.047837639 0.57181188 0.018569647 0.35834561 -0.24765163 0.012292216 -0.27035488 0.059029343 0.34659042 0.058339119 -0.56622728 -0.068469922 -0.066864285 -0.034001445 0.11845556 0.3273808 0.0040633437 0.49502591 -0.0069025408 0.4960742 -0.098039993 -0.27955163 -0.06171339 0.51418015 0.12657676 -0.21584752 0.052008799 -0.42985689 0.012148418 -0.46857275 -0.078214428 -0.016073304 -0.17686842 -0.044375031 -0.37681106 -0.037373137 -0.60653539 0.12584192 0.21930214
0.28209479 -0.23234431 -0.46468859 -0.053875331 0.15098648 -0.3197945 0.31165348 0.33669888 -0.18808718 0.30312954 -0.27695013 -0.098492758 -0.2588798 -0.46342625 0.10126235 -0.24617958 7.8081508e-16 0.51265832 0.0070658936 0.28486731 0.19101206 0.3073502 -0.062063579 0.39208621 -0.0097253682 0.16657279 0.55417721 0.079988595 0.11746625 -0.29039254 -0.60345109 4.3476268e-16 -0.29081339 -0.28357238 -0.041932132 -0.4655749 0.00068593194 0.15127446 -0.057714629 0.3903039 -0.094490999 0.30856931 0.19607314 -0.39969104 -0.16167843
0.28209479 -0.39619391 -0.37411476 -0.076671107 0.29191873 -0.099301983 0.16501927 -0.23283983 -0.26286111 0.2826825 -0.24765163 -0.22057487 -0.065883469 -0.52558435 -0.3085158 0.21151367 0.56622728 0.23619177 0.027226907 0.48130464 0.093444185 0.3273808 -0.072913744 0.12063412 0.061458712 -0.44157807 -0.098039993 0.19187115 -0.18949824 -0.039207625 0.4589153 0.21584752 -0.17940798 0.17503625 -0.17196593 -0.36963567 -0.078214428 0.28842373 -0.043101516 0.39510556 0.33541655 -0.037373137 0.41629748 0.52790167 0.12646101
0.28209479 0.29492929 0.31813706 0.093662042 0.4378781 0.095828335 0.11854433 0.47344271 0.51754099 0.0051168803 -0.36264118 0.0070427815 0.16815926 -0.15383086 -0.16316228 -0.073461377 2.7761768e-16 0.35893191 0.43254764 -0.15268781 -0.30569426 0.011746361 -0.42075205 -0.049611275 -0.14054325 -0.49402739 -0.37782006 -0.10111091 -0.071993562 -0.25130878 -0.31395653 4.7009954e-16 0.17293344 -0.31425392 -0.46933194 0.067568764 0.3607856 0.093000425 -0.15249519 0.10210729 -0.23802247 -0.63977568 -0.4321241 -0.081655173 0.023392126
0.28209479 0.14359668 0.28719335 0.36926687 0.39528774 0.04665739 0.028101777 0.20809136 0.50554757 0.36321362 -0.040406503 0.49992066 0.16426236 -0.067612982 -0.038678778 -0.0084788813 3.4665896e-16 0.15768101 0.53710389 0.63614861 0.08742174 -0.40906091 0.1203257 0.20669721 -0.17451563 -0.2170293 -0.080853369 -0.011670179 -0.0040457556 -0.02618468 -0.065103007 1.3229919e-15 0.34845624 0.66898581 0.26186062 -0.27627586 -0.31872294 -0.3802611 0.085083674 -0.21736667 -0.47960887 -0.3085694 -0.089606601 -0.0085079183 0.0013145457
0.28209479 -2.675972e-17 -5.3519438e-17 0.44154818 0.43701938 0.10925485 -1.2262845e-17 -5.2026842e-17 -1.0660315e-16 -8.5211953e-17 0.14809975 0.6958084 0.43524037 0.14161047 0.025033431 -4.0159647e-18 -2.3186183e-17 -7.7115646e-17 -1.5703864e-16 -1.7418653e-16 -6.0505253e-17 -0.27512753 0.49406288 0.71117046 0.42743926 0.15742426 0.03786591 0.0054654734 -1.1426276e-18 -7.9983932e-18 -3.4421359e-17 -1.0139814e-16 -2.0435888e-16 -2.599535e-16 -1.5856023e-16 8.3327158e-18 -0.47403864 -0.068041788 0.64737126 0.70756046 0.41717923 0.16559572 0.046845288 0.0093302624 0.0011662828
0.28209479 0.032769921 0.15611367 0.57110301 0.21487204 0.010647593 0.0014635103 0.02581378 0.15774718 0.34018907 0.59411704 0.46823009 0.051255165 -0.0083874055 -0.0020143491 -0.00010077006 1.6818558e-18 0.010980537 0.098150524 0.36206325 0.48789632 0.43540257 0.67153167 0.11764148 -0.031891039 -0.015113413 -0.0022888992 -0.00013869809 -1.0972956e-05 -0.00016916356 -0.0010249823 9.0336121e-18 0.037701256 0.231933 0.60202099 0.54639329 0.15577609 0.75204585 0.19560848 -0.075359599 -0.051891327 -0.012294173 -0.0014107671 -5.4964571e-05 3.5653294e-06
0.28209479 -0.11906744 -0.12843677 0.18003192 0.53033415 0.23140548 -0.11556747 -0.27543114 -0.27482813 -0.052322471 -0.32925342 0.21604711 0.53412365 0.31862355 0.082569615 -0.073087431 -0.24884108 -0.44347541 -0.39556875 -0.062494596 0.11374954 -0.20481717 -0.46968844 0.12145715 0.45760083 0.31685036 0.10018934 0.010684536 -0.035518039 -0.15677165 -0.39033607 -0.58693386 -0.4600019 -0.015111679 0.23843833 0.066764085 0.31378969 -0.27567864 -0.46340071 0.017481455 0.32865806 0.23631353 0.057062614 -0.014534316 -0.01216787
0.28209479 0.11906744 0.12843677 0.18003192 0.53033415 0.23140548 0.11556747 0.27543114 0.27482813 0.052322471 -0.32925342 0.21604711 0.53412365 0.31862355 0.082569615 0.073087431 0.24884108 0.44347541 0.39556875 0.062494596 -0.11374954 -0.20481717 -0.46968844 0.12145715 0.45760083 0.31685036 0.10018934 0.010684536 0.035518039 0.15677165 0.39033607 0.58693386 0.4600019 0.015111679 -0.23843833 -0.066764085 0.31378969 -0.27567864 -0.46340071 0.017481455 0.32865806 0.23631353 0.057062614 -0.014534316 -0.01216787
0.28209479 -0.26215937 -0.16202339 -0.076671107 0.44601213 0.31321393 -0.34440972 -0.49730211 -0.17393377 0.12242547 -0.24765163 -0.33700842 0.20780673 0.28834685 0.06160603 -0.24784162 -0.56622728 -0.49295297 0.058151555 0.31847668 0.04046925 0.3273808 -0.11140229 -0.38049883 -0.033717568 0.088176593 -0.098039993 -0.14187 -0.078975382 -0.34201245 -0.53773506 -0.21584752 0.37444021 0.37384452 -0.11378893 -0.16008356 -0.078214428 0.44067225 0.1359489 -0.21676339 -0.066977713 -0.037373137 -0.30781139 -0.40403576 -0.21369338
0.28209479 -9.6817575e-17 -5.9836549e-17 -0.053875331 0.4886025 0.39528775 -1.6052272e-16 -2.1045299e-16 -7.8375687e-17 3.9033077e-17 -0.27695013 -0.31872926 0.31999303 0.57282635 0.32769186 -1.9019882e-16 -3.3933568e-16 -2.6405387e-16 -4.4165232e-18 1.1870384e-16 2.4596046e-17 0.3073502 -0.20084196 -0.48464521 0.012021216 0.53904086 0.55417721 0.25884853 -1.9579215e-16 -4.2352169e-16 -4.6622746e-16 -1.8894421e-16 1.4978865e-16 1.7724637e-16 -1.7473066e-17 -5.9950676e-17 0.00068593194 0.48953442 0.071339204 -0.48244216 -0.3057793 0.30856931 0.63450602 0.49404529 0.19984553
0.28209479 0.26215937 0.16202339 -0.076671107 0.44601213 0.31321393 0.34440972 0.49730211 0.17393377 -0.12242547 -0.24765163 -0.33700842 0.20780673 0.28834685 0.06160603 0.24784162 0.56622728 0.49295297 -0.058151555 -0.31847668 -0.04046925 0.3273808 -0.11140229 -0.38049883 -0.033717568 0.088176593 -0.098039993 -0.14187 0.078975382 0.34201245 0.53773506 0.21584752 -0.37444021 -0.37384452 0.11378893 0.16008356 -0.078214428 0.44067225 0.1359489 -0.21676339 -0.066977713 -0.037373137 -0.30781139 -0.40403576 -0.21369338
0.28209479 -0.18227632 0.51475658 0.093662042 -0.16725455 -0.25088184 0.19180876 -0.29260369 -0.31985792 0.0082792863 -0.36264118 -0.0026901032 -0.44024666 0.40273443 0.062322443 -0.118863 3.701569e-16 0.58076403 -0.26732914 0.094366254 -0.4946237 0.011746361 0.16071298 0.12988401 0.367947 0.18870167 -0.37782006 0.038620931 0.044494468 0.15531737 -0.50799234 6.2679939e-16 0.27981219 0.1942196 0.29006309 0.10932856 0.3607856 -0.035523001 0.3992376 -0.26732035 0.090916492 -0.63977568 0.16505672 0.21377602 -0.061241382
0.28209479 -0.088747629 0.46468861 0.36926687 -0.15098648 -0.12215063 0.045469631 -0.12860753 -0.31244558 0.58769199 -0.040406503 -0.1909527 -0.43004445 0.17701308 0.014773979 -0.013719118 7.9213456e-17 0.25513324 -0.33194846 -0.39316147 0.14145135 -0.40906091 -0.045960329 -0.54114033 0.45688786 0.082897815 -0.080853369 0.0044576117 0.0025004145 0.016183022 -0.10533888 3.0231083e-16 0.56381404 -0.41345597 -0.16183877 -0.44702373 -0.31872294 0.14524682 -0.22275195 0.56907332 0.18319429 -0.3085694 0.034226676 0.022274019 -0.0034415253
0.28209479 0.064218388 0.41563013 0.44154818 0.13504641 -0.088389028 -0.023808208 -0.083236545 0.25582787 0.66175311 0.14809975 0.21501662 -0.35211686 -0.11456528 0.0077357557 0.0051979741 -3.2460656e-17 -0.14971937 -0.25124249 0.41801551 0.46988172 -0.27512753 0.15267383 -0.57534899 -0.34580562 0.048646771 0.03786591 0.0016889242 -0.00068552385 0.0054841906 0.044552517 -1.4195739e-16 -0.39676102 -0.41589361 0.38051528 -0.064711586 -0.47403864 -0.021026069 -0.52373435 -0.57242844 0.12891547 0.16559572 0.01447599 -0.0075483408 -0.00094354263
0.28209479 -0.020252925 0.25259723 0.57110301 -0.082073815 -0.02787576 0.0023680094 -0.015953793 -0.097493116 0.55043748 0.59411704 -0.17884798 -0.13418776 0.021958513 0.00076941288 -0.00016304939 2.2424745e-18 0.017766882 -0.06066036 -0.2237674 0.78943282 0.43540257 -0.25650227 -0.3079894 0.083491823 0.00577281 -0.0022888992 5.2977958e-05 6.7816595e-06 0.00010454883 -0.0016584561 1.2044816e-17 0.061001914 -0.14334247 -0.37206943 0.88408292 0.15577609 -0.28725595 -0.51210964 0.19729399 0.019820723 -0.012294173 0.00053886507 0.00014389912 -9.3341536e-06
0.28209479 0.23234431 0.4646886 0.18003192 0.28603289 -0.11722488 -0.11424068 0.035546248 0.53629063 0.18930448 -0.32925342 0.11652385 -0.27057519 -0.41966623 -0.08439578 -0.01242366 -0.24884108 -0.43838403 0.051050817 0.12194991 -0.41154971 -0.20481717 -0.25332395 -0.061527498 -0.60271632 -0.32385803 0.10018934 0.07281198 0.035886792 0.11828787 -0.066350708 -0.58693386 -0.45472079 0.0019502643 -0.46528076 -0.24155473 0.31378969 -0.1486858 0.23474851 -0.023025216 -0.33592688 0.23631353 0.38886498 0.10390657 -0.011032966
0.28209479 0.039689146 0.54406689 0.18003192 0.041731637 -0.25719705 -0.042816059 -0.4101107 0.091609377 0.22164154 -0.32925342 0.017000601 -0.59365503 -0.095877506 0.13542661 0.032746856 0.24884108 -0.16430116 -0.58899286 0.020831532 -0.48185079 -0.20481717 -0.036959466 -0.1349943 -0.13769737 0.51968232 0.10018934 -0.066208574 -0.021582602 -0.13537398 0.17489025 0.58693386 -0.17042398 -0.022500947 -0.079479442 -0.2828172 0.31378969 -0.021692966 0.51504958 -0.0052603716 0.53904873 0.23631353 -0.35359834 -0.080389552 0.030720993
0.28209479 0.39619391 0.37411476 -0.076671107 0.29191873 -0.099301983 -0.16501927 0.23283983 0.26286111 -0.2826825 -0.24765163 -0.22057487 -0.065883469 -0.52558435 -0.3085158 -0.21151367 -0.56622728 -0.23619177 -0.027226907 -0.48130464 -0.093444185 0.3273808 -0.072913744 0.12063412 0.061458712 -0.44157807 -0.098039993 0.19187115 0.18949824 0.039207625 -0.4589153 -0.21584752 0.17940798 -0.17503625 0.17196593 0.36963567 -0.078214428 0.28842373 -0.043101516 0.39510556 0.33541655 -0.037373137 0.41629748 0.52790167 0.12646101
0.28209479 0.23234431 0.46468859 -0.053875331 0.15098648 -0.3197945 -0.31165348 -0.33669888 0.18808718 -0.30312954 -0.27695013 -0.098492758 -0.2588798 -0.46342625 0.10126235 0.24617958 -4.7506995e-16 -0.51265832 -0.0070658936 -0.28486731 -0.19101206 0.3073502 -0.062063579 0.39208621 -0.0097253682 0.16657279 0.55417721 0.079988595 -0.11746625 0.29039254 0.60345109 -2.645219e-16 0.29081339 0.28357238 0.041932132 0.4655749 0.00068593194 0.15127446 -0.057714629 0.3903039 -0.094490999 0.30856931 0.19607314 -0.39969104 -0.16167843
0.28209479 -0.027988854 0.47425072 -0.076671107 -0.016268073 -0.4074888 0.047837639 -0.57181188 -0.018569647 -0.35834561 -0.24765163 0.012292216 -0.27035488 0.059029343 0.34659042 -0.058339119 0.56622728 0.068469922 0.066864285 0.034001445 -0.11845556 0.3273808 0.0040633437 0.49502591 -0.0069025408 0.4960742 -0.098039993 -0.27955163 0.06171339 -0.51418015 -0.12657676 0.21584752 -0.052008799 0.42985689 -0.012148418 0.46857275 -0.078214428 -0.016073304 -0.17686842 -0.044375031 -0.37681106 -0.037373137 -0.60653539 0.12584192 0.21930214
0.28209479 -0.10390753 0.25687355 0.44154818 -0.3535561 0.033761604 -0.014714282 0.13467956 -0.41393819 0.40898592 0.14809975 -0.56292082 0.13449667 0.043760041 -0.020252471 0.0032125247 -4.1735129e-17 -0.092531658 0.40651889 -0.6763633 0.29040288 -0.27512753 -0.39970527 0.21976376 0.13208599 -0.1273589 0.03786591 -0.0044216609 0.0011092009 -0.0088736069 0.027534969 -1.8251664e-16 -0.2452118 0.67292999 -0.61568665 -0.03999396 -0.47403864 0.055046963 0.20004872 0.21864821 -0.33750509 0.16559572 -0.037898634 0.0028832096 0.00036040121
0.28209479 -0.25687355 0.41563012 0.18003192 -0.3535561 -0.041731638 0.044962844 0.2179161 -0.59290834 0.16931907 -0.32925342 -0.1440314 -0.096323799 0.36041067 -0.13472908 0.065409186 -0.24884108 0.17253917 0.31296679 -0.13482451 -0.36810125 -0.20481717 0.31312562 -0.021903569 0.51761467 -0.51700563 0.10018934 0.034315743 -0.02254801 -0.034622146 0.34932908 -0.58693386 0.17896899 0.011956086 0.51440176 -0.21605312 0.31378969 0.18378576 0.083569631 0.019774128 -0.53627228 0.23631353 0.18326916 -0.15359005 0.030019584
0.28209479 -0.18328583 0.20781506 0.18003192 -0.50454258 0.18474809 -0.14202925 0.38814191 -0.42305522 0.084659536 -0.32925342 -0.20554016 0.42643037 -0.16349049 0.0011286315 -0.052848761 0.24884108 -0.54501911 0.55744172 -0.096200724 -0.18405062 -0.20481717 0.44684623 0.096968217 -0.2348018 0.0043309795 0.10018934 -0.051603685 -0.00059665473 0.062268059 -0.28224795 0.58693386 -0.56532971 0.021295617 0.36703877 -0.10802656 0.31378969 0.26227165 -0.36996702 -0.0089699946 0.0044923771 0.23631353 -0.27559841 0.14460734 -0.037539741
0.28209479 -0.37889585 0.39323903 -0.076671107 -0.26559643 -0.15253995 0.2424222 0.12055935 -0.25138444 -0.29713287 -0.24765163 0.20068565 -0.10120504 0.56206649 -0.25227928 0.11711899 -0.56622728 0.34697843 -0.014097494 0.4602906 -0.098220932 0.3273808 0.066339115 0.18530872 -0.065724717 -0.36108685 -0.098039993 0.2604529 -0.22763922 0.27857318 0.25410981 -0.21584752 -0.26355998 -0.090629922 -0.1644578 0.38853097 -0.078214428 -0.26241658 -0.066209181 -0.42253084 0.27427654 -0.037373137 0.56509739 -0.45012709 0.0090751661
0.28209479 -0.37594099 0.28719334 -0.053875331 -0.39528773 0.12215063 -0.19261244 0.54479024 -0.30433145 -0.18734436 -0.27695013 0.25785739 0.098883283 0.17701308 -0.26510829 0.15214735 -6.1080422e-16 -0.31684027 0.011432856 0.46092499 -0.11805194 0.3073502 0.16248456 -0.14976361 0.0037147601 -0.43609322 0.55417721 -0.20941286 0.19006439 -0.46986499 0.37295328 -3.4009958e-16 0.17973256 -0.45882976 -0.067847615 0.28774111 0.00068593194 -0.39604167 0.022045027 -0.14908283 0.24738065 0.30856931 -0.51332616 0.15266839 0.061755665
0.28209479 -0.21687245 0.13107968 -0.076671107 -0.45606635 0.3461168 -0.31484443 0.42790895 -0.14388745 -0.09904429 -0.24765163 0.34460543 0.22963666 -0.38385833 0.15259863 -0.28389718 0.56622728 -0.45063623 -0.050037132 0.26346118 -0.032740311 0.3273808 0.11391357 -0.42046992 0.044886114 0.21841412 -0.098039993 -0.030902407 -0.17882975 0.4899485 -0.6159638 0.21584752 0.34229701 -0.32167854 -0.094132374 0.12951032 -0.078214428 -0.45060609 0.15023022 0.2885637 -0.16590433 -0.037373137 -0.06704809 0.20041926 -0.14114494
0.28209479 -0.18227632 0.51475658 0.093662042 -0.16725455 -0.25088184 0.19180876 -0.29260369 -0.31985792 0.0082792863 -0.36264118 -0.0026901032 -0.44024666 0.40273443 0.062322443 -0.118863 -5.3233441e-16 0.58076403 -0.26732914 0.094366254 -0.4946237 0.011746361 0.16071298 0.12988401 0.367947 0.18870167 -0.37782006 0.038620931 0.044494468 0.15531737 -0.50799234 -9.0142013e-16 0.27981219 0.1942196 0.29006309 0.10932856 0.3607856 -0.035523001 0.3992376 -0.26732035 0.090916492 -0.63977568 0.16505672 0.21377602 -0.061241382
0.28209479 0.29492929 0.31813706 0.093662042 0.4378781 0.095828335 0.11854433 0.47344271 0.51754099 0.0051168803 -0.36264118 0.0070427815 0.16815926 -0.15383086 -0.16316228 -0.073461377 -1.215162e-16 0.35893191 0.43254764 -0.15268781 -0.30569426 0.011746361 -0.42075205 -0.049611275 -0.14054325 -0.49402739 -0.37782006 -0.10111091 -0.071993562 -0.25130878 -0.31395653 -2.0576755e-16 0.17293344 -0.31425392 -0.46933194 0.067568764 0.3607856 0.093000425 -0.15249519 0.10210729 -0.23802247 -0.63977568 -0.4321241 -0.081655173 0.023392126
0.28209479 -0.088747629 0.46468861 0.36926687 -0.15098648 -0.12215063 0.045469631 -0.12860753 -0.31244558 0.58769199 -0.040406503 -0.1909527 -0.43004445 0.17701308 0.014773979 -0.013719118 2.9705046e-17 0.25513324 -0.33194846 -0.39316147 0.14145135 -0.40906091 -0.045960329 -0.54114033 0.45688786 0.082897815 -0.080853369 0.0044576117 0.0025004145 0.016183022 -0.10533888 1.1336656e-16 0.56381404 -0.41345597 -0.16183877 -0.44702373 -0.31872294 0.14524682 -0.22275195 0.56907332 0.18319429 -0.3085694 0.034226676 0.022274019 -0.0034415253
0.28209479 0.14359668 0.28719335 0.36926687 0.39528774 0.04665739 0.028101777 0.20809136 0.50554757 0.36321362 -0.040406503 0.49992066 0.16426236 -0.067612982 -0.038678778 -0.0084788813 9.901682e-18 0.15768101 0.53710389 0.63614861 0.08742174 -0.40906091 0.1203257 0.20669721 -0.17451563 -0.2170293 -0.080853369 -0.011670179 -0.0040457556 -0.02618468 -0.065103007 3.7788853e-17 0.34845624 0.66898581 0.26186062 -0.27627586 -0.31872294 -0.3802611 0.085083674 -0.21736667 -0.47960887 -0.3085694 -0.089606601 -0.0085079183 0.0013145457
0.28209479 -0.020252925 0.25259723 0.57110301 -0.082073815 -0.02787576 0.0023680094 -0.015953793 -0.097493116 0.55043748 0.59411704 -0.17884798 -0.13418776 0.021958513 0.00076941288 -0.00016304939 8.4092792e-19 0.017766882 -0.06066036 -0.2237674 0.78943282 0.43540257 -0.25650227 -0.3079894 0.083491823 0.00577281 -0.0022888992 5.2977958e-05 6.7816595e-06 0.00010454883 -0.0016584561 4.516806e-18 0.061001914 -0.14334247 -0.37206943 0.88408292 0.15577609 -0.28725595 -0.51210964 0.19729399 0.019820723 -0.012294173 0.00053886507 0.00014389912 -9.3341536e-06
0.28209479 0.064218388 0.41563013 0.44154818 0.13504641 -0.088389028 -0.023808208 -0.083236545 0.25582787 0.66175311 0.14809975 0.21501662 -0.35211686 -0.11456528 0.0077357557 0.0051979741 -9.2744731e-18 -0.14971937 -0.25124249 0.41801551 0.46988172 -0.27512753 0.15267383 -0.57534899 -0.34580562 0.048646771 0.03786591 0.0016889242 -0.00068552385 0.0054841906 0.044552517 -4.0559254e-17 -0.39676102 -0.41589361 0.38051528 -0.064711586 -0.47403864 -0.021026069 -0.52373435 -0.57242844 0.12891547 0.16559572 0.01447599 -0.0075483408 -0.00094354263
0.28209479 0.032769921 0.15611367 0.57110301 0.21487204 0.010647593 0.0014635103 0.02581378 0.15774718 0.34018907 0.59411704 0.46823009 0.051255165 -0.0083874055 -0.0020143491 -0.00010077006 2.8030931e-19 0.010980537 0.098150524 0.36206325 0.48789632 0.43540257 0.67153167 0.11764148 -0.031891039 -0.015113413 -0.0022888992 -0.00013869809 -1.0972956e-05 -0.00016916356 -0.0010249823 1.505602e-18 0.037701256 0.231933 0.60202099 0.54639329 0.15577609 0.75204585 0.19560848 -0.075359599 -0.051891327 -0.012294173 -0.0014107671 -5.4964571e-05 3.5653294e-06
0.28209479 0.039689146 0.54406689 0.18003192 0.041731637 -0.25719705 -0.042816059 -0.4101107 0.091609377 0.22164154 -0.32925342 0.017000601 -0.59365503 -0.095877506 0.13542661 0.032746856 0.24884108 -0.16430116 -0.58899286 0.020831532 -0.48185079 -0.20481717 -0.036959466 -0.1349943 -0.13769737 0.51968232 0.10018934 -0.066208574 -0.021582602 -0.13537398 0.17489025 0.58693386 -0.17042398 -0.022500947 -0.079479442 -0.2828172 0.31378969 -0.021692966 0.51504958 -0.0052603716 0.53904873 0.23631353 -0.35359834 -0.080389552 0.030720993
0.28209479 0.23234431 0.4646886 0.18003192 0.28603289 -0.11722488 -0.11424068 0.035546248 0.53629063 0.18930448 -0.32925342 0.11652385 -0.27057519 -0.41966623 -0.08439578 -0.01242366 -0.24884108 -0.43838403 0.051050817 0.12194991 -0.41154971 -0.20481717 -0.25332395 -0.061527498 -0.60271632 -0.32385803 0.10018934 0.07281198 0.035886792 0.11828787 -0.066350708 -0.58693386 -0.45472079 0.0019502643 -0.46528076 -0.24155473 0.31378969 -0.1486858 0.23474851 -0.023025216 -0.33592688 0.23631353 0.38886498 0.10390657 -0.011032966
0.28209479 -0.027988854 0.47425072 -0.076671107 -0.016268073 -0.4074888 0.047837639 -0.57181188 -0.018569647 -0.35834561 -0.24765163 0.012292216 -0.27035488 0.059029343 0.34659042 -0.058339119 0.56622728 0.068469922 0.066864285 0.034001445 -0.11845556 0.3273808 0.0040633437 0.49502591 -0.0069025408 0.4960742 -0.098039993 -0.27955163 0.06171339 -0.51418015 -0.12657676 0.21584752 -0.052008799 0.42985689 -0.012148418 0.46857275 -0.078214428 -0.016073304 -0.17686842 -0.044375031 -0.37681106 -0.037373137 -0.60653539 0.12584192 0.21930214
0.28209479 0.23234431 0.46468859 -0.053875331 0.15098648 -0.3197945 -0.31165348 -0.33669888 0.18808718 -0.30312954 -0.27695013 -0.098492758 -0.2588798 -0.46342625 0.10126235 0.24617958 -1.3573427e-16 -0.51265832 -0.0070658936 -0.28486731 -0.19101206 0.3073502 -0.062063579 0.39208621 -0.0097253682 0.16657279 0.55417721 0.079988595 -0.11746625 0.29039254 0.60345109 -7.5577685e-17 0.29081339 0.28357238 0.041932132 0.4655749 0.00068593194 0.15127446 -0.057714629 0.3903039 -0.094490999 0.30856931 0.19607314 -0.39969104 -0.16167843
0.28209479 0.39619391 0.37411476 -0.076671107 0.29191873 -0.099301983 -0.16501927 0.23283983 0.26286111 -0.2826825 -0.24765163 -0.22057487 -0.065883469 -0.52558435 -0.3085158 -0.21151367 -0.56622728 -0.23619177 -0.027226907 -0.48130464 -0.093444185 0.3273808 -0.072913744 0.12063412 0.061458712 -0.44157807 -0.098039993 0.19187115 0.18949824 0.039207625 -0.4589153 -0.21584752 0.17940798 -0.17503625 0.17196593 0.36963567 -0.078214428 0.28842373 -0.043101516 0.39510556 0.33541655 -0.037373137 0.41629748 0.52790167 0.12646101
0.28209479 -7.595431e-17 6.6283653e-17 0.093662042 -0.5412471 0.31010701 -9.8794542e-17 1.8289137e-16 -1.3328438e-16 1.0660987e-18 -0.36264118 -0.0087053567 0.5441748 -0.49780713 0.20167966 -9.1833784e-17 2.3134806e-16 -2.9913293e-16 1.6709357e-16 3.9322297e-17 -6.3691203e-17 0.011746361 0.52007814 -0.16054546 -0.4548075 0.61065144 -0.37782006 0.12497996 -7.4163151e-17 2.2652192e-16 -3.9247585e-16 3.9174962e-16 -1.4412229e-16 -1.2139659e-16 1.2086892e-16 1.4077909e-17 0.3607856 -0.11495485 -0.49348481 0.33042613 0.29421195 -0.63977568 0.53413476 -0.26424169 0.075698511
0.28209479 -3.6981023e-17 5.9836551e-17 0.36926687 -0.48860252 0.15098648 -2.3419949e-17 8.0385891e-17 -1.3019567e-16 7.5675325e-17 -0.040406503 -0.61793592 0.53156417 -0.21880021 0.047809599 -1.0599417e-17 4.950841e-17 -1.3141095e-16 2.0748375e-16 -1.6382988e-16 1.8214263e-17 -0.40906091 -0.14873075 0.66888624 -0.56474445 0.26826296 -0.080853369 0.014425134 -4.167678e-18 2.3602056e-17 -8.1385018e-17 1.8894427e-16 -2.9040253e-16 2.5842986e-16 -6.7438006e-17 -5.7561898e-17 -0.31872294 0.47002857 0.27533655 -0.70341331 0.59282916 -0.3085694 0.11075985 -0.027532202 0.0042539592
0.28209479 -8.4393678e-18 3.2526184e-17 0.57110301 -0.26559644 0.034456334 -1.2196857e-18 9.9718878e-18 -4.0625256e-17 7.0878175e-17 0.59411704 -0.57876422 0.1658652 -0.027142214 0.0024898724 -1.2597227e-19 1.4015465e-18 -9.1511515e-18 3.7915641e-17 -9.3243587e-17 1.0165288e-16 0.43540257 -0.83005879 0.38069583 -0.10320157 0.018681206 -0.0022888992 0.00017144027 -1.1303635e-20 1.5247877e-19 -1.2813264e-18 7.52801e-18 -3.142013e-17 8.9595938e-17 -1.5504085e-16 1.1384069e-16 0.15577609 -0.92957979 0.63300233 -0.24386878 0.064141208 -0.012294173 0.001743804 -0.00017786909 1.1537648e-05
0.28209479 -0.10390753 0.25687355 0.44154818 -0.3535561 0.033761604 -0.014714282 0.13467956 -0.41393819 0.40898592 0.14809975 -0.56292082 0.13449667 0.043760041 -0.020252471 0.0032125247 -1.8548946e-17 -0.092531658 0.40651889 -0.6763633 0.29040288 -0.27512753 -0.39970527 0.21976376 0.13208599 -0.1273589 0.03786591 -0.0044216609 0.0011092009 -0.0088736069 0.027534969 -8.1118508e-17 -0.2452118 0.67292999 -0.61568665 -0.03999396 -0.47403864 0.055046963 0.20004872 0.21864821 -0.33750509 0.16559572 -0.037898634 0.0028832096 0.00036040121
0.28209479 -0.18328583 0.20781506 0.18003192 -0.50454258 0.18474809 -0.14202925 0.38814191 -0.42305522 0.084659536 -0.32925342 -0.20554016 0.42643037 -0.16349049 0.0011286315 -0.052848761 0.24884108 -0.54501911 0.55744172 -0.096200724 -0.18405062 -0.20481717 0.44684623 0.096968217 -0.2348018 0.0043309795 0.10018934 -0.051603685 -0.00059665473 0.062268059 -0.28224795 0.58693386 -0.56532971 0.021295617 0.36703877 -0.10802656 0.31378969 0.26227165 -0.36996702 -0.0089699946 0.0044923771 0.23631353 -0.27559841 0.14460734 -0.037539741
0.28209479 -0.25687355 0.41563012 0.18003192 -0.3535561 -0.041731638 0.044962844 0.2179161 -0.59290834 0.16931907 -0.32925342 -0.1440314 -0.096323799 0.36041067 -0.13472908 0.065409186 -0.24884108 0.17253917 0.31296679 -0.13482451 -0.36810125 -0.20481717 0.31312562 -0.021903569 0.51761467 -0.51700563 0.10018934 0.034315743 -0.02254801 -0.034622146 0.34932908 -0.58693386 0.17896899 0.011956086 0.51440176 -0.21605312 0.31378969 0.18378576 0.083569631 0.019774128 -0.53627228 0.23631353 0.18326916 -0.15359005 0.030019584
0.28209479 -0.21687245 0.13107968 -0.076671107 -0.45606635 0.3461168 -0.31484443 0.42790895 -0.14388745 -0.09904429 -0.24765163 0.34460543 0.22963666 -0.38385833 0.15259863 -0.28389718 0.56622728 -0.45063623 -0.050037132 0.26346118 -0.032740311 0.3273808 0.11391357 -0.42046992 0.044886114 0.21841412 -0.098039993 -0.030902407 -0.17882975 0.4899485 -0.6159638 0.21584752 0.34229701 -0.32167854 -0.094132374 0.12951032 -0.078214428 -0.45060609 0.15023022 0.2885637 -0.16590433 -0.037373137 -0.06704809 0.20041926 -0.14114494
0.28209479 -0.37594099 0.28719334 -0.053875331 -0.39528773 0.12215063 -0.19261244 0.54479024 -0.30433145 -0.18734436 -0.27695013 0.25785739 0.098883283 0.17701308 -0.26510829 0.15214735 -2.7146854e-16 -0.31684027 0.011432856 0.46092499 -0.11805194 0.3073502 0.16248456 -0.14976361 0.0037147601 -0.43609322 0.55417721 -0.20941286 0.19006439 -0.46986499 0.37295328 -1.5115537e-16 0.17973256 -0.45882976 -0.067847615 0.28774111 0.00068593194 -0.39604167 0.022045027 -0.14908283 0.24738065 0.30856931 -0.51332616 0.15266839 0.061755665
0.28209479 -0.37889585 0.39323903 -0.076671107 -0.26559643 -0.15253995 0.2424222 0.12055935 -0.25138444 -0.29713287 -0.24765163 0.20068565 -0.10120504 0.56206649 -0.25227928 0.11711899 -0.56622728 0.34697843 -0.014097494 0.4602906 -0.098220932 0.3273808 0.066339115 0.18530872 -0.065724717 -0.36108685 -0.098039993 0.2604529 -0.22763922 0.27857318 0.25410981 -0.21584752 -0.26355998 -0.090629922 -0.1644578 0.38853097 -0.078214428 -0.26241658 -0.066209181 -0.42253084 0.27427654 -0.037373137 0.56509739 -0.45012709 0.0090751661
0.28209479 0.18227632 -0.51475658 0.093662042 -0.16725455 -0.25088184 -0.19180876 0.29260369 0.31985792 -0.0082792863 -0.36264118 -0.0026901032 -0.44024666 0.40273443 0.062322443 0.118863 3.2388729e-16 -0.58076403 0.26732914 -0.094366254 0.4946237 0.011746361 0.16071298 0.12988401 0.367947 0.18870167 -0.37782006 0.038620931 -0.044494468 -0.15531737 0.50799234 5.4844947e-16 -0.27981219 -0.1942196 -0.29006309 -0.10932856 0.3607856 -0.035523001 0.3992376 -0.26732035 0.090916492 -0.63977568 0.16505672 0.21377602 -0.061241382
0.28209479 0.088747629 -0.46468861 0.36926687 -0.15098648 -0.12215063 -0.045469631 0.12860753 0.31244558 -0.58769199 -0.040406503 -0.1909527 -0.43004445 0.17701308 0.014773979 0.013719118 6.9311774e-17 -0.25513324 0.33194846 0.39316147 -0.14145135 -0.40906091 -0.045960329 -0.54114033 0.45688786 0.082897815 -0.080853369 0.0044576117 -0.0025004145 -0.016183022 0.10533888 2.6452197e-16 -0.56381404 0.41345597 0.16183877 0.44702373 -0.31872294 0.14524682 -0.22275195 0.56907332 0.18319429 -0.3085694 0.034226676 0.022274019 -0.0034415253
0.28209479 0.020252925 -0.25259723 0.57110301 -0.082073815 -0.02787576 -0.0023680094 0.015953793 0.097493116 -0.55043748 0.59411704 -0.17884798 -0.13418776 0.021958513 0.00076941288 0.00016304939 1.9621652e-18 -0.017766882 0.06066036 0.2237674 -0.78943282 0.43540257 -0.25650227 -0.3079894 0.083491823 0.00577281 -0.0022888992 5.2977958e-05 -6.7816595e-06 -0.00010454883 0.0016584561 1.0539214e-17 -0.061001914 0.14334247 0.37206943 -0.88408292 0.15577609 -0.28725595 -0.51210964 0.19729399 0.019820723 -0.012294173 0.00053886507 0.00014389912 -9.3341536e-06
0.28209479 0.10390753 -0.25687355 0.44154818 -0.3535561 0.033761604 0.014714282 -0.13467956 0.41393819 -0.40898592 0.14809975 -0.56292082 0.13449667 0.043760041 -0.020252471 -0.0032125247 -2.7823419e-17 0.092531658 -0.40651889 0.6763633 -0.29040288 -0.27512753 -0.39970527 0.21976376 0.13208599 -0.1273589 0.03786591 -0.0044216609 -0.0011092009 0.0088736069 -0.027534969 -1.2167776e-16 0.2452118 -0.67292999 0.61568665 0.03999396 -0.47403864 0.055046963 0.20004872 0.21864821 -0.33750509 0.16559572 -0.037898634 0.0028832096 0.00036040121
0.28209479 0.25687355 -0.41563012 0.18003192 -0.3535561 -0.041731638 -0.044962844 -0.2179161 0.59290834 -0.16931907 -0.32925342 -0.1440314 -0.096323799 0.36041067 -0.13472908 -0.065409186 0.24884108 -0.17253917 -0.31296679 0.13482451 0.36810125 -0.20481717 0.31312562 -0.021903569 0.51761467 -0.51700563 0.10018934 0.034315743 0.02254801 0.034622146 -0.34932908 0.58693386 -0.17896899 -0.011956086 -0.51440176 0.21605312 0.31378969 0.18378576 0.083569631 0.019774128 -0.53627228 0.23631353 0.18326916 -0.15359005 0.030019584
0.28209479 0.18328583 -0.20781506 0.18003192 -0.50454258 0.18474809 0.14202925 -0.38814191 0.42305522 -0.084659536 -0.32925342 -0.20554016 0.42643037 -0.16349049 0.0011286315 0.052848761 -0.24884108 0.54501911 -0.55744172 0.096200724 0.18405062 -0.20481717 0.44684623 0.096968217 -0.2348018 0.0043309795 0.10018934 -0.051603685 0.00059665473 -0.062268059 0.28224795 -0.58693386 0.56532971 -0.021295617 -0.36703877 0.10802656 0.31378969 0.26227165 -0.36996702 -0.0089699946 0.0044923771 0.23631353 -0.27559841 0.14460734 -0.037539741
0.28209479 0.37889585 -0.39323903 -0.076671107 -0.26559643 -0.15253995 -0.2424222 -0.12055935 0.25138444 0.29713287 -0.24765163 0.20068565 -0.10120504 0.56206649 -0.25227928 -0.11711899 0.56622728 -0.34697843 0.014097494 -0.4602906 0.098220932 0.3273808 0.066339115 0.18530872 -0.065724717 -0.36108685 -0.098039993 0.2604529 0.22763922 -0.27857318 -0.25410981 0.21584752 0.26355998 0.090629922 0.1644578 -0.38853097 -0.078214428 -0.26241658 -0.066209181 -0.42253084 0.27427654 -0.037373137 0.56509739 -0.45012709 0.0090751661
0.28209479 0.37594099 -0.28719334 -0.053875331 -0.39528773 0.12215063 0.19261244 -0.54479024 0.30433145 0.18734436 -0.27695013 0.25785739 0.098883283 0.17701308 -0.26510829 -0.15214735 -2.3760358e-15 0.31684027 -0.011432856 -0.46092499 0.11805194 0.3073502 0.16248456 -0.14976361 0.0037147601 -0.43609322 0.55417721 -0.20941286 -0.19006439 0.46986499 -0.37295328 -1.3229915e-15 -0.17973256 0.45882976 0.067847615 -0.28774111 0.00068593194 -0.39604167 0.022045027 -0.14908283 0.24738065 0.30856931 -0.51332616 0.15266839 0.061755665
0.28209479 0.21687245 -0.13107968 -0.076671107 -0.45606635 0.3461168 0.31484443 -0.42790895 0.14388745 0.09904429 -0.24765163 0.34460543 0.22963666 -0.38385833 0.15259863 0.28389718 -0.56622728 0.45063623 0.050037132 -0.26346118 0.032740311 0.3273808 0.11391357 -0.42046992 0.044886114 0.21841412 -0.098039993 -0.030902407 0.17882975 -0.4899485 0.6159638 -0.21584752 -0.34229701 0.32167854 0.094132374 -0.12951032 -0.078214428 -0.45060609 0.15023022 0.2885637 -0.16590433 -0.037373137 -0.06704809 0.20041926 -0.14114494
0.28209479 -0.29492929 -0.31813706 0.093662042 0.4378781 0.095828335 -0.11854433 -0.47344271 -0.51754099 -0.0051168803 -0.36264118 0.0070427815 0.16815926 -0.15383086 -0.16316228 0.073461377 4.1642651e-16 -0.35893191 -0.43254764 0.15268781 0.30569426 0.011746361 -0.42075205 -0.049611275 -0.14054325 -0.49402739 -0.37782006 -0.10111091 0.071993562 0.25130878 0.31395653 7.0514931e-16 -0.17293344 0.31425392 0.46933194 -0.067568764 0.3607856 0.093000425 -0.15249519 0.10210729 -0.23802247 -0.63977568 -0.4321241 -0.081655173 0.023392126
0.28209479 -0.14359668 -0.28719335 0.36926687 0.39528774 0.04665739 -0.028101777 -0.20809136 -0.50554757 -0.36321362 -0.040406503 0.49992066 0.16426236 -0.067612982 -0.038678778 0.0084788813 8.9115138e-17 -0.15768101 -0.53710389 -0.63614861 -0.08742174 -0.40906091 0.1203257 0.20669721 -0.17451563 -0.2170293 -0.080853369 -0.011670179 0.0040457556 0.02618468 0.065103007 3.4009968e-16 -0.34845624 -0.66898581 -0.26186062 0.27627586 -0.31872294 -0.3802611 0.085083674 -0.21736667 -0.47960887 -0.3085694 -0.089606601 -0.0085079183 0.0013145457
0.28209479 -0.032769921 -0.15611367 0.57110301 0.21487204 0.010647593 -0.0014635103 -0.02581378 -0.15774718 -0.34018907 0.59411704 0.46823009 0.051255165 -0.0083874055 -0.0020143491 0.00010077006 2.5227838e-18 -0.010980537 -0.098150524 -0.36206325 -0.48789632 0.43540257 0.67153167 0.11764148 -0.031891039 -0.015113413 -0.0022888992 -0.00013869809 1.0972956e-05 0.00016916356 0.0010249823 1.3550418e-17 -0.037701256 -0.231933 -0.60202099 -0.54639329 0.15577609 0.75204585 0.19560848 -0.075359599 -0.051891327 -0.012294173 -0.0014107671 -5.4964571e-05 3.5653294e-06
0.28209479 -0.064218388 -0.41563013 0.44154818 0.13504641 -0.088389028 0.023808208 0.083236545 -0.25582787 -0.66175311 0.14809975 0.21501662 -0.35211686 -0.11456528 0.0077357557 -0.0051979741 -3.7097892e-17 0.14971937 0.25124249 -0.41801551 -0.46988172 -0.27512753 0.15267383 -0.57534899 -0.34580562 0.048646771 0.03786591 0.0016889242 0.00068552385 -0.0054841906 -0.044552517 -1.6223702e-16 0.39676102 0.41589361 -0.38051528 0.064711586 -0.47403864 -0.021026069 -0.52373435 -0.57242844 0.12891547 0.16559572 0.01447599 -0.0075483408 -0.00094354263
0.28209479 -0.23234431 -0.4646886 0.18003192 0.28603289 -0.11722488 0.11424068 -0.035546248 -0.53629063 -0.18930448 -0.32925342 0.11652385 -0.27057519 -0.41966623 -0.08439578 0.01242366 0.24884108 0.43838403 -0.051050817 -0.12194991 0.41154971 -0.20481717 -0.25332395 -0.061527498 -0.60271632 -0.32385803 0.10018934 0.07281198 -0.035886792 -0.11828787 0.066350708 0.58693386 0.45472079 -0.0019502643 0.46528076 0.24155473 0.31378969 -0.1486858 0.23474851 -0.023025216 -0.33592688 0.23631353 0.38886498 0.10390657 -0.011032966
0.28209479 -0.039689146 -0.54406689 0.18003192 0.041731637 -0.25719705 0.042816059 0.4101107 -0.091609377 -0.22164154 -0.32925342 0.017000601 -0.59365503 -0.095877506 0.13542661 -0.032746856 -0.24884108 0.16430116 0.58899286 -0.020831532 0.48185079 -0.20481717 -0.036959466 -0.1349943 -0.13769737 0.51968232 0.10018934 -0.066208574 0.021582602 0.13537398 -0.17489025 -0.58693386 0.17042398 0.022500947 0.079479442 0.2828172 0.31378969 -0.021692966 0.51504958 -0.0052603716 0.53904873 0.23631353 -0.35359834 -0.080389552 0.030720993
0.28209479 -0.39619391 -0.37411476 -0.076671107 0.29191873 -0.099301983 0.16501927 -0.23283983 -0.26286111 0.2826825 -0.24765163 -0.22057487 -0.065883469 -0.52558435 -0.3085158 0.21151367 0.56622728 0.23619177 0.027226907 0.48130464 0.093444185 0.3273808 -0.072913744 0.12063412 0.061458712 -0.44157807 -0.098039993 0.19187115 -0.18949824 -0.039207625 0.4589153 0.21584752 -0.17940798 0.17503625 -0.17196593 -0.36963567 -0.078214428 0.28842373 -0.043101516 0.39510556 0.33541655 -0.037373137 0.41629748 0.52790167 0.12646101
0.28209479 -0.23234431 -0.46468859 -0.053875331 0.15098648 -0.3197945 0.31165348 0.33669888 -0.18808718 0.30312954 -0.27695013 -0.098492758 -0.2588798 -0.46342625 0.10126235 -0.24617958 -5.4293708e-16 0.51265832 0.0070658936 0.28486731 0.19101206 0.3073502 -0.062063579 0.39208621 -0.0097253682 0.16657279 0.55417721 0.079988595 0.11746625 -0.29039254 -0.60345109 -3.0231074e-16 -0.29081339 -0.28357238 -0.041932132 -0.4655749 0.00068593194 0.15127446 -0.057714629 0.3903039 -0.094490999 0.30856931 0.19607314 -0.39969104 -0.16167843
0.28209479 0.027988854 -0.47425072 -0.076671107 -0.016268073 -0.4074888 -0.047837639 0.57181188 0.018569647 0.35834561 -0.24765163 0.012292216 -0.27035488 0.059029343 0.34659042 0.058339119 -0.56622728 -0.068469922 -0.066864285 -0.034001445 0.11845556 0.3273808 0.0040633437 0.49502591 -0.0069025408 0.4960742 -0.098039993 -0.27955163 -0.06171339 0.51418015 0.12657676 -0.21584752 0.052008799 -0.42985689 0.012148418 -0.46857275 -0.078214428 -0.016073304 -0.17686842 -0.044375031 -0.37681106 -0.037373137 -0.60653539 0.12584192 0.21930214
0.28209479 -5.351944e-17 -1.0703888e-16 0.44154818 0.43701938 0.10925485 -2.4525689e-17 -1.0405368e-16 -2.1320629e-16 -1.7042391e-16 0.14809975 0.6958084 0.43524037 0.14161047 0.025033431 -8.0319295e-18 -4.6372365e-17 -1.5423129e-16 -3.1407727e-16 -3.4837305e-16 -1.2101051e-16 -0.27512753 0.49406288 0.71117046 0.42743926 0.15742426 0.03786591 0.0054654734 -2.2852553e-18 -1.5996786e-17 -6.8842719e-17 -2.0279627e-16 -4.0871777e-16 -5.1990699e-16 -3.1712045e-16 1.6665432e-17 -0.47403864 -0.068041788 0.64737126 0.70756046 0.41717923 0.16559572 0.046845288 0.0093302624 0.0011662828
0.28209479 0.11906744 0.12843677 0.18003192 0.53033415 0.23140548 0.11556747 0.27543114 0.27482813 0.052322471 -0.32925342 0.21604711 0.53412365 0.31862355 0.082569615 0.073087431 0.24884108 0.44347541 0.39556875 0.062494596 -0.11374954 -0.20481717 -0.46968844 0.12145715 0.45760083 0.31685036 0.10018934 0.010684536 0.035518039 0.15677165 0.39033607 0.58693386 0.4600019 0.015111679 -0.23843833 -0.066764085 0.31378969 -0.27567864 -0.46340071 0.017481455 0.32865806 0.23631353 0.057062614 -0.014534316 -0.01216787
0.28209479 -0.11906744 -0.12843677 0.18003192 0.53033415 0.23140548 -0.11556747 -0.27543114 -0.27482813 -0.052322471 -0.32925342 0.21604711 0.53412365 0.31862355 0.082569615 -0.073087431 -0.24884108 -0.44347541 -0.39556875 -0.062494596 0.11374954 -0.20481717 -0.46968844 0.12145715 0.45760083 0.31685036 0.10018934 0.010684536 -0.035518039 -0.15677165 -0.39033607 -0.58693386 -0.4600019 -0.015111679 0.23843833 0.066764085 0.31378969 -0.27567864 -0.46340071 0.017481455 0.32865806 0.23631353 0.057062614 -0.014534316 -0.01216787
0.28209479 0.26215937 0.16202339 -0.076671107 0.44601213 0.31321393 0.34440972 0.49730211 0.17393377 -0.12242547 -0.24765163 -0.33700842 0.20780673 0.28834685 0.06160603 0.24784162 0.56622728 0.49295297 -0.058151555 -0.31847668 -0.04046925 0.3273808 -0.11140229 -0.38049883 -0.033717568 0.088176593 -0.098039993 -0.14187 0.078975382 0.34201245 0.53773506 0.21584752 -0.37444021 -0.37384452 0.11378893 0.16008356 -0.078214428 0.44067225 0.1359489 -0.21676339 -0.066977713 -0.037373137 -0.30781139 -0.40403576 -0.21369338
0.28209479 0 0 -0.053875331 0.4886025 0.39528775 0 0 0 0 -0.27695013 -0.31872926 0.31999303 0.57282635 0.32769186 0 0 0 0 0 0 0.3073502 -0.20084196 -0.48464521 0.012021216 0.53904086 0.55417721 0.25884853 0 0 0 0 0 0 0 0 0.00068593194 0.48953442 0.071339204 -0.48244216 -0.3057793 0.30856931 0.63450602 0.49404529 0.19984553
0.28209479 -0.26215937 -0.16202339 -0.076671107 0.44601213 0.31321393 -0.34440972 -0.49730211 -0.17393377 0.12242547 -0.24765163 -0.33700842 0.20780673 0.28834685 0.06160603 -0.24784162 -0.56622728 -0.49295297 0.058151555 0.31847668 0.04046925 0.3273808 -0.11140229 -0.38049883 -0.033717568 0.088176593 -0.098039993 -0.14187 -0.078975382 -0.34201245 -0.53773506 -0.21584752 0.37444021 0.37384452 -0.11378893 -0.16008356 -0.078214428 0.44067225 0.1359489 -0.21676339 -0.066977713 -0.037373137 -0.30781139 -0.40403576 -0.21369338
0.28209479 0.41644683 0.12151754 -0.25571145 0.23616721 0.29753922 0.51972395 0.39893291 -0.2014156 -0.19038626 0.13191373 -0.37001236 -0.14390562 0.058319373 -0.1780485 0.16084644 0.34994768 -0.12829117 -0.47878757 -0.0014266928 0.20989415 0.027184687 0.4079256 -0.0010193308 -0.0699932 0.043950351 -0.36413536 -0.53837704 -0.34443253 -0.10717163 -0.0067518954 -0.34924875 -0.15151158 0.42181974 0.19071733 -0.17608754 -0.18006647 -0.34222305 0.13626202 0.061665162 0.051905266 0.36340809 0.022599602 -0.57302528 -0.44370131
0.28209479 0.32109193 -2.067302e-17 -0.31539157 -6.3625012e-17 0.44194512 0.59520515 -8.7688745e-17 -0.27807377 3.7978762e-17 0.31735664 1.1688661e-16 -0.3827357 -6.3709602e-17 0.19339388 0.6497467 -1.4491363e-16 -0.47986974 1.3690401e-16 0.27073543 -5.5121323e-17 -0.31784601 -1.6964599e-16 0.37263536 9.9466584e-17 -0.15591913 -8.8734006e-33 -0.2111155 0.42845234 -1.4443829e-16 -0.50627855 2.112461e-16 0.45500115 -1.8357786e-16 -0.26811957 7.2214111e-17 0.31803697 2.2225218e-16 -0.36903493 -1.3337712e-16 0.14783884 1.2935093e-32 0.16449987 1.0494056e-16 -0.58971406
0.28209479 0.15428747 -0.040505847 -0.25571145 -0.2624895 0.48800915 0.31581122 -0.17874207 -0.074621536 0.063462086 0.13191373 0.41125252 -0.2360269 -0.36138607 0.44953034 0.44657759 -0.34994768 -0.077956365 0.21452099 -0.00052856885 -0.069964716 0.027184687 -0.45339142 -0.001671856 0.43372495 -0.11096424 -0.36413536 0.34101301 0.52842052 -0.51186157 -0.018746111 0.34924875 -0.092066293 -0.18899652 0.070657985 0.058695848 -0.18006647 0.38036593 0.22349024 -0.38211883 -0.13104851 0.36340809 -0.014314797 -0.27900083 0.19046356
0.28209479 0.40047022 -0.12843677 -0.24311026 -0.26024131 0.30689871 0.51550662 -0.42600743 -0.16135597 0.19389452 0.096525224 0.39287322 -0.12365449 -0.084327824 -0.1388125 0.20506448 -0.40263329 -0.06636322 0.47880271 -0.061621194 -0.19867869 0.081747202 -0.40256699 -0.047223149 0.094778607 0.017869886 0.35420154 -0.49767635 -0.26635197 0.041225867 0.023312293 0.36274508 -0.23916014 -0.36904247 0.25086591 0.14243493 -0.23578879 0.2886047 0.19225006 -0.073051656 0.064399591 -0.31911139 -0.056577215 0.60881126 -0.45871355
0.28209479 0.51953765 -3.932242e-17 -0.31539157 -5.4122668e-17 0.16880802 0.36785702 -1.030843e-16 -0.4499328 7.2239899e-17 0.31735664 9.942969e-17 -0.14619203 3.349412e-17 -0.50631175 -0.40156554 -1.7746801e-32 -0.29657581 1.6094031e-16 0.43805913 -1.0484699e-16 -0.31784601 -1.443095e-16 0.14233404 -5.2292678e-17 0.40820158 1.4491363e-16 -0.55270755 -0.69325045 1.6979739e-16 0.31289735 2.5870186e-32 0.28120618 -2.1580871e-16 -0.43382658 1.373594e-16 0.31803697 1.89059e-16 -0.1409588 7.0120502e-17 -0.3870471 -2.112461e-16 0.43066625 5.5170516e-17 0.22525073
0.28209479 0.50437775 -0.20781505 -0.24311026 -0.20256961 -0.012895785 -0.027281777 -0.2950806 -0.203222 0.31372793 0.096525224 0.30580915 0.0051959216 0.31862353 -0.53317135 -0.53668675 0.40263329 0.0035120918 0.33165006 -0.077609664 -0.32146887 0.081747202 -0.3133547 0.0019843015 -0.35811068 0.068637272 0.35420154 0.041237458 0.054141785 0.3912027 -0.061012024 -0.36274508 0.012656896 -0.25562294 0.31595653 0.23046456 -0.23578879 0.22464743 -0.0080782855 0.27601775 0.24735537 -0.31911139 0.0046879875 -0.4683067 0.52766482
0.28209479 0.51180173 0.18705738 -0.25571145 0.18854973 0.0040670184 0.0087306552 0.28846424 -0.24753424 -0.29307007 0.13191373 -0.2954082 -0.0019670241 -0.28166825 -0.54930686 -0.56173128 -0.34994768 -0.002155117 -0.34620631 -0.0017533663 0.32309944 0.027184687 0.32567714 -1.3933078e-05 0.33804996 0.13559355 -0.36413536 -0.013393602 -0.017850689 -0.42351948 0.023579949 0.34924875 -0.0025451884 0.30501346 0.23438637 -0.27105942 -0.18006647 -0.27322195 0.0018625449 -0.29782759 0.16013569 0.36340809 0.00056222694 0.40059329 0.56141426
0.28209479 0.51953765 -5.4122668e-17 -0.31539157 -3.932242e-17 -0.16880802 -0.36785702 -3.349412e-17 -0.4499328 9.942969e-17 0.31735664 7.2239899e-17 0.14619203 1.030843e-16 -0.50631175 -0.40156554 1.4491363e-16 0.29657581 5.2292678e-17 0.43805913 -1.443095e-16 -0.31784601 -1.0484699e-16 -0.14233404 -1.6094031e-16 0.40820158 2.6620202e-32 0.55270755 0.69325045 -5.5170516e-17 0.31289735 -2.112461e-16 -0.28120618 -7.0120502e-17 -0.43382658 1.89059e-16 0.31803697 1.373594e-16 0.1409588 2.1580871e-16 -0.3870471 -3.8805279e-32 -0.43066625 -1.6979739e-16 0.22525073
0.28209479 0.41166576 -0.23712536 -0.25571145 -0.11963707 -0.30411979 -0.52511979 0.06781203 -0.19910322 0.37151352 0.13191373 0.18744005 0.14708833 0.39742942 -0.16144181 0.18632258 0.34994768 0.1296231 -0.081386008 -0.0014103135 -0.40958058 0.027184687 -0.20664605 0.001041875 -0.47698313 0.039851074 -0.36413536 0.53009934 0.31554951 -0.57809728 -0.0078213146 -0.34924875 0.15308459 0.071702414 0.18852778 0.34361148 -0.18006647 0.1733626 -0.13927568 0.42022999 0.04706403 0.36340809 -0.022252126 -0.075148272 -0.46468605
0.28209479 -0.1620234 0.26215935 -0.25571145 -0.042590368 -0.48549559 0.32993772 -0.35702277 0.078363038 -0.41073525 0.13191373 0.066727987 0.23481121 0.18730552 0.43926683 -0.46232271 0.34994768 -0.081443418 0.42848825 0.00055507114 0.45282115 0.027184687 -0.073565256 0.0016632449 -0.22479859 -0.10843074 -0.36413536 -0.31934171 0.53945286 -0.25011214 0.019407048 -0.34924875 -0.096184495 -0.37750521 -0.074200756 -0.37988751 -0.18006647 0.061716467 -0.22233912 0.19805126 -0.12805647 0.36340809 0.013405095 0.52658109 0.15650953
0.28209479 6.6899297e-17 -6.6899297e-17 -0.31539157 -4.0964005e-33 -0.54627422 -1.5328555e-16 1.0838925e-16 -5.7936491e-17 1.2290186e-16 0.31735664 7.5255682e-33 0.47308735 1.9910782e-32 0.62583574 2.5099777e-16 -1.4491363e-16 1.2358276e-16 -1.6922266e-16 5.6407554e-17 -1.7837635e-16 -0.31784601 -1.0922401e-32 -0.46060263 -3.1085698e-32 -0.5045649 -4.4367003e-32 -0.68318411 -3.5707108e-16 1.7853554e-16 -1.9557589e-16 2.112461e-16 -1.1717825e-16 2.2691471e-16 -5.586254e-17 2.3368977e-16 0.31803697 1.4309372e-32 0.45615226 4.1683556e-32 0.47841652 6.4675465e-32 0.53233277 7.6525042e-32 0.72892666
0.28209479 0.1620234 -0.26215935 -0.25571145 -0.042590368 -0.48549559 -0.32993772 0.35702277 -0.078363038 0.41073525 0.13191373 0.066727987 0.23481121 0.18730552 0.43926683 0.46232271 -0.34994768 0.081443418 -0.42848825 -0.00055507114 -0.45282115 0.027184687 -0.073565256 0.0016632449 -0.22479859 -0.10843074 -0.36413536 -0.31934171 -0.53945286 0.25011214 -0.019407048 0.34924875 0.096184495 0.37750521 0.074200756 0.37988751 -0.18006647 0.061716467 -0.22233912 0.19805126 -0.12805647 0.36340809 0.013405095 0.52658109 0.15650953
0.28209479 -0.14359668 -0.28719334 -0.24311026 0.041731635 -0.48367676 0.29131883 0.3942139 0.057857437 0.43356134 0.096525224 -0.06300015 0.19488124 -0.18217824 0.44738051 -0.40994993 -0.40263329 -0.037502634 -0.443069 0.022095522 -0.44425905 0.081747202 0.064554619 0.074424359 0.20475567 -0.057593075 0.35420154 -0.34881836 0.48510833 0.32449785 -0.046604234 0.36274508 -0.1351522 0.34150031 -0.089953031 0.31849419 -0.23578879 -0.046279915 -0.30298885 -0.15781769 -0.20755424 -0.31911139 -0.039654629 -0.51677061 0.21454929
0.28209479 -0.32109193 -6.3625012e-17 -0.31539157 2.067302e-17 -0.44194512 0.59520515 6.3709602e-17 0.27807377 1.1688661e-16 0.31735664 -3.7978762e-17 0.3827357 -8.7688745e-17 0.19339388 -0.6497467 2.0417791e-31 -0.47986974 -9.9466584e-17 -0.27073543 -1.6964599e-16 -0.31784601 5.5121323e-17 -0.37263536 1.3690401e-16 -0.15591913 1.4491363e-16 0.2111155 0.42845234 -1.0494056e-16 0.50627855 -2.976379e-31 0.45500115 1.3337712e-16 0.26811957 2.2225218e-16 0.31803697 -7.2214111e-17 0.36903493 -1.8357786e-16 0.14783884 -2.112461e-16 -0.16449987 -1.4443829e-16 -0.58971406
0.28209479 -0.41563012 -0.25687353 -0.24311026 0.13504641 -0.28603289 0.49864555 0.05144301 0.16746414 0.38778905 0.096525224 -0.20387277 0.11524731 -0.43121587 -0.19070552 -0.12662617 0.40263329 -0.064192628 -0.057818364 0.06395388 -0.39735738 0.081747202 0.20890314 0.044012482 0.48465664 0.024550281 0.35420154 0.5231625 -0.35395522 -0.59175341 -0.014395211 -0.36274508 -0.23133774 0.044564141 -0.2603625 0.28486987 -0.23578879 -0.14976495 -0.17917912 -0.37355445 0.088474437 -0.31911139 0.059474551 0.1489249 -0.39506606
0.28209479 -0.41166576 0.23712536 -0.25571145 -0.11963707 -0.30411979 0.52511979 -0.06781203 0.19910322 -0.37151352 0.13191373 0.18744005 0.14708833 0.39742942 -0.16144181 -0.18632258 -0.34994768 -0.1296231 0.081386008 0.0014103135 0.40958058 0.027184687 -0.20664605 0.001041875 -0.47698313 0.039851074 -0.36413536 0.53009934 -0.31554951 0.57809728 0.0078213146 0.34924875 -0.15308459 -0.071702414 -0.18852778 -0.34361148 -0.18006647 0.1733626 -0.13927568 0.42022999 0.04706403 0.36340809 -0.022252126 -0.075148272 -0.46468605
0.28209479 -0.51953765 -5.4122668e-17 -0.31539157 3.932242e-17 -0.16880802 0.36785702 -3.349412e-17 0.4499328 9.942969e-17 0.31735664 -7.2239899e-17 0.14619203 -1.030843e-16 -0.50631175 0.40156554 1.4491363e-16 -0.29657581 5.2292678e-17 -0.43805913 -1.443095e-16 -0.31784601 1.0484699e-16 -0.14233404 1.6094031e-16 0.40820158 6.2113804e-32 0.55270755 -0.69325045 -5.5170516e-17 -0.31289735 -2.112461e-16 0.28120618 -7.0120502e-17 0.43382658 1.89059e-16 0.31803697 -1.373594e-16 0.1409588 -2.1580871e-16 -0.3870471 -9.0545651e-32 -0.43066625 1.6979739e-16 0.22525073
0.28209479 -0.51180173 -0.18705738 -0.25571145 0.18854973 0.0040670184 -0.0087306552 -0.28846424 0.24753424 0.29307007 0.13191373 -0.2954082 -0.0019670241 -0.28166825 -0.54930686 0.56173128 0.34994768 0.002155117 0.34620631 0.0017533663 -0.32309944 0.027184687 0.32567714 -1.3933078e-05 0.33804996 0.13559355 -0.36413536 -0.013393602 0.017850689 0.42351948 -0.023579949 -0.34924875 0.0025451884 -0.30501346 -0.23438637 0.27105942 -0.18006647 -0.27322195 0.0018625449 -0.29782759 0.16013569 0.36340809 0.00056222694 0.40059329 0.56141426
0.28209479 -0.15428747 0.040505847 -0.25571145 -0.2624895 0.48800915 -0.31581122 0.17874207 0.074621536 -0.063462086 0.13191373 0.41125252 -0.2360269 -0.36138607 0.44953034 -0.44657759 0.34994768 0.077956365 -0.21452099 0.00052856885 0.069964716 0.027184687 -0.45339142 -0.001671856 0.43372495 -0.11096424 -0.36413536 0.34101301 -0.52842052 0.51186157 0.018746111 -0.34924875 0.092066293 0.18899652 -0.070657985 -0.058695848 -0.18006647 0.38036593 0.22349024 -0.38211883 -0.13104851 0.36340809 -0.014314797 -0.27900083 0.19046356
0.28209479 -0.32109193 -2.067302e-17 -0.31539157 6.3625012e-17 0.44194512 -0.59520515 -8.7688745e-17 0.27807377 3.7978762e-17 0.31735664 -1.1688661e-16 -0.3827357 6.3709602e-17 0.19339388 -0.6497467 -1.4491363e-16 0.47986974 1.3690401e-16 -0.27073543 -5.5121323e-17 -0.31784601 1.6964599e-16 0.37263536 -9.9466584e-17 -0.15591913 -7.9860605e-32 -0.2111155 -0.42845234 -1.4443829e-16 0.50627855 2.112461e-16 -0.45500115 -1.8357786e-16 0.26811957 7.2214111e-17 0.31803697 -2.2225218e-16 -0.36903493 1.3337712e-16 0.14783884 1.1641584e-31 0.16449987 -1.0494056e-16 -0.58971406
0.28209479 -0.41644683 -0.12151754 -0.25571145 0.23616721 0.29753922 -0.51972395 -0.39893291 0.2014156 0.19038626 0.13191373 -0.37001236 -0.14390562 0.058319373 -0.1780485 -0.16084644 -0.34994768 0.12829117 0.47878757 0.0014266928 -0.20989415 0.027184687 0.4079256 -0.0010193308 -0.0699932 0.043950351 -0.36413536 -0.53837704 0.34443253 0.10717163 0.0067518954 0.34924875 0.15151158 -0.42181974 -0.19071733 0.17608754 -0.18006647 -0.34222305 0.13626202 0.061665162 0.051905266 0.36340809 0.022599602 -0.57302528 -0.44370131
0.28209479 -0.16812592 -0.049058479 -0.24311026 0.28603288 0.47570673 -0.33546168 -0.21184406 0.067740668 0.074061118 0.096525224 -0.43180945 -0.19166998 0.37909841 0.41530885 -0.45842747 -0.40263329 0.043185318 0.23809799 0.025869888 -0.075888506 0.081747202 0.44246394 -0.073197994 -0.42608024 -0.053464363 0.35420154 0.28209475 -0.5185698 -0.56627442 -0.052115294 0.36274508 0.15563148 -0.18351665 -0.10531884 0.054405303 -0.23578879 -0.31720726 0.29799619 0.32840604 -0.19267516 -0.31911139 0.032069306 0.22734115 0.1115655
0.28209479 -1.3379859e-16 -8.192801e-33 -0.31539157 6.6899297e-17 0.54627422 -3.0657109e-16 -3.9821564e-32 1.1587298e-16 1.5051136e-32 0.31735664 -1.2290186e-16 -0.47308735 1.0838925e-16 0.62583574 -5.0199554e-16 -8.8734006e-32 2.4716552e-16 6.2171397e-32 -1.1281511e-16 -2.1844802e-32 -0.31784601 1.7837635e-16 0.46060263 -1.6922266e-16 -0.5045649 1.4491363e-16 0.68318411 -7.1414216e-16 -1.5305008e-31 3.9115177e-16 1.2935093e-31 -2.3435651e-16 -8.3367113e-32 1.1172508e-16 2.8618743e-32 0.31803697 -2.3368977e-16 -0.45615226 2.2691471e-16 0.47841652 -2.112461e-16 -0.53233277 1.7853554e-16 0.72892666
0.28209479 0.16812592 0.049058479 -0.24311026 0.28603288 0.47570673 0.33546168 0.21184406 -0.067740668 -0.074061118 0.096525224 -0.43180945 -0.19166998 0.37909841 0.41530885 0.45842747 0.40263329 -0.043185318 -0.23809799 -0.025869888 0.075888506 0.081747202 0.44246394 -0.073197994 -0.42608024 -0.053464363 0.35420154 0.28209475 0.5185698 0.56627442 0.052115294 -0.36274508 -0.15563148 0.18351665 0.10531884 -0.054405303 -0.23578879 -0.31720726 0.29799619 0.32840604 -0.19267516 -0.31911139 0.032069306 0.22734115 0.1115655
0.28209479 0.15428747 -0.040505847 -0.25571145 -0.2624895 0.48800915 0.31581122 -0.17874207 -0.074621536 0.063462086 0.13191373 0.41125252 -0.2360269 -0.36138607 0.44953034 0.44657759 -0.34994768 -0.077956365 0.21452099 -0.00052856885 -0.069964716 0.027184687 -0.45339142 -0.001671856 0.43372495 -0.11096424 -0.36413536 0.34101301 0.52842052 -0.51186157 -0.018746111 0.34924875 -0.092066293 -0.18899652 0.070657985 0.058695848 -0.18006647 0.38036593 0.22349024 -0.38211883 -0.13104851 0.36340809 -0.014314797 -0.27900083 0.19046356
0.28209479 0.32109193 2.067302e-17 -0.31539157 6.3625012e-17 0.44194512 0.59520515 8.7688745e-17 -0.27807377 -3.7978762e-17 0.31735664 -1.1688661e-16 -0.3827357 6.3709602e-17 0.19339388 0.6497467 1.4491363e-16 -0.47986974 -1.3690401e-16 0.27073543 5.5121323e-17 -0.31784601 1.6964599e-16 0.37263536 -9.9466584e-17 -0.15591913 3.5502572e-31 -0.2111155 0.42845234 1.4443829e-16 -0.50627855 -2.112461e-16 0.45500115 1.8357786e-16 -0.26811957 -7.2214111e-17 0.31803697 -2.2225218e-16 -0.36903493 1.3337712e-16 0.14783884 -5.1753448e-31 0.16449987 -1.0494056e-16 -0.58971406
0.28209479 0.41644683 0.12151754 -0.25571145 0.23616721 0.29753922 0.51972395 0.39893291 -0.2014156 -0.19038626 0.13191373 -0.37001236 -0.14390562 0.058319373 -0.1780485 0.16084644 0.34994768 -0.12829117 -0.47878757 -0.0014266928 0.20989415 0.027184687 0.4079256 -0.0010193308 -0.0699932 0.043950351 -0.36413536 -0.53837704 -0.34443253 -0.10717163 -0.0067518954 -0.34924875 -0.15151158 0.42181974 0.19071733 -0.17608754 -0.18006647 -0.34222305 0.13626202 0.061665162 0.051905266 0.36340809 0.022599602 -0.57302528 -0.44370131
0.28209479 0.41166576 -0.23712536 -0.25571145 -0.11963707 -0.30411979 -0.52511979 0.06781203 -0.19910322 0.37151352 0.13191373 0.18744005 0.14708833 0.39742942 -0.16144181 0.18632258 0.34994768 0.1296231 -0.081386008 -0.0014103135 -0.40958058 0.027184687 -0.20664605 0.001041875 -0.47698313 0.039851074 -0.36413536 0.53009934 0.31554951 -0.57809728 -0.0078213146 -0.34924875 0.15308459 0.071702414 0.18852778 0.34361148 -0.18006647 0.1733626 -0.13927568 0.42022999 0.04706403 0.36340809 -0.022252126 -0.075148272 -0.46468605
0.28209479 0.51953765 5.4122668e-17 -0.31539157 3.932242e-17 -0.16880802 -0.36785702 3.349412e-17 -0.4499328 -9.942969e-17 0.31735664 -7.2239899e-17 0.14619203 -1.030843e-16 -0.50631175 -0.40156554 -1.4491363e-16 0.29657581 -5.2292678e-17 0.43805913 1.443095e-16 -0.31784601 1.0484699e-16 -0.14233404 1.6094031e-16 0.40820158 1.4206411e-31 0.55270755 0.69325045 5.5170516e-17 0.31289735 2.112461e-16 -0.28120618 7.0120502e-17 -0.43382658 -1.89059e-16 0.31803697 -1.373594e-16 0.1409588 -2.1580871e-16 -0.3870471 -2.0709225e-31 -0.43066625 1.6979739e-16 0.22525073
0.28209479 0.51180173 0.18705738 -0.25571145 0.18854973 0.0040670184 0.0087306552 0.28846424 -0.24753424 -0.29307007 0.13191373 -0.2954082 -0.0019670241 -0.28166825 -0.54930686 -0.56173128 -0.34994768 -0.002155117 -0.34620631 -0.0017533663 0.32309944 0.027184687 0.32567714 -1.3933078e-05 0.33804996 0.13559355 -0.36413536 -0.013393602 -0.017850689 -0.42351948 0.023579949 0.34924875 -0.0025451884 0.30501346 0.23438637 -0.27105942 -0.18006647 -0.27322195 0.0018625449 -0.29782759 0.16013569 0.36340809 0.00056222694 0.40059329 0.56141426
0.28209479 0.41563012 0.25687353 -0.24311026 0.13504641 -0.28603289 -0.49864555 -0.05144301 -0.16746414 -0.38778905 0.096525224 -0.20387277 0.11524731 -0.43121587 -0.19070552 0.12662617 -0.40263329 0.064192628 0.057818364 -0.06395388 0.39735738 0.081747202 0.20890314 0.044012482 0.48465664 0.024550281 0.35420154 0.5231625 0.35395522 0.59175341 0.014395211 0.36274508 0.23133774 -0.044564141 0.2603625 -0.28486987 -0.23578879 -0.14976495 -0.17917912 -0.37355445 0.088474437 -0.31911139 0.059474551 0.1489249 -0.39506606
0.28209479 0.32109193 6.3625012e-17 -0.31539157 2.067302e-17 -0.44194512 -0.59520515 -6.3709602e-17 -0.27807377 -1.1688661e-16 0.31735664 -3.7978762e-17 0.3827357 -8.7688745e-17 0.19339388 0.6497467 -1.2422761e-31 0.47986974 9.9466584e-17 0.27073543 1.6964599e-16 -0.31784601 5.5121323e-17 -0.37263536 1.3690401e-16 -0.15591913 1.4491363e-16 0.2111155 -0.42845234 1.0494056e-16 -0.50627855 1.810913e-31 -0.45500115 -1.3337712e-16 -0.26811957 -2.2225218e-16 0.31803697 -7.2214111e-17 0.36903493 -1.8357786e-16 0.14783884 -2.112461e-16 -0.16449987 -1.4443829e-16 -0.58971406
0.28209479 0.14359668 0.28719334 -0.24311026 0.041731635 -0.48367676 -0.29131883 -0.3942139 -0.057857437 -0.43356134 0.096525224 -0.06300015 0.19488124 -0.18217824 0.44738051 0.40994993 0.40263329 0.037502634 0.443069 -0.022095522 0.44425905 0.081747202 0.064554619 0.074424359 0.20475567 -0.057593075 0.35420154 -0.34881836 -0.48510833 -0.32449785 0.046604234 -0.36274508 0.1351522 -0.34150031 0.089953031 -0.31849419 -0.23578879 -0.046279915 -0.30298885 -0.15781769 -0.20755424 -0.31911139 -0.039654629 -0.51677061 0.21454929
0.28209479 0.1620234 -0.26215935 -0.25571145 -0.042590368 -0.48549559 -0.32993772 0.35702277 -0.078363038 0.41073525 0.13191373 0.066727987 0.23481121 0.18730552 0.43926683 0.46232271 -0.34994768 0.081443418 -0.42848825 -0.00055507114 -0.45282115 0.027184687 -0.073565256 0.0016632449 -0.22479859 -0.10843074 -0.36413536 -0.31934171 -0.53945286 0.25011214 -0.019407048 0.34924875 0.096184495 0.37750521 0.074200756 0.37988751 -0.18006647 0.061716467 -0.22233912 0.19805126 -0.12805647 0.36340809 0.013405095 0.52658109 0.15650953
0.28209479 2.0069789e-16 6.6899297e-17 -0.31539157 1.2289201e-32 -0.54627422 -4.5985664e-16 -1.0838925e-16 -1.7380947e-16 -1.2290186e-16 0.31735664 -2.2576705e-32 0.47308735 -5.9732346e-32 0.62583574 7.529933e-16 1.4491363e-16 3.7074827e-16 1.6922266e-16 1.6922266e-16 1.7837635e-16 -0.31784601 3.2767203e-32 -0.46060263 9.3257095e-32 -0.5045649 3.9051933e-31 -0.68318411 -1.0712132e-15 -1.7853554e-16 -5.8672766e-16 -2.112461e-16 -3.5153476e-16 -2.2691471e-16 -1.6758762e-16 -2.3368977e-16 0.31803697 -4.2928115e-32 0.45615226 -1.2505067e-31 0.47841652 -5.6927485e-31 0.53233277 8.7567701e-32 0.72892666
0.28209479 -0.1620234 0.26215935 -0.25571145 -0.042590368 -0.48549559 0.32993772 -0.35702277 0.078363038 -0.41073525 0.13191373 0.066727987 0.23481121 0.18730552 0.43926683 -0.46232271 0.34994768 -0.081443418 0.42848825 0.00055507114 0.45282115 0.027184687 -0.073565256 0.0016632449 -0.22479859 -0.10843074 -0.36413536 -0.31934171 0.53945286 -0.25011214 0.019407048 -0.34924875 -0.096184495 -0.37750521 -0.074200756 -0.37988751 -0.18006647 0.061716467 -0.22233912 0.19805126 -0.12805647 0.36340809 0.013405095 0.52658109 0.15650953
0.28209479 -0.51180173 -0.18705738 -0.25571145 0.18854973 0.0040670184 -0.0087306552 -0.28846424 0.24753424 0.29307007 0.13191373 -0.2954082 -0.0019670241 -0.28166825 -0.54930686 0.56173128 0.34994768 0.002155117 0.34620631 0.0017533663 -0.32309944 0.027184687 0.32567714 -1.3933078e-05 0.33804996 0.13559355 -0.36413536 -0.013393602 0.017850689 0.42351948 -0.023579949 -0.34924875 0.0025451884 -0.30501346 -0.23438637 0.27105942 -0.18006647 -0.27322195 0.0018625449 -0.29782759 0.16013569 0.36340809 0.00056222694 0.40059329 0.56141426
0.28209479 -0.51953765 5.4122668e-17 -0.31539157 -3.932242e-17 -0.16880802 0.36785702 3.349412e-17 0.4499328 -9.942969e-17 0.31735664 7.2239899e-17 0.14619203 1.030843e-16 -0.50631175 0.40156554 -1.4491363e-16 -0.29657581 -5.2292678e-17 -0.43805913 1.443095e-16 -0.31784601 -1.0484699e-16 -0.14233404 -1.6094031e-16 0.40820158 1.0657051e-31 0.55270755 -0.69325045 5.5170516e-17 -0.31289735 2.112461e-16 0.28120618 7.0120502e-17 0.43382658 -1.89059e-16 0.31803697 1.373594e-16 0.1409588 2.1580871e-16 -0.3870471 -1.5535187e-31 -0.43066625 -1.6979739e-16 0.22525073
0.28209479 -0.41166576 0.23712536 -0.25571145 -0.11963707 -0.30411979 0.52511979 -0.06781203 0.19910322 -0.37151352 0.13191373 0.18744005 0.14708833 0.39742942 -0.16144181 -0.18632258 -0.34994768 -0.1296231 0.081386008 0.0014103135 0.40958058 0.027184687 -0.20664605 0.001041875 -0.47698313 0.039851074 -0.36413536 0.53009934 -0.31554951 0.57809728 0.0078213146 0.34924875 -0.15308459 -0.071702414 -0.18852778 -0.34361148 -0.18006647 0.1733626 -0.13927568 0.42022999 0.04706403 0.36340809 -0.022252126 -0.075148272 -0.46468605
0.28209479 -0.50437775 0.20781505 -0.24311026 -0.20256961 -0.012895785 0.027281777 0.2950806 0.203222 -0.31372793 0.096525224 0.30580915 0.0051959216 0.31862353 -0.53317135 0.53668675 -0.40263329 -0.0035120918 -0.33165006 0.077609664 0.32146887 0.081747202 -0.3133547 0.0019843015 -0.35811068 0.068637272 0.35420154 0.041237458 -0.054141785 -0.3912027 0.061012024 0.36274508 -0.012656896 0.25562294 -0.31595653 -0.23046456 -0.23578879 0.22464743 -0.0080782855 0.27601775 0.24735537 -0.31911139 0.0046879875 -0.4683067 0.52766482
0.28209479 -0.51953765 3.932242e-17 -0.31539157 -5.4122668e-17 0.16880802 -0.36785702 1.030843e-16 0.4499328 -7.2239899e-17 0.31735664 9.942969e-17 -0.14619203 3.349412e-17 -0.50631175 0.40156554 -1.5972121e-31 0.29657581 -1.6094031e-16 -0.43805913 1.0484699e-16 -0.31784601 -1.443095e-16 0.14233404 -5.2292678e-17 0.40820158 1.4491363e-16 -0.55270755 0.69325045 -1.6979739e-16 -0.31289735 2.3283167e-31 -0.28120618 2.1580871e-16 0.43382658 -1.373594e-16 0.31803697 1.89059e-16 -0.1409588 7.0120502e-17 -0.3870471 -2.112461e-16 0.43066625 5.5170516e-17 0.22525073
0.28209479 -0.40047022 0.12843677 -0.24311026 -0.26024131 0.30689871 -0.51550662 0.42600743 0.16135597 -0.19389452 0.096525224 0.39287322 -0.12365449 -0.084327824 -0.1388125 -0.20506448 0.40263329 0.06636322 -0.47880271 0.061621194 0.19867869 0.081747202 -0.40256699 -0.047223149 0.094778607 0.017869886 0.35420154 -0.49767635 0.26635197 -0.041225867 -0.023312293 -0.36274508 0.23916014 0.36904247 -0.25086591 -0.14243493 -0.23578879 0.2886047 0.19225006 -0.073051656 0.064399591 -0.31911139 -0.056577215 0.60881126 -0.45871355
0.28209479 -0.41644683 -0.12151754 -0.25571145 0.23616721 0.29753922 -0.51972395 -0.39893291 0.2014156 0.19038626 0.13191373 -0.37001236 -0.14390562 0.058319373 -0.1780485 -0.16084644 -0.34994768 0.12829117 0.47878757 0.0014266928 -0.20989415 0.027184687 0.4079256 -0.0010193308 -0.0699932 0.043950351 -0.36413536 -0.53837704 0.34443253 0.10717163 0.0067518954 0.34924875 0.15151158 -0.42181974 -0.19071733 0.17608754 -0.18006647 -0.34222305 0.13626202 0.061665162 0.051905266 0.36340809 0.022599602 -0.57302528 -0.44370131
0.28209479 -0.32109193 2.067302e-17 -0.31539157 -6.3625012e-17 0.44194512 -0.59520515 8.7688745e-17 0.27807377 -3.7978762e-17 0.31735664 1.1688661e-16 -0.3827357 -6.3709602e-17 0.19339388 -0.6497467 1.4491363e-16 0.47986974 -1.3690401e-16 -0.27073543 5.5121323e-17 -0.31784601 -1.6964599e-16 0.37263536 9.9466584e-17 -0.15591913 4.2601293e-31 -0.2111155 -0.42845234 1.4443829e-16 0.50627855 -2.112461e-16 -0.45500115 1.8357786e-16 0.26811957 -7.2214111e-17 0.31803697 2.2225218e-16 -0.36903493 -1.3337712e-16 0.14783884 -6.2101522e-31 0.16449987 1.0494056e-16 -0.58971406
0.28209479 -0.15428747 0.040505847 -0.25571145 -0.2624895 0.48800915 -0.31581122 0.17874207 0.074621536 -0.063462086 0.13191373 0.41125252 -0.2360269 -0.36138607 0.44953034 -0.44657759 0.34994768 0.077956365 -0.21452099 0.00052856885 0.069964716 0.027184687 -0.45339142 -0.001671856 0.43372495 -0.11096424 -0.36413536 0.34101301 -0.52842052 0.51186157 0.018746111 -0.34924875 0.092066293 0.18899652 -0.070657985 -0.058695848 -0.18006647 0.38036593 0.22349024 -0.38211883 -0.13104851 0.36340809 -0.014314797 -0.27900083 0.19046356
0.28209479 0.41563012 0.25687353 -0.24311026 0.13504641 -0.28603289 -0.49864555 -0.05144301 -0.16746414 -0.38778905 0.096525224 -0.20387277 0.11524731 -0.43121587 -0.19070552 0.12662617 -0.40263329 0.064192628 0.057818364 -0.06395388 0.39735738 0.081747202 0.20890314 0.044012482 0.48465664 0.024550281 0.35420154 0.5231625 0.35395522 0.59175341 0.014395211 0.36274508 0.23133774 -0.044564141 0.2603625 -0.28486987 -0.23578879 -0.14976495 -0.17917912 -0.37355445 0.088474437 -0.31911139 0.059474551 0.1489249 -0.39506606
0.28209479 0.14359668 0.28719334 -0.24311026 0.041731635 -0.48367676 -0.29131883 -0.3942139 -0.057857437 -0.43356134 0.096525224 -0.06300015 0.19488124 -0.18217824 0.44738051 0.40994993 0.40263329 0.037502634 0.443069 -0.022095522 0.44425905 0.081747202 0.064554619 0.074424359 0.20475567 -0.057593075 0.35420154 -0.34881836 -0.48510833 -0.32449785 0.046604234 -0.36274508 0.1351522 -0.34150031 0.089953031 -0.31849419 -0.23578879 -0.046279915 -0.30298885 -0.15781769 -0.20755424 -0.31911139 -0.039654629 -0.51677061 0.21454929
0.28209479 0.32109193 -6.3625012e-17 -0.31539157 -2.067302e-17 -0.44194512 -0.59520515 6.3709602e-17 -0.27807377 1.1688661e-16 0.31735664 3.7978762e-17 0.3827357 8.7688745e-17 0.19339388 0.6497467 3.5493602e-32 0.47986974 -9.9466584e-17 0.27073543 -1.6964599e-16 -0.31784601 -5.5121323e-17 -0.37263536 -1.3690401e-16 -0.15591913 -1.4491363e-16 0.2111155 -0.42845234 -1.0494056e-16 -0.50627855 -5.1740372e-32 -0.45500115 1.3337712e-16 -0.26811957 2.2225218e-16 0.31803697 7.2214111e-17 0.36903493 1.8357786e-16 0.14783884 2.112461e-16 -0.16449987 1.4443829e-16 -0.58971406
0.28209479 -0.50437775 0.20781505 -0.24311026 -0.20256961 -0.012895785 0.027281777 0.2950806 0.203222 -0.31372793 0.096525224 0.30580915 0.0051959216 0.31862353 -0.53317135 0.53668675 -0.40263329 -0.0035120918 -0.33165006 0.077609664 0.32146887 0.081747202 -0.3133547 0.0019843015 -0.35811068 0.068637272 0.35420154 0.041237458 -0.054141785 -0.3912027 0.061012024 0.36274508 -0.012656896 0.25562294 -0.31595653 -0.23046456 -0.23578879 0.22464743 -0.0080782855 0.27601775 0.24735537 -0.31911139 0.0046879875 -0.4683067 0.52766482
0.28209479 -0.40047022 0.12843677 -0.24311026 -0.26024131 0.30689871 -0.51550662 0.42600743 0.16135597 -0.19389452 0.096525224 0.39287322 -0.12365449 -0.084327824 -0.1388125 -0.20506448 0.40263329 0.06636322 -0.47880271 0.061621194 0.19867869 0.081747202 -0.40256699 -0.047223149 0.094778607 0.017869886 0.35420154 -0.49767635 0.26635197 -0.041225867 -0.023312293 -0.36274508 0.23916014 0.36904247 -0.25086591 -0.14243493 -0.23578879 0.2886047 0.19225006 -0.073051656 0.064399591 -0.31911139 -0.056577215 0.60881126 -0.45871355
0.28209479 -0.51953765 -3.932242e-17 -0.31539157 5.4122668e-17 0.16880802 -0.36785702 -1.030843e-16 0.4499328 7.2239899e-17 0.31735664 -9.942969e-17 -0.14619203 -3.349412e-17 -0.50631175 0.40156554 7.0987205e-32 0.29657581 1.6094031e-16 -0.43805913 -1.0484699e-16 -0.31784601 1.443095e-16 0.14233404 5.2292678e-17 0.40820158 -1.4491363e-16 -0.55270755 0.69325045 1.6979739e-16 -0.31289735 -1.0348074e-31 -0.28120618 -2.1580871e-16 0.43382658 1.373594e-16 0.31803697 -1.89059e-16 -0.1409588 -7.0120502e-17 -0.3870471 2.112461e-16 0.43066625 -5.5170516e-17 0.22525073
0.28209479 0.40047022 -0.12843677 -0.24311026 -0.26024131 0.30689871 0.51550662 -0.42600743 -0.16135597 0.19389452 0.096525224 0.39287322 -0.12365449 -0.084327824 -0.1388125 0.20506448 -0.40263329 -0.06636322 0.47880271 -0.061621194 -0.19867869 0.081747202 -0.40256699 -0.047223149 0.094778607 0.017869886 0.35420154 -0.49767635 -0.26635197 0.041225867 0.023312293 0.36274508 -0.23916014 -0.36904247 0.25086591 0.14243493 -0.23578879 0.2886047 0.19225006 -0.073051656 0.064399591 -0.31911139 -0.056577215 0.60881126 -0.45871355
0.28209479 0.50437775 -0.20781505 -0.24311026 -0.20256961 -0.012895785 -0.027281777 -0.2950806 -0.203222 0.31372793 0.096525224 0.30580915 0.0051959216 0.31862353 -0.53317135 -0.53668675 0.40263329 0.0035120918 0.33165006 -0.077609664 -0.32146887 0.081747202 -0.3133547 0.0019843015 -0.35811068 0.068637272 0.35420154 0.041237458 0.054141785 0.3912027 -0.061012024 -0.36274508 0.012656896 -0.25562294 0.31595653 0.23046456 -0.23578879 0.22464743 -0.0080782855 0.27601775 0.24735537 -0.31911139 0.0046879875 -0.4683067 0.52766482
0.28209479 0.51953765 3.932242e-17 -0.31539157 5.4122668e-17 0.16880802 0.36785702 1.030843e-16 -0.4499328 -7.2239899e-17 0.31735664 -9.942969e-17 -0.14619203 -3.349412e-17 -0.50631175 -0.40156554 1.0648081e-31 -0.29657581 -1.6094031e-16 0.43805913 1.0484699e-16 -0.31784601 1.443095e-16 0.14233404 5.2292678e-17 0.40820158 -1.4491363e-16 -0.55270755 -0.69325045 -1.6979739e-16 0.31289735 -1.5522112e-31 0.28120618 2.1580871e-16 -0.43382658 -1.373594e-16 0.31803697 -1.89059e-16 -0.1409588 -7.0120502e-17 -0.3870471 2.112461e-16 0.43066625 -5.5170516e-17 0.22525073
0.28209479 -0.14359668 -0.28719334 -0.24311026 0.041731635 -0.48367676 0.29131883 0.3942139 0.057857437 0.43356134 0.096525224 -0.06300015 0.19488124 -0.18217824 0.44738051 -0.40994993 -0.40263329 -0.037502634 -0.443069 0.022095522 -0.44425905 0.081747202 0.064554619 0.074424359 0.20475567 -0.057593075 0.35420154 -0.34881836 0.48510833 0.32449785 -0.046604234 0.36274508 -0.1351522 0.34150031 -0.089953031 0.31849419 -0.23578879 -0.046279915 -0.30298885 -0.15781769 -0.20755424 -0.31911139 -0.039654629 -0.51677061 0.21454929
0.28209479 -0.41563012 -0.25687353 -0.24311026 0.13504641 -0.28603289 0.49864555 0.05144301 0.16746414 0.38778905 0.096525224 -0.20387277 0.11524731 -0.43121587 -0.19070552 -0.12662617 0.40263329 -0.064192628 -0.057818364 0.06395388 -0.39735738 0.081747202 0.20890314 0.044012482 0.48465664 0.024550281 0.35420154 0.5231625 -0.35395522 -0.59175341 -0.014395211 -0.36274508 -0.23133774 0.044564141 -0.2603625 0.28486987 -0.23578879 -0.14976495 -0.17917912 -0.37355445 0.088474437 -0.31911139 0.059474551 0.1489249 -0.39506606
0.28209479 -0.32109193 6.3625012e-17 -0.31539157 -2.067302e-17 -0.44194512 0.59520515 -6.3709602e-17 0.27807377 -1.1688661e-16 0.31735664 3.7978762e-17 0.3827357 8.7688745e-17 0.19339388 -0.6497467 1.4197441e-31 -0.47986974 9.9466584e-17 -0.27073543 1.6964599e-16 -0.31784601 -5.5121323e-17 -0.37263536 -1.3690401e-16 -0.15591913 -1.4491363e-16 0.2111155 0.42845234 1.0494056e-16 0.50627855 -2.0696149e-31 0.45500115 -1.3337712e-16 0.26811957 -2.2225218e-16 0.31803697 7.2214111e-17 0.36903493 1.8357786e-16 0.14783884 2.112461e-16 -0.16449987 1.4443829e-16 -0.58971406
0.28209479 -0.16812592 -0.049058479 -0.24311026 0.28603288 0.47570673 -0.33546168 -0.21184406 0.067740668 0.074061118 0.096525224 -0.43180945 -0.19166998 0.37909841 0.41530885 -0.45842747 -0.40263329 0.043185318 0.23809799 0.025869888 -0.075888506 0.081747202 0.44246394 -0.073197994 -0.42608024 -0.053464363 0.35420154 0.28209475 -0.5185698 -0.56627442 -0.052115294 0.36274508 0.15563148 -0.18351665 -0.10531884 0.054405303 -0.23578879 -0.31720726 0.29799619 0.32840604 -0.19267516 -0.31911139 0.032069306 0.22734115 0.1115655
0.28209479 0.16812592 0.049058479 -0.24311026 0.28603288 0.47570673 0.33546168 0.21184406 -0.067740668 -0.074061118 0.096525224 -0.43180945 -0.19166998 0.37909841 0.41530885 0.45842747 0.40263329 -0.043185318 -0.23809799 -0.025869888 0.075888506 0.081747202 0.44246394 -0.073197994 -0.42608024 -0.053464363 0.35420154 0.28209475 0.5185698 0.56627442 0.052115294 -0.36274508 -0.15563148 0.18351665 0.10531884 -0.054405303 -0.23578879 -0.31720726 0.29799619 0.32840604 -0.19267516 -0.31911139 0.032069306 0.22734115 0.1115655
0.28209479 -2.6759719e-16 1.6385602e-32 -0.31539157 -6.6899297e-17 0.54627422 -6.1314218e-16 7.9643128e-32 2.3174596e-16 -3.0102273e-32 0.31735664 1.2290186e-16 -0.47308735 -1.0838925e-16 0.62583574 -1.0039911e-15 1.7746801e-31 4.9433103e-16 -1.2434279e-31 -2.2563021e-16 4.3689604e-32 -0.31784601 -1.7837635e-16 0.46060263 1.6922266e-16 -0.5045649 -1.4491363e-16 0.68318411 -1.4282843e-15 3.0610017e-31 7.8230354e-16 -2.5870186e-31 -4.6871301e-16 1.6673423e-31 2.2345016e-16 -5.7237486e-32 0.31803697 2.3368977e-16 -0.45615226 -2.2691471e-16 0.47841652 2.112461e-16 -0.53233277 -1.7853554e-16 0.72892666
