0 0 1
0.8944272 0 0.44721358
0.27639321 0.85065082 0.44721358
-0.72360681 0.52573112 0.44721358
-0.72360681 -0.52573112 0.44721358
0.27639321 -0.85065082 0.44721358
0.72360681 0.52573112 -0.44721358
-0.27639321 0.85065082 -0.44721358
-0.8944272 1.0953574e-16 -0.44721358
-0.27639321 -0.85065082 -0.44721358
0.72360681 -0.52573112 -0.44721358
0 0 -1
0.84236539 0 0.53890681
0.26030522 0.80113709 0.53890681
0.77348079 0 0.63381975
0.23901871 0.73562394 0.63381975
0.68655724 0 0.72707576
0.21215785 0.65295473 0.72707576
0.58277323 0 0.81263482
0.18008683 0.55425028 0.81263482
0.46621859 0 0.88466956
0.14406947 0.44340023 0.88466956
0.34327862 0 0.93923362
0.10607893 0.32647737 0.93923362
0.22099451 0 0.97527505
0.06829106 0.21017827 0.97527505
0.10529567 0 0.99444096
0.14587875 0.10598712 0.98360872
0.032538153 0.10014214 0.99444096
0.26912666 0.11085006 0.95670429
0.18858938 0.22170011 0.95670429
0.39702391 0.11411008 0.91068705
0.31729011 0.23052476 0.91988332
0.23121227 0.34233023 0.91068705
0.52222717 0.11526238 0.84498128
0.44766514 0.23535149 0.86267352
0.3621687 0.35302724 0.86267352
0.27099811 0.46104952 0.84498128
0.63698878 0.11411008 0.7623806
0.57139674 0.23535149 0.78620318
0.49112348 0.3568221 0.79465446
0.40040387 0.47070298 0.78620318
0.30536549 0.57055038 0.7623806
0.73534525 0.11085006 0.66856535
0.68087222 0.23052476 0.69517721
0.6096319 0.35302723 0.70973285
0.52413547 0.47070298 0.70973285
0.42964316 0.57631189 0.69517721
0.33265885 0.66510034 0.66856535
0.81452744 0.10598712 0.5703611
0.77136261 0.22170011 0.59653062
0.71114201 0.34233023 0.61407415
0.63458022 0.46104952 0.62027518
0.54533036 0.57055038 0.61407415
0.44921349 0.66510034 0.59653062
0.35250256 0.74190981 0.5703611
0.87490354 0.10014214 0.47383051
0.84177185 0.21017827 0.49723762
0.79263616 0.32647737 0.5149179
0.7268427 0.44340022 0.52449588
0.64630542 0.55425028 0.52449588
0.55543647 0.65295473 0.5149179
0.46001322 0.73562394 0.49723762
0.36560089 0.80113709 0.47383051
-0.68148791 0.49512995 0.53890681
-0.6257591 0.4546406 0.63381975
-0.55543647 0.40354822 0.72707576
-0.47147345 0.34254551 0.81263482
-0.37717876 0.27403641 0.88466956
-0.27771824 0.20177411 0.93923362
-0.17878831 0.12989731 0.97527505
-0.055720724 0.17149076 0.98360872
-0.085185989 0.061891244 0.99444096
-0.022259957 0.29020922 0.95670429
-0.15257201 0.24786826 0.95670429
0.014162005 0.41285413 0.91068705
-0.12119404 0.37299689 0.91988332
-0.25412687 0.32568179 0.91068705
0.051756033 0.53228558 0.84498128
-0.085496433 0.49848246 0.86267352
-0.22383257 0.45353432 0.86267352
-0.35474113 0.40020665 0.84498128
0.088315228 0.64107429 0.7623806
-0.047261266 0.6161582 0.78620318
-0.18759248 0.57735028 0.79465446
-0.32393354 0.52626193 0.78620318
-0.44826253 0.4667296 0.7623806
0.12180951 0.73360944 0.66856535
-0.0088409859 0.71878403 0.69517721
-0.14736223 0.68888581 0.70973285
-0.28569837 0.64393767 0.70973285
-0.41533814 0.5867051 0.69517721
-0.52975077 0.52190467 0.66856535
0.15090308 0.80741345 0.5703611
0.02751482 0.80211854 0.59653062
-0.10582043 0.7821221 0.61407415
-0.24238807 0.74599379 0.62027518
-0.37410931 0.69494976 0.61407415
-0.49373341 0.63275473 0.59653062
-0.59666888 0.56451259 0.5703611
0.17511923 0.86302833 0.47383051
0.060230393 0.86552126 0.49723762
-0.065560382 0.85472884 0.5149179
-0.19709193 0.82828669 0.52449588
-0.32740398 0.78594574 0.52449588
-0.44935754 0.73002558 0.5149179
-0.55746804 0.66481887 0.49723762
-0.64894976 0.59527209 0.47383051
-0.68148791 -0.49512995 0.53890681
-0.6257591 -0.4546406 0.63381975
-0.55543647 -0.40354822 0.72707576
-0.47147345 -0.34254551 0.81263482
-0.37717876 -0.27403641 0.88466956
-0.27771824 -0.20177411 0.93923362
-0.17878831 -0.12989731 0.97527505
-0.18031605 3.1123935e-17 0.98360872
-0.085185989 -0.061891244 0.99444096
-0.28288407 0.068509103 0.95670429
-0.28288407 -0.068509103 0.95670429
-0.38827131 0.14104781 0.91068705
-0.39219214 1.0154306e-16 0.91988332
-0.38827131 -0.14104781 0.91068705
-0.49024018 0.2137082 0.84498128
-0.50050484 0.07272761 0.86267352
-0.50050484 -0.07272761 0.86267352
-0.49024018 -0.2137082 0.84498128
-0.58240697 0.28209562 0.7623806
-0.60060581 0.14545522 0.78620318
-0.60706201 1.0478356e-16 0.79465446
-0.60060581 -0.14545522 0.78620318
-0.58240697 -0.28209562 0.7623806
-0.66006283 0.34254551 0.66856535
-0.68633625 0.2137082 0.69517721
-0.70070677 0.07272761 0.70973285
-0.70070677 -0.07272761 0.70973285
-0.68633625 -0.2137082 0.69517721
-0.66006283 -0.34254551 0.66856535
-0.72126421 0.39302184 0.5703611
-0.75435752 0.27403641 0.59653062
-0.77654263 0.14104781 0.61407415
-0.78438429 1.3539075e-16 0.62027518
-0.77654263 -0.14104781 0.61407415
-0.75435752 -0.27403641 0.59653062
-0.72126421 -0.39302184 0.5703611
-0.7666739 0.43323871 0.47383051
-0.80454742 0.32474329 0.49723762
-0.83315471 0.20177411 0.5149179
-0.84865221 0.068509102 0.52449588
-0.84865221 -0.068509102 0.52449588
-0.83315471 -0.20177411 0.5149179
-0.80454742 -0.32474329 0.49723762
-0.7666739 -0.43323871 0.47383051
0.26030522 -0.80113709 0.53890681
0.23901871 -0.73562394 0.63381975
0.21215785 -0.65295473 0.72707576
0.18008683 -0.55425028 0.81263482
0.14406947 -0.44340023 0.88466956
0.10607893 -0.32647737 0.93923362
0.06829106 -0.21017827 0.97527505
-0.055720724 -0.17149076 0.98360872
0.032538153 -0.10014214 0.99444096
-0.15257201 -0.24786826 0.95670429
-0.022259957 -0.29020922 0.95670429
-0.25412687 -0.32568179 0.91068705
-0.12119404 -0.37299689 0.91988332
0.014162005 -0.41285413 0.91068705
-0.35474113 -0.40020665 0.84498128
-0.22383257 -0.45353432 0.86267352
-0.085496433 -0.49848246 0.86267352
0.051756033 -0.53228558 0.84498128
-0.44826253 -0.4667296 0.7623806
-0.32393354 -0.52626193 0.78620318
-0.18759248 -0.57735028 0.79465446
-0.047261266 -0.6161582 0.78620318
0.088315228 -0.64107429 0.7623806
-0.52975077 -0.52190467 0.66856535
-0.41533814 -0.5867051 0.69517721
-0.28569837 -0.64393767 0.70973285
-0.14736223 -0.68888581 0.70973285
-0.0088409859 -0.71878403 0.69517721
0.12180951 -0.73360944 0.66856535
-0.59666888 -0.56451259 0.5703611
-0.49373341 -0.63275473 0.59653062
-0.37410931 -0.69494976 0.61407415
-0.24238807 -0.74599379 0.62027518
-0.10582043 -0.7821221 0.61407415
0.02751482 -0.80211854 0.59653062
0.15090308 -0.80741345 0.5703611
-0.64894976 -0.59527209 0.47383051
-0.55746804 -0.66481887 0.49723762
-0.44935754 -0.73002558 0.5149179
-0.32740398 -0.78594574 0.52449588
-0.19709193 -0.82828669 0.52449588
-0.065560382 -0.85472884 0.5149179
0.060230393 -0.86552126 0.49723762
0.17511923 -0.86302833 0.47383051
0.14587875 -0.10598712 0.98360872
0.18858938 -0.22170011 0.95670429
0.26912666 -0.11085006 0.95670429
0.23121227 -0.34233023 0.91068705
0.31729011 -0.23052476 0.91988332
0.39702391 -0.11411008 0.91068705
0.27099811 -0.46104952 0.84498128
0.3621687 -0.35302724 0.86267352
0.44766514 -0.23535149 0.86267352
0.52222717 -0.11526238 0.84498128
0.30536549 -0.57055038 0.7623806
0.40040387 -0.47070298 0.78620318
0.49112348 -0.3568221 0.79465446
0.57139674 -0.23535149 0.78620318
0.63698878 -0.11411008 0.7623806
0.33265885 -0.66510034 0.66856535
0.42964316 -0.57631189 0.69517721
0.52413547 -0.47070298 0.70973285
0.6096319 -0.35302723 0.70973285
0.68087222 -0.23052476 0.69517721
0.73534525 -0.11085006 0.66856535
0.35250256 -0.74190981 0.5703611
0.44921349 -0.66510034 0.59653062
0.54533036 -0.57055038 0.61407415
0.63458022 -0.46104952 0.62027518
0.71114201 -0.34233023 0.61407415
0.77136261 -0.22170011 0.59653062
0.81452744 -0.10598712 0.5703611
0.36560089 -0.80113709 0.47383051
0.46001322 -0.73562394 0.49723762
0.55543647 -0.65295473 0.5149179
0.64630542 -0.55425028 0.52449588
0.7268427 -0.44340022 0.52449588
0.79263616 -0.32647737 0.5149179
0.84177185 -0.21017827 0.49723762
0.87490354 -0.10014214 0.47383051
-0.26030522 0.80113709 -0.53890681
0.68148791 0.49512995 -0.53890681
-0.23901871 0.73562394 -0.63381975
0.6257591 0.4546406 -0.63381975
-0.21215785 0.65295473 -0.72707576
0.55543647 0.40354822 -0.72707576
-0.18008683 0.55425028 -0.81263482
0.47147345 0.34254551 -0.81263482
-0.14406947 0.44340023 -0.88466956
0.37717876 0.27403641 -0.88466956
-0.10607893 0.32647737 -0.93923362
0.27771824 0.20177411 -0.93923362
-0.06829106 0.21017827 -0.97527505
0.17878831 0.12989731 -0.97527505
-0.032538153 0.10014214 -0.99444096
0.055720724 0.17149076 -0.98360872
0.085185989 0.061891244 -0.99444096
0.022259957 0.29020922 -0.95670429
0.15257201 0.24786826 -0.95670429
-0.014162005 0.41285413 -0.91068705
0.12119404 0.37299689 -0.91988332
0.25412687 0.32568179 -0.91068705
-0.051756033 0.53228558 -0.84498128
0.085496433 0.49848246 -0.86267352
0.22383257 0.45353432 -0.86267352
0.35474113 0.40020665 -0.84498128
-0.088315228 0.64107429 -0.7623806
0.047261266 0.6161582 -0.78620318
0.18759248 0.57735028 -0.79465446
0.32393354 0.52626193 -0.78620318
0.44826253 0.4667296 -0.7623806
-0.12180951 0.73360944 -0.66856535
0.0088409859 0.71878403 -0.69517721
0.14736223 0.68888581 -0.70973285
0.28569837 0.64393767 -0.70973285
0.41533814 0.5867051 -0.69517721
0.52975077 0.52190467 -0.66856535
-0.15090308 0.80741345 -0.5703611
-0.02751482 0.80211854 -0.59653062
0.10582043 0.7821221 -0.61407415
0.24238807 0.74599379 -0.62027518
0.37410931 0.69494976 -0.61407415
0.49373341 0.63275473 -0.59653062
0.59666888 0.56451259 -0.5703611
-0.17511923 0.86302833 -0.47383051
-0.060230393 0.86552126 -0.49723762
0.065560382 0.85472884 -0.5149179
0.19709193 0.82828669 -0.52449588
0.32740398 0.78594574 -0.52449588
0.44935754 0.73002558 -0.5149179
0.55746804 0.66481887 -0.49723762
0.64894976 0.59527209 -0.47383051
-0.84236539 1.0316001e-16 -0.53890681
-0.77348079 9.4724077e-17 -0.63381975
-0.68655724 8.4079012e-17 -0.72707576
-0.58277323 7.1369138e-17 -0.81263482
-0.46621859 5.709531e-17 -0.88466956
-0.34327862 4.2039506e-17 -0.93923362
-0.22099451 2.7064022e-17 -0.97527505
-0.10529567 1.2895001e-17 -0.99444096
-0.14587875 0.10598712 -0.98360872
-0.26912666 0.11085006 -0.95670429
-0.18858938 0.22170011 -0.95670429
-0.39702391 0.11411008 -0.91068705
-0.31729011 0.23052476 -0.91988332
-0.23121227 0.34233023 -0.91068705
-0.52222717 0.11526238 -0.84498128
-0.44766514 0.23535149 -0.86267352
-0.3621687 0.35302724 -0.86267352
-0.27099811 0.46104952 -0.84498128
-0.63698878 0.11411008 -0.7623806
-0.57139674 0.23535149 -0.78620318
-0.49112348 0.3568221 -0.79465446
-0.40040387 0.47070298 -0.78620318
-0.30536549 0.57055038 -0.7623806
-0.73534525 0.11085006 -0.66856535
-0.68087222 0.23052476 -0.69517721
-0.6096319 0.35302723 -0.70973285
-0.52413547 0.47070298 -0.70973285
-0.42964316 0.57631189 -0.69517721
-0.33265885 0.66510034 -0.66856535
-0.81452744 0.10598712 -0.5703611
-0.77136261 0.22170011 -0.59653062
-0.71114201 0.34233023 -0.61407415
-0.63458022 0.46104952 -0.62027518
-0.54533036 0.57055038 -0.61407415
-0.44921349 0.66510034 -0.59653062
-0.35250256 0.74190981 -0.5703611
-0.87490354 0.10014214 -0.47383051
-0.84177185 0.21017827 -0.49723762
-0.79263616 0.32647737 -0.5149179
-0.7268427 0.44340022 -0.52449588
-0.64630542 0.55425028 -0.52449588
-0.55543647 0.65295473 -0.5149179
-0.46001322 0.73562394 -0.49723762
-0.36560089 0.80113709 -0.47383051
-0.26030522 -0.80113709 -0.53890681
-0.23901871 -0.73562394 -0.63381975
-0.21215785 -0.65295473 -0.72707576
-0.18008683 -0.55425028 -0.81263482
-0.14406947 -0.44340023 -0.88466956
-0.10607893 -0.32647737 -0.93923362
-0.06829106 -0.21017827 -0.97527505
-0.032538153 -0.10014214 -0.99444096
-0.14587875 -0.10598712 -0.98360872
-0.18858938 -0.22170011 -0.95670429
-0.26912666 -0.11085006 -0.95670429
-0.23121227 -0.34233023 -0.91068705
-0.31729011 -0.23052476 -0.91988332
-0.39702391 -0.11411008 -0.91068705
-0.27099811 -0.46104952 -0.84498128
-0.3621687 -0.35302724 -0.86267352
-0.44766514 -0.23535149 -0.86267352
-0.52222717 -0.11526238 -0.84498128
-0.30536549 -0.57055038 -0.7623806
-0.40040387 -0.47070298 -0.78620318
-0.49112348 -0.3568221 -0.79465446
-0.57139674 -0.23535149 -0.78620318
-0.63698878 -0.11411008 -0.7623806
-0.33265885 -0.66510034 -0.66856535
-0.42964316 -0.57631189 -0.69517721
-0.52413547 -0.47070298 -0.70973285
-0.6096319 -0.35302723 -0.70973285
-0.68087222 -0.23052476 -0.69517721
-0.73534525 -0.11085006 -0.66856535
-0.35250256 -0.74190981 -0.5703611
-0.44921349 -0.66510034 -0.59653062
-0.54533036 -0.57055038 -0.61407415
-0.63458022 -0.46104952 -0.62027518
-0.71114201 -0.34233023 -0.61407415
-0.77136261 -0.22170011 -0.59653062
-0.81452744 -0.10598712 -0.5703611
-0.36560089 -0.80113709 -0.47383051
-0.46001322 -0.73562394 -0.49723762
-0.55543647 -0.65295473 -0.5149179
-0.64630542 -0.55425028 -0.52449588
-0.7268427 -0.44340022 -0.52449588
-0.79263616 -0.32647737 -0.5149179
-0.84177185 -0.21017827 -0.49723762
-0.87490354 -0.10014214 -0.47383051
0.68148791 -0.49512995 -0.53890681
0.6257591 -0.4546406 -0.63381975
0.55543647 -0.40354822 -0.72707576
0.47147345 -0.34254551 -0.81263482
0.37717876 -0.27403641 -0.88466956
0.27771824 -0.20177411 -0.93923362
0.17878831 -0.12989731 -0.97527505
0.085185989 -0.061891244 -0.99444096
0.055720724 -0.17149076 -0.98360872
0.15257201 -0.24786826 -0.95670429
0.022259957 -0.29020922 -0.95670429
0.25412687 -0.32568179 -0.91068705
0.12119404 -0.37299689 -0.91988332
-0.014162005 -0.41285413 -0.91068705
0.35474113 -0.40020665 -0.84498128
0.22383257 -0.45353432 -0.86267352
0.085496433 -0.49848246 -0.86267352
-0.051756033 -0.53228558 -0.84498128
0.44826253 -0.4667296 -0.7623806
0.32393354 -0.52626193 -0.78620318
0.18759248 -0.57735028 -0.79465446
0.047261266 -0.6161582 -0.78620318
-0.088315228 -0.64107429 -0.7623806
0.52975077 -0.52190467 -0.66856535
0.41533814 -0.5867051 -0.69517721
0.28569837 -0.64393767 -0.70973285
0.14736223 -0.68888581 -0.70973285
0.0088409859 -0.71878403 -0.69517721
-0.12180951 -0.73360944 -0.66856535
0.59666888 -0.56451259 -0.5703611
0.49373341 -0.63275473 -0.59653062
0.37410931 -0.69494976 -0.61407415
0.24238807 -0.74599379 -0.62027518
0.10582043 -0.7821221 -0.61407415
-0.02751482 -0.80211854 -0.59653062
-0.15090308 -0.80741345 -0.5703611
0.64894976 -0.59527209 -0.47383051
0.55746804 -0.66481887 -0.49723762
0.44935754 -0.73002558 -0.5149179
0.32740398 -0.78594574 -0.52449588
0.19709193 -0.82828669 -0.52449588
0.065560382 -0.85472884 -0.5149179
-0.060230393 -0.86552126 -0.49723762
-0.17511923 -0.86302833 -0.47383051
0.18031605 -1.5561967e-17 -0.98360872
0.28288407 0.068509103 -0.95670429
0.28288407 -0.068509103 -0.95670429
0.38827131 0.14104781 -0.91068705
0.39219214 -6.7695375e-17 -0.91988332
0.38827131 -0.14104781 -0.91068705
0.49024018 0.2137082 -0.84498128
0.50050484 0.07272761 -0.86267352
0.50050484 -0.07272761 -0.86267352
0.49024018 -0.2137082 -0.84498128
0.58240697 0.28209562 -0.7623806
0.60060581 0.14545522 -0.78620318
0.60706201 -6.9855709e-17 -0.79465446
0.60060581 -0.14545522 -0.78620318
0.58240697 -0.28209562 -0.7623806
0.66006283 0.34254551 -0.66856535
0.68633625 0.2137082 -0.69517721
0.70070677 0.07272761 -0.70973285
0.70070677 -0.07272761 -0.70973285
0.68633625 -0.2137082 -0.69517721
0.66006283 -0.34254551 -0.66856535
0.72126421 0.39302184 -0.5703611
0.75435752 0.27403641 -0.59653062
0.77654263 0.14104781 -0.61407415
0.78438429 -3.3847687e-17 -0.62027518
0.77654263 -0.14104781 -0.61407415
0.75435752 -0.27403641 -0.59653062
0.72126421 -0.39302184 -0.5703611
0.7666739 0.43323871 -0.47383051
0.80454742 0.32474329 -0.49723762
0.83315471 0.20177411 -0.5149179
0.84865221 0.068509102 -0.52449588
0.84865221 -0.068509102 -0.52449588
0.83315471 -0.20177411 -0.5149179
0.80454742 -0.32474329 -0.49723762
0.7666739 -0.43323871 -0.47383051
0.78678358 0.49512995 -0.36853484
0.8467536 0.4546406 -0.27624312
0.89871508 0.40354821 -0.1716393
0.93769202 0.34254551 -0.05827732
0.95995198 0.27403641 0.05827732
0.96427546 0.20177411 0.1716393
0.95226909 0.12989731 0.27624312
0.92755137 0.061891244 0.36853484
0.90468546 0.17149075 0.39004505
0.92393462 0.24786826 0.2913866
0.8656573 0.29020921 0.40794124
0.92819225 0.32568179 0.17997364
0.87696828 0.37299689 0.30298507
0.80820983 0.41285413 0.4199385
0.91441929 0.40020664 0.060597014
0.87169963 0.45353431 0.18559739
0.80983383 0.49848245 0.30932898
0.73262825 0.53228558 0.42417911
0.88236304 0.4667296 -0.059991213
0.84806899 0.52626192 0.061865796
0.79465447 0.57735027 0.18759246
0.7243374 0.61615819 0.30932898
0.64239818 0.64107428 0.4199385
0.83489479 0.52190466 -0.17483196
0.80753027 0.58670509 -0.060597014
0.76257256 0.64393766 0.061865796
0.70070676 0.6888858 0.18559739
0.62573922 0.71878402 0.30298507
0.54350818 0.73360944 0.40794124
0.77698492 0.56451259 -0.2786036
0.75435751 0.63275472 -0.17483196
0.7165514 0.69494974 -0.059991213
0.66319024 0.74599377 0.060597014
0.59656897 0.78212209 0.17997364
0.52124822 0.80211853 0.2913866
0.44266058 0.80741344 0.39004505
0.71402606 0.59527209 -0.36853484
0.69405015 0.66481886 -0.27624312
0.66151539 0.73002558 -0.1716393
0.61554291 0.78594573 -0.05827732
0.55726558 0.82828668 0.05827732
0.48987608 0.85472883 0.1716393
0.41780702 0.86552125 0.27624312
0.34549121 0.86302833 0.36853484
-0.22776707 0.90127922 -0.36853484
-0.17072765 0.9458022 -0.27624312
-0.10607893 0.97943209 -0.1716393
-0.036017366 0.99765049 -0.05827732
0.036017366 0.99765049 0.05827732
0.10607893 0.97943209 0.1716393
0.17072765 0.9458022 0.27624312
0.22776707 0.90127922 0.36853484
0.11646578 0.91340056 0.39004505
0.049774776 0.95530954 0.2913866
-0.0085025468 0.91296859 0.40794124
-0.022914606 0.9834045 0.17997364
-0.083743019 0.94930878 0.30298507
-0.14289704 0.89623217 0.4199385
-0.098048034 0.99333508 0.060597014
-0.16196677 0.96918542 0.18559739
-0.22383257 0.92423729 0.30932898
-0.27983909 0.86125616 0.42417911
-0.17122105 0.9834045 -0.059991213
-0.2384371 0.96918542 0.061865796
-0.303531 0.93417236 0.18759246
-0.3621687 0.87928915 0.30932898
-0.41118592 0.80905983 0.4199385
-0.23836415 0.95530954 -0.17483196
-0.30844912 0.94930877 -0.060597014
-0.37677323 0.92423728 0.061865796
-0.43863903 0.87928915 0.18559739
-0.49024017 0.81722984 0.30298507
-0.52975077 0.74360478 0.40794124
-0.29678183 0.91340056 -0.2786036
-0.36867621 0.91296859 -0.17483196
-0.43950992 0.89623216 -0.059991213
-0.50454519 0.86125615 0.060597014
-0.55949236 0.80905982 0.17997364
-0.6017855 0.74360478 0.2913866
-0.63110618 0.67049971 0.39004505
-0.34549121 0.86302833 -0.36853484
-0.41780702 0.86552125 -0.27624312
-0.48987608 0.85472883 -0.1716393
-0.55726558 0.82828668 -0.05827732
-0.61554291 0.78594573 0.05827732
-0.66151539 0.73002558 0.1716393
-0.69405015 0.66481886 0.27624312
-0.71402606 0.59527209 0.36853484
-0.92755137 0.061891244 -0.36853484
-0.95226909 0.12989731 -0.27624312
-0.96427546 0.20177411 -0.1716393
-0.95995198 0.27403641 -0.05827732
-0.93769202 0.34254551 0.05827732
-0.89871508 0.40354821 0.1716393
-0.8467536 0.4546406 0.27624312
-0.78678358 0.49512995 0.36853484
-0.83270565 0.39302184 0.39004505
-0.89317211 0.34254551 0.2913866
-0.87091216 0.27403641 0.40794124
-0.94235426 0.28209562 0.17997364
-0.92872431 0.2137082 0.30298507
-0.89652506 0.14104781 0.4199385
-0.97501631 0.2137082 0.060597014
-0.97180059 0.14545522 0.18559739
-0.94816996 0.072727609 0.30932898
-0.90557832 1.5231459e-16 0.42417911
-0.98818347 0.14104781 -0.059991213
-0.99543122 0.072727609 0.061865796
-0.98224695 1.5717534e-16 0.18759246
-0.94816996 -0.072727609 0.30932898
-0.89652506 -0.14104781 0.4199385
-0.98221194 0.068509102 -0.17483196
-0.99816231 1.5231459e-16 -0.060597014
-0.99543122 -0.072727609 0.061865796
-0.97180059 -0.14545522 0.18559739
-0.92872431 -0.2137082 0.30298507
-0.87091216 -0.27403641 0.40794124
-0.96040618 1.2449574e-16 -0.2786036
-0.98221194 -0.068509102 -0.17483196
-0.98818347 -0.14104781 -0.059991213
-0.97501631 -0.2137082 0.060597014
-0.94235426 -0.28209562 0.17997364
-0.89317211 -0.34254551 0.2913866
-0.83270565 -0.39302184 0.39004505
-0.92755137 -0.061891244 -0.36853484
-0.95226909 -0.12989731 -0.27624312
-0.96427546 -0.20177411 -0.1716393
-0.95995198 -0.27403641 -0.05827732
-0.93769202 -0.34254551 0.05827732
-0.89871508 -0.40354821 0.1716393
-0.8467536 -0.4546406 0.27624312
-0.78678358 -0.49512995 0.36853484
-0.34549121 -0.86302833 -0.36853484
-0.41780702 -0.86552125 -0.27624312
-0.48987608 -0.85472883 -0.1716393
-0.55726558 -0.82828668 -0.05827732
-0.61554291 -0.78594573 0.05827732
-0.66151539 -0.73002558 0.1716393
-0.69405015 -0.66481886 0.27624312
-0.71402606 -0.59527209 0.36853484
-0.63110618 -0.67049971 0.39004505
-0.6017855 -0.74360478 0.2913866
-0.52975077 -0.74360478 0.40794124
-0.55949236 -0.80905982 0.17997364
-0.49024017 -0.81722984 0.30298507
-0.41118592 -0.80905983 0.4199385
-0.50454519 -0.86125615 0.060597014
-0.43863903 -0.87928915 0.18559739
-0.3621687 -0.87928915 0.30932898
-0.27983909 -0.86125616 0.42417911
-0.43950992 -0.89623216 -0.059991213
-0.37677323 -0.92423728 0.061865796
-0.303531 -0.93417236 0.18759246
-0.22383257 -0.92423729 0.30932898
-0.14289704 -0.89623217 0.4199385
-0.36867621 -0.91296859 -0.17483196
-0.30844912 -0.94930877 -0.060597014
-0.2384371 -0.96918542 0.061865796
-0.16196677 -0.96918542 0.18559739
-0.083743019 -0.94930878 0.30298507
-0.0085025468 -0.91296859 0.40794124
-0.29678183 -0.91340056 -0.2786036
-0.23836415 -0.95530954 -0.17483196
-0.17122105 -0.9834045 -0.059991213
-0.098048034 -0.99333508 0.060597014
-0.022914606 -0.9834045 0.17997364
0.049774776 -0.95530954 0.2913866
0.11646578 -0.91340056 0.39004505
-0.22776707 -0.90127922 -0.36853484
-0.17072765 -0.9458022 -0.27624312
-0.10607893 -0.97943209 -0.1716393
-0.036017366 -0.99765049 -0.05827732
0.036017366 -0.99765049 0.05827732
0.10607893 -0.97943209 0.1716393
0.17072765 -0.9458022 0.27624312
0.22776707 -0.90127922 0.36853484
0.71402606 -0.59527209 -0.36853484
0.69405015 -0.66481886 -0.27624312
0.66151539 -0.73002558 -0.1716393
0.61554291 -0.78594573 -0.05827732
0.55726558 -0.82828668 0.05827732
0.48987608 -0.85472883 0.1716393
0.41780702 -0.86552125 0.27624312
0.34549121 -0.86302833 0.36853484
0.44266058 -0.80741344 0.39004505
0.52124822 -0.80211853 0.2913866
0.54350818 -0.73360944 0.40794124
0.59656897 -0.78212209 0.17997364
0.62573922 -0.71878402 0.30298507
0.64239818 -0.64107428 0.4199385
0.66319024 -0.74599377 0.060597014
0.70070676 -0.6888858 0.18559739
0.7243374 -0.61615819 0.30932898
0.73262825 -0.53228558 0.42417911
0.7165514 -0.69494974 -0.059991213
0.76257256 -0.64393766 0.061865796
0.79465447 -0.57735027 0.18759246
0.80983383 -0.49848245 0.30932898
0.80820983 -0.41285413 0.4199385
0.75435751 -0.63275472 -0.17483196
0.80753027 -0.58670509 -0.060597014
0.84806899 -0.52626192 0.061865796
0.87169963 -0.45353431 0.18559739
0.87696828 -0.37299689 0.30298507
0.8656573 -0.29020921 0.40794124
0.77698492 -0.56451259 -0.2786036
0.83489479 -0.52190466 -0.17483196
0.88236304 -0.4667296 -0.059991213
0.91441929 -0.40020664 0.060597014
0.92819225 -0.32568179 0.17997364
0.92393462 -0.24786826 0.2913866
0.90468546 -0.17149075 0.39004505
0.78678358 -0.49512995 -0.36853484
0.8467536 -0.4546406 -0.27624312
0.89871508 -0.40354821 -0.1716393
0.93769202 -0.34254551 -0.05827732
0.95995198 -0.27403641 0.05827732
0.96427546 -0.20177411 0.1716393
0.95226909 -0.12989731 0.27624312
0.92755137 -0.061891244 0.36853484
0.63110618 0.67049971 -0.39004505
0.52975077 0.74360478 -0.40794124
0.6017855 0.74360478 -0.2913866
0.41118592 0.80905983 -0.4199385
0.49024017 0.81722984 -0.30298507
0.55949236 0.80905982 -0.17997364
0.27983909 0.86125616 -0.42417911
0.3621687 0.87928915 -0.30932898
0.43863903 0.87928915 -0.18559739
0.50454519 0.86125615 -0.060597014
0.14289704 0.89623217 -0.4199385
0.22383257 0.92423729 -0.30932898
0.303531 0.93417236 -0.18759246
0.37677323 0.92423728 -0.061865796
0.43950992 0.89623216 0.059991213
0.0085025468 0.91296859 -0.40794124
0.083743019 0.94930878 -0.30298507
0.16196677 0.96918542 -0.18559739
0.2384371 0.96918542 -0.061865796
0.30844912 0.94930877 0.060597014
0.36867621 0.91296859 0.17483196
-0.11646578 0.91340056 -0.39004505
-0.049774776 0.95530954 -0.2913866
0.022914606 0.9834045 -0.17997364
0.098048034 0.99333508 -0.060597014
0.17122105 0.9834045 0.059991213
0.23836415 0.95530954 0.17483196
0.29678183 0.91340056 0.2786036
-0.44266058 0.80741344 -0.39004505
-0.54350818 0.73360944 -0.40794124
-0.52124822 0.80211853 -0.2913866
-0.64239818 0.64107428 -0.4199385
-0.62573922 0.71878402 -0.30298507
-0.59656897 0.78212209 -0.17997364
-0.73262825 0.53228558 -0.42417911
-0.7243374 0.61615819 -0.30932898
-0.70070676 0.6888858 -0.18559739
-0.66319024 0.74599377 -0.060597014
-0.80820983 0.41285413 -0.4199385
-0.80983383 0.49848245 -0.30932898
-0.79465447 0.57735027 -0.18759246
-0.76257256 0.64393766 -0.061865796
-0.7165514 0.69494974 0.059991213
-0.8656573 0.29020921 -0.40794124
-0.87696828 0.37299689 -0.30298507
-0.87169963 0.45353431 -0.18559739
-0.84806899 0.52626192 -0.061865796
-0.80753027 0.58670509 0.060597014
-0.75435751 0.63275472 0.17483196
-0.90468546 0.17149075 -0.39004505
-0.92393462 0.24786826 -0.2913866
-0.92819225 0.32568179 -0.17997364
-0.91441929 0.40020664 -0.060597014
-0.88236304 0.4667296 0.059991213
-0.83489479 0.52190466 0.17483196
-0.77698492 0.56451259 0.2786036
-0.90468546 -0.17149075 -0.39004505
-0.8656573 -0.29020921 -0.40794124
-0.92393462 -0.24786826 -0.2913866
-0.80820983 -0.41285413 -0.4199385
-0.87696828 -0.37299689 -0.30298507
-0.92819225 -0.32568179 -0.17997364
-0.73262825 -0.53228558 -0.42417911
-0.80983383 -0.49848245 -0.30932898
-0.87169963 -0.45353431 -0.18559739
-0.91441929 -0.40020664 -0.060597014
-0.64239818 -0.64107428 -0.4199385
-0.7243374 -0.61615819 -0.30932898
-0.79465447 -0.57735027 -0.18759246
-0.84806899 -0.52626192 -0.061865796
-0.88236304 -0.4667296 0.059991213
-0.54350818 -0.73360944 -0.40794124
-0.62573922 -0.71878402 -0.30298507
-0.70070676 -0.6888858 -0.18559739
-0.76257256 -0.64393766 -0.061865796
-0.80753027 -0.58670509 0.060597014
-0.83489479 -0.52190466 0.17483196
-0.44266058 -0.80741344 -0.39004505
-0.52124822 -0.80211853 -0.2913866
-0.59656897 -0.78212209 -0.17997364
-0.66319024 -0.74599377 -0.060597014
-0.7165514 -0.69494974 0.059991213
-0.75435751 -0.63275472 0.17483196
-0.77698492 -0.56451259 0.2786036
-0.11646578 -0.91340056 -0.39004505
0.0085025468 -0.91296859 -0.40794124
-0.049774776 -0.95530954 -0.2913866
0.14289704 -0.89623217 -0.4199385
0.083743019 -0.94930878 -0.30298507
0.022914606 -0.9834045 -0.17997364
0.27983909 -0.86125616 -0.42417911
0.22383257 -0.92423729 -0.30932898
0.16196677 -0.96918542 -0.18559739
0.098048034 -0.99333508 -0.060597014
0.41118592 -0.80905983 -0.4199385
0.3621687 -0.87928915 -0.30932898
0.303531 -0.93417236 -0.18759246
0.2384371 -0.96918542 -0.061865796
0.17122105 -0.9834045 0.059991213
0.52975077 -0.74360478 -0.40794124
0.49024017 -0.81722984 -0.30298507
0.43863903 -0.87928915 -0.18559739
0.37677323 -0.92423728 -0.061865796
0.30844912 -0.94930877 0.060597014
0.23836415 -0.95530954 0.17483196
0.63110618 -0.67049971 -0.39004505
0.6017855 -0.74360478 -0.2913866
0.55949236 -0.80905982 -0.17997364
0.50454519 -0.86125615 -0.060597014
0.43950992 -0.89623216 0.059991213
0.36867621 -0.91296859 0.17483196
0.29678183 -0.91340056 0.2786036
0.83270565 -0.39302184 -0.39004505
0.87091216 -0.27403641 -0.40794124
0.89317211 -0.34254551 -0.2913866
0.89652506 -0.14104781 -0.4199385
0.92872431 -0.2137082 -0.30298507
0.94235426 -0.28209562 -0.17997364
0.90557832 2.5385765e-17 -0.42417911
0.94816996 -0.072727609 -0.30932898
0.97180059 -0.14545522 -0.18559739
0.97501631 -0.2137082 -0.060597014
0.89652506 0.14104781 -0.4199385
0.94816996 0.072727609 -0.30932898
0.98224695 3.4927854e-17 -0.18759246
0.99543122 -0.072727609 -0.061865796
0.98818347 -0.14104781 0.059991213
0.87091216 0.27403641 -0.40794124
0.92872431 0.2137082 -0.30298507
0.97180059 0.14545522 -0.18559739
0.99543122 0.072727609 -0.061865796
0.99816231 5.077153e-17 0.060597014
0.98221194 -0.068509102 0.17483196
0.83270565 0.39302184 -0.39004505
0.89317211 0.34254551 -0.2913866
0.94235426 0.28209562 -0.17997364
0.97501631 0.2137082 -0.060597014
0.98818347 0.14104781 0.059991213
0.98221194 0.068509102 0.17483196
0.96040618 3.1123935e-17 0.2786036
