0 0 1
0.8944272 0 0.44721358
0.27639321 0.85065082 0.44721358
-0.72360681 0.52573112 0.44721358
-0.72360681 -0.52573112 0.44721358
0.27639321 -0.85065082 0.44721358
0.72360681 0.52573112 -0.44721358
-0.27639321 0.85065082 -0.44721358
-0.8944272 1.0953574e-16 -0.44721358
-0.27639321 -0.85065082 -0.44721358
0.72360681 -0.52573112 -0.44721358
0 0 -1
0.83471718 0 0.55067888
0.25794179 0.79386321 0.55067888
0.75344306 0 0.65751316
0.23282671 0.71656693 0.65751316
0.64945742 0 0.76039797
0.20069338 0.61767071 0.76039797
0.52573112 0 0.8506508
0.16245985 0.50000001 0.8506508
0.38967445 0 0.92095267
0.12041603 0.37060242 0.92095267
0.25114769 0 0.96794878
0.077608903 0.23885564 0.96794878
0.11924531 0 0.99286482
0.16619917 0.12075077 0.97867108
0.036848828 0.11340903 0.99286482
0.30716918 0.12651931 0.94320727
0.21524751 0.25303863 0.94320727
0.45137706 0.12973191 0.88285241
0.36180341 0.26286556 0.89442719
0.26286556 0.38919573 0.88285241
0.58778526 0.12973191 0.7985475
0.50673186 0.26640471 0.81990936
0.40995469 0.39960706 0.81990936
0.30501801 0.51892764 0.7985475
0.70626002 0.12651931 0.69655556
0.63819661 0.26286556 0.72360679
0.55001193 0.39960706 0.73334922
0.4472136 0.52573112 0.72360679
0.33857337 0.63259657 0.69655556
0.80102351 0.12075077 0.58632805
0.74736863 0.25303863 0.61433833
0.67209017 0.38919573 0.62993769
0.57783442 0.51892764 0.62993769
0.47160364 0.63259657 0.61433833
0.36237068 0.72450459 0.58632805
0.87156601 0.11340903 0.47698122
0.83105196 0.23885564 0.50229535
0.76987344 0.37060242 0.5195659
0.68819097 0.50000001 0.52573109
0.59036783 0.61767071 0.5195659
0.4839744 0.71656693 0.50229535
0.37718711 0.79386321 0.47698122
-0.67530038 0.49063445 0.55067888
-0.60954824 0.44286272 0.65751316
-0.52542209 0.38174149 0.76039797
-0.42532541 0.309017 0.8506508
-0.31525325 0.22904489 0.92095267
-0.20318275 0.14762091 0.96794878
-0.063482434 0.19537884 0.97867108
-0.096471484 0.070090636 0.99286482
-0.025406523 0.33123187 0.94320727
-0.1741389 0.28290579 0.94320727
0.016100804 0.46937446 0.88285241
-0.1381966 0.42532541 0.89442719
-0.28891721 0.3702681 0.88285241
0.058253257 0.59910637 0.7985475
-0.096777174 0.56425422 0.81990936
-0.25336593 0.51337545 0.81990936
-0.39927376 0.45044683 0.7985475
0.097919329 0.71078981 0.69655556
-0.052786405 0.68819097 0.72360679
-0.21008586 0.6465778 0.73334922
-0.36180341 0.58778526 0.72360679
-0.49701017 0.5174855 0.69655556
0.13268908 0.79913267 0.58632805
-0.0097044281 0.78898304 0.61433833
-0.16245985 0.75946383 0.62993769
-0.31496886 0.70991065 0.62993769
-0.45590155 0.64400481 0.61433833
-0.57706612 0.56851923 0.58632805
0.16147031 0.86395385 0.47698122
0.029643963 0.86418784 0.50229535
-0.11455987 0.8467156 0.5195659
-0.26286556 0.80901701 0.52573109
-0.40500606 0.75234391 0.5195659
-0.53193934 0.68171836 0.50229535
-0.63845156 0.60404348 0.47698122
-0.67530038 -0.49063445 0.55067888
-0.60954824 -0.44286272 0.65751316
-0.52542209 -0.38174149 0.76039797
-0.42532541 -0.309017 0.8506508
-0.31525325 -0.22904489 0.92095267
-0.20318275 -0.14762091 0.96794878
-0.20543347 4.7279193e-17 0.97867108
-0.096471484 -0.070090636 0.99286482
-0.32287127 0.078193237 0.94320727
-0.32287127 -0.078193237 0.94320727
-0.44142622 0.16035746 0.88285241
-0.4472136 6.8615557e-17 0.89442719
-0.44142622 -0.16035746 0.88285241
-0.55178277 0.24053619 0.7985475
-0.56654345 0.082323582 0.81990936
-0.56654345 -0.082323582 0.81990936
-0.55178277 -0.24053619 0.7985475
-0.64574254 0.31277295 0.69655556
-0.67082041 0.16245985 0.72360679
-0.67985214 6.9539377e-17 0.73334922
-0.67082041 -0.16245985 0.72360679
-0.64574254 -0.31277295 0.69655556
-0.71901715 0.37314039 0.58632805
-0.7533663 0.23457971 0.61433833
-0.77249588 0.08017873 0.62993769
-0.77249588 -0.08017873 0.62993769
-0.7533663 -0.23457971 0.61433833
-0.71901715 -0.37314039 0.58632805
-0.77177187 0.42054381 0.47698122
-0.81273099 0.29524181 0.50229535
-0.84067534 0.1526966 0.5195659
-0.85065082 1.3051454e-16 0.52573109
-0.84067534 -0.1526966 0.5195659
-0.81273099 -0.29524181 0.50229535
-0.77177187 -0.42054381 0.47698122
0.25794179 -0.79386321 0.55067888
0.23282671 -0.71656693 0.65751316
0.20069338 -0.61767071 0.76039797
0.16245985 -0.50000001 0.8506508
0.12041603 -0.37060242 0.92095267
0.077608903 -0.23885564 0.96794878
-0.063482434 -0.19537884 0.97867108
0.036848828 -0.11340903 0.99286482
-0.1741389 -0.28290579 0.94320727
-0.025406523 -0.33123187 0.94320727
-0.28891721 -0.3702681 0.88285241
-0.1381966 -0.42532541 0.89442719
0.016100804 -0.46937446 0.88285241
-0.39927376 -0.45044683 0.7985475
-0.25336593 -0.51337545 0.81990936
-0.096777174 -0.56425422 0.81990936
0.058253257 -0.59910637 0.7985475
-0.49701017 -0.5174855 0.69655556
-0.36180341 -0.58778526 0.72360679
-0.21008586 -0.6465778 0.73334922
-0.052786405 -0.68819097 0.72360679
0.097919329 -0.71078981 0.69655556
-0.57706612 -0.56851923 0.58632805
-0.45590155 -0.64400481 0.61433833
-0.31496886 -0.70991065 0.62993769
-0.16245985 -0.75946383 0.62993769
-0.0097044281 -0.78898304 0.61433833
0.13268908 -0.79913267 0.58632805
-0.63845156 -0.60404348 0.47698122
-0.53193934 -0.68171836 0.50229535
-0.40500606 -0.75234391 0.5195659
-0.26286556 -0.80901701 0.52573109
-0.11455987 -0.8467156 0.5195659
0.029643963 -0.86418784 0.50229535
0.16147031 -0.86395385 0.47698122
0.16619917 -0.12075077 0.97867108
0.21524751 -0.25303863 0.94320727
0.30716918 -0.12651931 0.94320727
0.26286556 -0.38919573 0.88285241
0.36180341 -0.26286556 0.89442719
0.45137706 -0.12973191 0.88285241
0.30501801 -0.51892764 0.7985475
0.40995469 -0.39960706 0.81990936
0.50673186 -0.26640471 0.81990936
0.58778526 -0.12973191 0.7985475
0.33857337 -0.63259657 0.69655556
0.4472136 -0.52573112 0.72360679
0.55001193 -0.39960706 0.73334922
0.63819661 -0.26286556 0.72360679
0.70626002 -0.12651931 0.69655556
0.36237068 -0.72450459 0.58632805
0.47160364 -0.63259657 0.61433833
0.57783442 -0.51892764 0.62993769
0.67209017 -0.38919573 0.62993769
0.74736863 -0.25303863 0.61433833
0.80102351 -0.12075077 0.58632805
0.37718711 -0.79386321 0.47698122
0.4839744 -0.71656693 0.50229535
0.59036783 -0.61767071 0.5195659
0.68819097 -0.50000001 0.52573109
0.76987344 -0.37060242 0.5195659
0.83105196 -0.23885564 0.50229535
0.87156601 -0.11340903 0.47698122
-0.25794179 0.79386321 -0.55067888
0.67530038 0.49063445 -0.55067888
-0.23282671 0.71656693 -0.65751316
0.60954824 0.44286272 -0.65751316
-0.20069338 0.61767071 -0.76039797
0.52542209 0.38174149 -0.76039797
-0.16245985 0.50000001 -0.8506508
0.42532541 0.309017 -0.8506508
-0.12041603 0.37060242 -0.92095267
0.31525325 0.22904489 -0.92095267
-0.077608903 0.23885564 -0.96794878
0.20318275 0.14762091 -0.96794878
-0.036848828 0.11340903 -0.99286482
0.063482434 0.19537884 -0.97867108
0.096471484 0.070090636 -0.99286482
0.025406523 0.33123187 -0.94320727
0.1741389 0.28290579 -0.94320727
-0.016100804 0.46937446 -0.88285241
0.1381966 0.42532541 -0.89442719
0.28891721 0.3702681 -0.88285241
-0.058253257 0.59910637 -0.7985475
0.096777174 0.56425422 -0.81990936
0.25336593 0.51337545 -0.81990936
0.39927376 0.45044683 -0.7985475
-0.097919329 0.71078981 -0.69655556
0.052786405 0.68819097 -0.72360679
0.21008586 0.6465778 -0.73334922
0.36180341 0.58778526 -0.72360679
0.49701017 0.5174855 -0.69655556
-0.13268908 0.79913267 -0.58632805
0.0097044281 0.78898304 -0.61433833
0.16245985 0.75946383 -0.62993769
0.31496886 0.70991065 -0.62993769
0.45590155 0.64400481 -0.61433833
0.57706612 0.56851923 -0.58632805
-0.16147031 0.86395385 -0.47698122
-0.029643963 0.86418784 -0.50229535
0.11455987 0.8467156 -0.5195659
0.26286556 0.80901701 -0.52573109
0.40500606 0.75234391 -0.5195659
0.53193934 0.68171836 -0.50229535
0.63845156 0.60404348 -0.47698122
-0.83471718 1.0222337e-16 -0.55067888
-0.75344306 9.2270163e-17 -0.65751316
-0.64945742 7.9535594e-17 -0.76039797
-0.52573112 6.4383493e-17 -0.8506508
-0.38967445 4.7721357e-17 -0.92095267
-0.25114769 3.0756721e-17 -0.96794878
-0.11924531 1.4603339e-17 -0.99286482
-0.16619917 0.12075077 -0.97867108
-0.30716918 0.12651931 -0.94320727
-0.21524751 0.25303863 -0.94320727
-0.45137706 0.12973191 -0.88285241
-0.36180341 0.26286556 -0.89442719
-0.26286556 0.38919573 -0.88285241
-0.58778526 0.12973191 -0.7985475
-0.50673186 0.26640471 -0.81990936
-0.40995469 0.39960706 -0.81990936
-0.30501801 0.51892764 -0.7985475
-0.70626002 0.12651931 -0.69655556
-0.63819661 0.26286556 -0.72360679
-0.55001193 0.39960706 -0.73334922
-0.4472136 0.52573112 -0.72360679
-0.33857337 0.63259657 -0.69655556
-0.80102351 0.12075077 -0.58632805
-0.74736863 0.25303863 -0.61433833
-0.67209017 0.38919573 -0.62993769
-0.57783442 0.51892764 -0.62993769
-0.47160364 0.63259657 -0.61433833
-0.36237068 0.72450459 -0.58632805
-0.87156601 0.11340903 -0.47698122
-0.83105196 0.23885564 -0.50229535
-0.76987344 0.37060242 -0.5195659
-0.68819097 0.50000001 -0.52573109
-0.59036783 0.61767071 -0.5195659
-0.4839744 0.71656693 -0.50229535
-0.37718711 0.79386321 -0.47698122
-0.25794179 -0.79386321 -0.55067888
-0.23282671 -0.71656693 -0.65751316
-0.20069338 -0.61767071 -0.76039797
-0.16245985 -0.50000001 -0.8506508
-0.12041603 -0.37060242 -0.92095267
-0.077608903 -0.23885564 -0.96794878
-0.036848828 -0.11340903 -0.99286482
-0.16619917 -0.12075077 -0.97867108
-0.21524751 -0.25303863 -0.94320727
-0.30716918 -0.12651931 -0.94320727
-0.26286556 -0.38919573 -0.88285241
-0.36180341 -0.26286556 -0.89442719
-0.45137706 -0.12973191 -0.88285241
-0.30501801 -0.51892764 -0.7985475
-0.40995469 -0.39960706 -0.81990936
-0.50673186 -0.26640471 -0.81990936
-0.58778526 -0.12973191 -0.7985475
-0.33857337 -0.63259657 -0.69655556
-0.4472136 -0.52573112 -0.72360679
-0.55001193 -0.39960706 -0.73334922
-0.63819661 -0.26286556 -0.72360679
-0.70626002 -0.12651931 -0.69655556
-0.36237068 -0.72450459 -0.58632805
-0.47160364 -0.63259657 -0.61433833
-0.57783442 -0.51892764 -0.62993769
-0.67209017 -0.38919573 -0.62993769
-0.74736863 -0.25303863 -0.61433833
-0.80102351 -0.12075077 -0.58632805
-0.37718711 -0.79386321 -0.47698122
-0.4839744 -0.71656693 -0.50229535
-0.59036783 -0.61767071 -0.5195659
-0.68819097 -0.50000001 -0.52573109
-0.76987344 -0.37060242 -0.5195659
-0.83105196 -0.23885564 -0.50229535
-0.87156601 -0.11340903 -0.47698122
0.67530038 -0.49063445 -0.55067888
0.60954824 -0.44286272 -0.65751316
0.52542209 -0.38174149 -0.76039797
0.42532541 -0.309017 -0.8506508
0.31525325 -0.22904489 -0.92095267
0.20318275 -0.14762091 -0.96794878
0.096471484 -0.070090636 -0.99286482
0.063482434 -0.19537884 -0.97867108
0.1741389 -0.28290579 -0.94320727
0.025406523 -0.33123187 -0.94320727
0.28891721 -0.3702681 -0.88285241
0.1381966 -0.42532541 -0.89442719
-0.016100804 -0.46937446 -0.88285241
0.39927376 -0.45044683 -0.7985475
0.25336593 -0.51337545 -0.81990936
0.096777174 -0.56425422 -0.81990936
-0.058253257 -0.59910637 -0.7985475
0.49701017 -0.5174855 -0.69655556
0.36180341 -0.58778526 -0.72360679
0.21008586 -0.6465778 -0.73334922
0.052786405 -0.68819097 -0.72360679
-0.097919329 -0.71078981 -0.69655556
0.57706612 -0.56851923 -0.58632805
0.45590155 -0.64400481 -0.61433833
0.31496886 -0.70991065 -0.62993769
0.16245985 -0.75946383 -0.62993769
0.0097044281 -0.78898304 -0.61433833
-0.13268908 -0.79913267 -0.58632805
0.63845156 -0.60404348 -0.47698122
0.53193934 -0.68171836 -0.50229535
0.40500606 -0.75234391 -0.5195659
0.26286556 -0.80901701 -0.52573109
0.11455987 -0.8467156 -0.5195659
-0.029643963 -0.86418784 -0.50229535
-0.16147031 -0.86395385 -0.47698122
0.20543347 -1.5759731e-17 -0.97867108
0.32287127 0.078193237 -0.94320727
0.32287127 -0.078193237 -0.94320727
0.44142622 0.16035746 -0.88285241
0.4472136 0 -0.89442719
0.44142622 -0.16035746 -0.88285241
0.55178277 0.24053619 -0.7985475
0.56654345 0.082323582 -0.81990936
0.56654345 -0.082323582 -0.81990936
0.55178277 -0.24053619 -0.7985475
0.64574254 0.31277295 -0.69655556
0.67082041 0.16245985 -0.72360679
0.67985214 0 -0.73334922
0.67082041 -0.16245985 -0.72360679
0.64574254 -0.31277295 -0.69655556
0.71901715 0.37314039 -0.58632805
0.7533663 0.23457971 -0.61433833
0.77249588 0.08017873 -0.62993769
0.77249588 -0.08017873 -0.62993769
0.7533663 -0.23457971 -0.61433833
0.71901715 -0.37314039 -0.58632805
0.77177187 0.42054381 -0.47698122
0.81273099 0.29524181 -0.50229535
0.84067534 0.1526966 -0.5195659
0.85065082 0 -0.52573109
0.84067534 -0.1526966 -0.5195659
0.81273099 -0.29524181 -0.50229535
0.77177187 -0.42054381 -0.47698122
0.79454569 0.49063445 -0.35773591
0.86069592 0.44286271 -0.25114767
0.91509652 0.38174148 -0.12989147
0.95105652 0.30901699 0
0.96471065 0.22904489 0.12989147
0.9566258 0.1476209 0.25114767
0.93118866 0.070090635 0.35773591
0.90374024 0.19537884 0.38089458
0.92150752 0.28290578 0.26606054
0.85499238 0.33123186 0.39909082
0.91885491 0.37026809 0.13640819
0.8618034 0.42532541 0.27639319
0.78244672 0.46937446 0.40922458
0.89280326 0.45044682 -1.6931901e-17
0.84665792 0.51337544 0.14005723
0.7766293 0.56425421 0.28011447
0.68819097 0.59910636 0.40922458
0.84528795 0.51748549 -0.13303027
0.80901699 0.58778525 3.4307778e-17
0.74988074 0.64657779 0.14005723
0.6708204 0.68819096 0.27639319
0.5792274 0.7107898 0.39909082
0.78249958 0.56851922 -0.25392972
0.75336629 0.6440048 -0.13303027
0.70429176 0.70991064 -3.3863801e-17
0.63608766 0.75946382 0.13640819
0.55382087 0.78898303 0.26606054
0.46508741 0.79913266 0.38089458
0.71214921 0.60404348 -0.35773591
0.68715714 0.68171836 -0.25114767
0.6458381 0.7523439 -0.12989147
0.58778525 0.80901699 -3.2628636e-17
0.51594662 0.84671559 0.12989147
0.43600945 0.86418783 0.25114767
0.35441328 0.86395384 0.35773591
-0.22109297 0.90727224 -0.35773591
-0.15521781 0.95542257 -0.25114767
-0.08027735 0.98827312 -0.12989147
6.5257271e-17 1 0
0.08027735 0.98827312 0.12989147
0.15521781 0.95542257 0.25114767
0.22109297 0.90727224 0.35773591
0.093454773 0.91988343 0.38089458
0.015702094 0.96382842 0.26606054
-0.050813045 0.91550235 0.39909082
-0.0682041 0.98830208 0.13640819
-0.1381966 0.95105652 0.27639319
-0.2046123 0.88919573 0.40922458
-0.152509 0.98830208 -1.6931901e-17
-0.22661737 0.96386126 0.14005723
-0.296646 0.9129825 0.28011447
-0.35712131 0.83964255 0.40922458
-0.2309496 0.96382842 -0.13303027
-0.30901699 0.95105652 3.4307778e-17
-0.38320613 0.91298249 0.14005723
-0.4472136 0.85065081 0.27639319
-0.49701016 0.77052412 0.39909082
-0.29888824 0.91988342 -0.25392972
-0.37968198 0.91550234 -0.13303027
-0.45752701 0.88919572 -3.3863801e-17
-0.52573111 0.83964254 0.13640819
-0.57922739 0.77052412 0.26606054
-0.61630041 0.68926999 0.38089458
-0.35441328 0.86395384 -0.35773591
-0.43600945 0.86418783 -0.25114767
-0.51594662 0.84671559 -0.12989147
-0.58778525 0.80901699 -3.2628636e-17
-0.6458381 0.7523439 0.12989147
-0.68715714 0.68171836 0.25114767
-0.71214921 0.60404348 0.35773591
-0.93118866 0.070090635 -0.35773591
-0.9566258 0.1476209 -0.25114767
-0.96471065 0.22904489 -0.12989147
-0.95105652 0.30901699 0
-0.91509652 0.38174148 0.12989147
-0.86069592 0.44286271 0.25114767
-0.79454569 0.49063445 0.35773591
-0.84598202 0.37314038 0.38089458
-0.91180309 0.31277294 0.26606054
-0.88639657 0.23457971 0.39909082
-0.96100736 0.24053619 0.13640819
-0.9472136 0.16245985 0.27639319
-0.90890407 0.080178729 0.40922458
-0.98705901 0.16035746 -1.6931901e-17
-0.98671516 0.08232358 0.14005723
-0.95996661 1.3907875e-16 0.28011447
-0.90890407 -0.080178729 0.40922458
-0.98802265 0.078193235 -0.13303027
-1 1.3723111e-16 3.4307778e-17
-0.98671516 -0.08232358 0.14005723
-0.9472136 -0.16245985 0.27639319
-0.88639657 -0.23457971 0.39909082
-0.96722267 1.2607785e-16 -0.25392972
-0.98802265 -0.078193235 -0.13303027
-0.98705901 -0.16035746 -3.3863801e-17
-0.96100736 -0.24053619 0.13640819
-0.91180309 -0.31277294 0.26606054
-0.84598202 -0.37314038 0.38089458
-0.93118866 -0.070090635 -0.35773591
-0.9566258 -0.1476209 -0.25114767
-0.96471065 -0.22904489 -0.12989147
-0.95105652 -0.30901699 -3.2628636e-17
-0.91509652 -0.38174148 0.12989147
-0.86069592 -0.44286271 0.25114767
-0.79454569 -0.49063445 0.35773591
-0.35441328 -0.86395384 -0.35773591
-0.43600945 -0.86418783 -0.25114767
-0.51594662 -0.84671559 -0.12989147
-0.58778525 -0.80901699 0
-0.6458381 -0.7523439 0.12989147
-0.68715714 -0.68171836 0.25114767
-0.71214921 -0.60404348 0.35773591
-0.61630041 -0.68926999 0.38089458
-0.57922739 -0.77052412 0.26606054
-0.49701016 -0.77052412 0.39909082
-0.52573111 -0.83964254 0.13640819
-0.4472136 -0.85065081 0.27639319
-0.35712131 -0.83964255 0.40922458
-0.45752701 -0.88919572 -1.6931901e-17
-0.38320613 -0.91298249 0.14005723
-0.296646 -0.9129825 0.28011447
-0.2046123 -0.88919573 0.40922458
-0.37968198 -0.91550234 -0.13303027
-0.30901699 -0.95105652 3.4307778e-17
-0.22661737 -0.96386126 0.14005723
-0.1381966 -0.95105652 0.27639319
-0.050813045 -0.91550235 0.39909082
-0.29888824 -0.91988342 -0.25392972
-0.2309496 -0.96382842 -0.13303027
-0.152509 -0.98830208 -3.3863801e-17
-0.0682041 -0.98830208 0.13640819
0.015702094 -0.96382842 0.26606054
0.093454773 -0.91988343 0.38089458
-0.22109297 -0.90727224 -0.35773591
-0.15521781 -0.95542257 -0.25114767
-0.08027735 -0.98827312 -0.12989147
-1.9577181e-16 -1 -3.2628636e-17
0.08027735 -0.98827312 0.12989147
0.15521781 -0.95542257 0.25114767
0.22109297 -0.90727224 0.35773591
0.71214921 -0.60404348 -0.35773591
0.68715714 -0.68171836 -0.25114767
0.6458381 -0.7523439 -0.12989147
0.58778525 -0.80901699 0
0.51594662 -0.84671559 0.12989147
0.43600945 -0.86418783 0.25114767
0.35441328 -0.86395384 0.35773591
0.46508741 -0.79913266 0.38089458
0.55382087 -0.78898303 0.26606054
0.5792274 -0.7107898 0.39909082
0.63608766 -0.75946382 0.13640819
0.6708204 -0.68819096 0.27639319
0.68819097 -0.59910636 0.40922458
0.70429176 -0.70991064 -1.6931901e-17
0.74988074 -0.64657779 0.14005723
0.7766293 -0.56425421 0.28011447
0.78244672 -0.46937446 0.40922458
0.75336629 -0.6440048 -0.13303027
0.80901699 -0.58778525 3.4307778e-17
0.84665792 -0.51337544 0.14005723
0.8618034 -0.42532541 0.27639319
0.85499238 -0.33123186 0.39909082
0.78249958 -0.56851922 -0.25392972
0.84528795 -0.51748549 -0.13303027
0.89280326 -0.45044682 -3.3863801e-17
0.91885491 -0.37026809 0.13640819
0.92150752 -0.28290578 0.26606054
0.90374024 -0.19537884 0.38089458
0.79454569 -0.49063445 -0.35773591
0.86069592 -0.44286271 -0.25114767
0.91509652 -0.38174148 -0.12989147
0.95105652 -0.30901699 -3.2628636e-17
0.96471065 -0.22904489 0.12989147
0.9566258 -0.1476209 0.25114767
0.93118866 -0.070090635 0.35773591
0.61630041 0.68926999 -0.38089458
0.49701016 0.77052412 -0.39909082
0.57922739 0.77052412 -0.26606054
0.35712131 0.83964255 -0.40922458
0.4472136 0.85065081 -0.27639319
0.52573111 0.83964254 -0.13640819
0.2046123 0.88919573 -0.40922458
0.296646 0.9129825 -0.28011447
0.38320613 0.91298249 -0.14005723
0.45752701 0.88919572 -3.3863801e-17
0.050813045 0.91550235 -0.39909082
0.1381966 0.95105652 -0.27639319
0.22661737 0.96386126 -0.14005723
0.30901699 0.95105652 -1.0292333e-16
0.37968198 0.91550234 0.13303027
-0.093454773 0.91988343 -0.38089458
-0.015702094 0.96382842 -0.26606054
0.0682041 0.98830208 -0.13640819
0.152509 0.98830208 -1.015914e-16
0.2309496 0.96382842 0.13303027
0.29888824 0.91988342 0.25392972
-0.46508741 0.79913266 -0.38089458
-0.5792274 0.7107898 -0.39909082
-0.55382087 0.78898303 -0.26606054
-0.68819097 0.59910636 -0.40922458
-0.6708204 0.68819096 -0.27639319
-0.63608766 0.75946382 -0.13640819
-0.78244672 0.46937446 -0.40922458
-0.7766293 0.56425421 -0.28011447
-0.74988074 0.64657779 -0.14005723
-0.70429176 0.70991064 -3.3863801e-17
-0.85499238 0.33123186 -0.39909082
-0.8618034 0.42532541 -0.27639319
-0.84665792 0.51337544 -0.14005723
-0.80901699 0.58778525 -1.0292333e-16
-0.75336629 0.6440048 0.13303027
-0.90374024 0.19537884 -0.38089458
-0.92150752 0.28290578 -0.26606054
-0.91885491 0.37026809 -0.13640819
-0.89280326 0.45044682 -1.015914e-16
-0.84528795 0.51748549 0.13303027
-0.78249958 0.56851922 0.25392972
-0.90374024 -0.19537884 -0.38089458
-0.85499238 -0.33123186 -0.39909082
-0.92150752 -0.28290578 -0.26606054
-0.78244672 -0.46937446 -0.40922458
-0.8618034 -0.42532541 -0.27639319
-0.91885491 -0.37026809 -0.13640819
-0.68819097 -0.59910636 -0.40922458
-0.7766293 -0.56425421 -0.28011447
-0.84665792 -0.51337544 -0.14005723
-0.89280326 -0.45044682 -3.3863801e-17
-0.5792274 -0.7107898 -0.39909082
-0.6708204 -0.68819096 -0.27639319
-0.74988074 -0.64657779 -0.14005723
-0.80901699 -0.58778525 -1.0292333e-16
-0.84528795 -0.51748549 0.13303027
-0.46508741 -0.79913266 -0.38089458
-0.55382087 -0.78898303 -0.26606054
-0.63608766 -0.75946382 -0.13640819
-0.70429176 -0.70991064 -1.015914e-16
-0.75336629 -0.6440048 0.13303027
-0.78249958 -0.56851922 0.25392972
-0.093454773 -0.91988343 -0.38089458
0.050813045 -0.91550235 -0.39909082
-0.015702094 -0.96382842 -0.26606054
0.2046123 -0.88919573 -0.40922458
0.1381966 -0.95105652 -0.27639319
0.0682041 -0.98830208 -0.13640819
0.35712131 -0.83964255 -0.40922458
0.296646 -0.9129825 -0.28011447
0.22661737 -0.96386126 -0.14005723
0.152509 -0.98830208 -3.3863801e-17
0.49701016 -0.77052412 -0.39909082
0.4472136 -0.85065081 -0.27639319
0.38320613 -0.91298249 -0.14005723
0.30901699 -0.95105652 -1.0292333e-16
0.2309496 -0.96382842 0.13303027
0.61630041 -0.68926999 -0.38089458
0.57922739 -0.77052412 -0.26606054
0.52573111 -0.83964254 -0.13640819
0.45752701 -0.88919572 -1.015914e-16
0.37968198 -0.91550234 0.13303027
0.29888824 -0.91988342 0.25392972
0.84598202 -0.37314038 -0.38089458
0.88639657 -0.23457971 -0.39909082
0.91180309 -0.31277294 -0.26606054
0.90890407 -0.080178729 -0.40922458
0.9472136 -0.16245985 -0.27639319
0.96100736 -0.24053619 -0.13640819
0.90890407 0.080178729 -0.40922458
0.95996661 -6.9539376e-17 -0.28011447
0.98671516 -0.08232358 -0.14005723
0.98705901 -0.16035746 -3.3863801e-17
0.88639657 0.23457971 -0.39909082
0.9472136 0.16245985 -0.27639319
0.98671516 0.08232358 -0.14005723
1 -3.4307778e-17 -1.0292333e-16
0.98802265 -0.078193235 0.13303027
0.84598202 0.37314038 -0.38089458
0.91180309 0.31277294 -0.26606054
0.96100736 0.24053619 -0.13640819
0.98705901 0.16035746 -1.015914e-16
0.98802265 0.078193235 0.13303027
0.96722267 -3.1519462e-17 0.25392972
