0.28209481 0 0.48860252 0 0 0 0.63078314 0 0 0 0 0 0.74635267 0 0 0
0.28209481 0 0.21850967 -0.43701938 0 0 -0.12615664 -0.43701935 0.43701938 0 0 0 -0.33377907 3.3592887e-08 0.51708829 -0.42220083
0.28209481 -0.41563013 0.21850967 -0.13504641 0.25687355 -0.4156301 -0.12615664 -0.13504641 -0.3535561 0.24816343 0.30393687 3.1948733e-08 -0.33377907 1.0380773e-08 -0.4183332 0.34156767
0.28209481 -0.25687355 0.21850967 0.3535561 -0.41563013 -0.25687355 -0.12615664 0.3535561 0.13504642 -0.40153685 -0.49178019 1.9745404e-08 -0.33377907 -2.7177215e-08 0.15978907 -0.13046724
0.28209481 0.25687355 0.21850967 0.3535561 0.41563013 0.25687355 -0.12615664 0.3535561 0.13504642 0.40153685 0.49178019 -1.9745404e-08 -0.33377907 -2.7177215e-08 0.15978907 -0.13046724
0.28209481 0.41563013 0.21850967 -0.13504641 -0.25687355 0.4156301 -0.12615664 -0.13504641 -0.3535561 -0.24816343 -0.30393687 -3.1948733e-08 -0.33377907 1.0380773e-08 -0.4183332 0.34156767
0.28209481 -0.25687355 -0.21850967 -0.3535561 0.41563013 0.25687355 -0.12615664 0.3535561 0.13504642 -0.40153685 -0.49178019 1.9745404e-08 0.33377907 2.7177215e-08 -0.15978907 0.13046724
0.28209481 -0.41563013 -0.21850967 0.13504641 -0.25687355 0.4156301 -0.12615664 -0.13504641 -0.3535561 0.24816343 0.30393687 3.1948733e-08 0.33377907 -1.0380773e-08 0.4183332 -0.34156767
0.28209481 -5.3519439e-17 -0.21850967 0.43701938 -1.0703888e-16 5.3519436e-17 -0.12615664 -0.43701935 0.43701938 -1.5511407e-16 1.266501e-16 4.113942e-24 0.33377907 -3.3592887e-08 -0.51708829 0.42220083
0.28209481 0.41563013 -0.21850967 0.13504641 0.25687355 -0.4156301 -0.12615664 -0.13504641 -0.3535561 -0.24816343 -0.30393687 -3.1948733e-08 0.33377907 -1.0380773e-08 0.4183332 -0.34156767
0.28209481 0.25687355 -0.21850967 -0.3535561 -0.41563013 -0.25687355 -0.12615664 0.3535561 0.13504642 0.40153685 0.49178019 -1.9745404e-08 0.33377907 2.7177215e-08 -0.15978907 0.13046724
0.28209481 0 -0.48860252 0 0 0 0.63078314 0 0 0 0 0 -0.74635267 0 0 0
0.28209481 0 0.2764897 -0.40284717 0 0 -0.01240881 -0.50973988 0.37134704 0 0 0 -0.29541069 -0.22650933 0.55597121 -0.3307029
0.28209481 -0.38313043 0.2764897 -0.12448663 0.21827231 -0.48479146 -0.01240881 -0.15751828 -0.30042607 0.19438228 0.32679164 -0.21542318 -0.29541069 -0.069995232 -0.44979012 0.26754427
0.28209481 0 0.33600482 -0.35472974 0 0 0.13206504 -0.54547191 0.28793502 0 0 0 -0.16307266 -0.452786 0.52388179 -0.22579263
0.28209481 -0.33736801 0.33600482 -0.10961752 0.16924396 -0.51877463 0.13206504 -0.16856009 -0.23294432 0.13271758 0.30792999 -0.43062508 -0.16307266 -0.13991857 -0.42382929 0.18267009
0.28209481 0 0.39142793 -0.29243219 0 0 0.29185292 -0.52384925 0.19568145 0 0 0 0.06246572 -0.60424638 0.41475803 -0.12650059
0.28209481 -0.27811953 0.39142793 -0.09036652 0.11501867 -0.49821022 0.29185292 -0.16187832 -0.15830962 0.074355178 0.24378866 -0.57467246 0.06246572 -0.1867224 -0.33554631 0.10234113
0.28209481 0 0.43661121 -0.21932414 0 0 0.44013488 -0.43823859 0.11007082 0 0 0 0.33097678 -0.61394459 0.26023182 -0.053367436
0.28209481 -0.20858966 0.43661121 -0.067774884 0.064698003 -0.41678965 0.44013488 -0.13542317 -0.08904916 0.031368591 0.15296042 -0.58389604 0.33097678 -0.18971932 -0.21053196 0.043175165
0.28209481 0 0.46754584 -0.1418919 0 0 0.55098826 -0.30360651 0.046069603 0 0 0 0.56361187 -0.4749434 0.11663583 -0.014450729
0.28209481 -0.13494721 0.46754584 -0.043847006 0.027079033 -0.28874695 0.55098826 -0.093819574 -0.037271094 0.0084939254 0.068556823 -0.45169804 0.56361187 -0.14676559 -0.094360366 0.011690885
0.28209481 0 0.48396742 -0.067141198 0 0 0.61291671 -0.14870806 0.010315196 0 0 0 0.7043736 -0.2452897 0.027032545 -0.0015310319
0.28209481 -0.068478599 0.47450978 -0.094252706 0.029537791 -0.14870629 0.57698929 -0.20467666 0.0095974104 -0.007607324 0.075895585 -0.2380143 0.62180257 -0.32759857 0.024659971 0.0024717695
0.28209481 -0.063855074 0.48396742 -0.020747771 0.00606312 -0.14142977 0.61291671 -0.045953318 -0.0083451681 0.00089991797 0.015889332 -0.23328435 0.7043736 -0.075798683 -0.021869788 0.0012386309
0.28209481 -0.071786404 0.45078093 -0.1742862 0.057257775 -0.14809385 0.48997021 -0.35954881 0.057714581 -0.031219436 0.13976337 -0.21863265 0.43238753 -0.53080601 0.14087841 -0.013150038
0.28209481 -0.14357281 0.45078093 -0.12213032 0.080246292 -0.2961877 0.48997021 -0.25195232 -0.013036801 -0.017527657 0.19587718 -0.43726531 0.43238753 -0.37196007 -0.031822179 0.028988928
0.28209481 -0.073000289 0.41096506 -0.25399038 0.084853768 -0.13729627 0.35398376 -0.47769582 0.13542207 -0.069497801 0.18882929 -0.17325889 0.16863857 -0.60282075 0.30136141 -0.06234343
0.28209481 -0.14855583 0.41815761 -0.20446956 0.13901052 -0.28428832 0.37761912 -0.39128929 0.045167256 -0.077666968 0.31476104 -0.36993861 0.21147962 -0.50917679 0.10227206 0.025235528
0.28209481 -0.21900086 0.41096506 -0.14791474 0.14824723 -0.41188884 0.35398376 -0.27819264 -0.059682958 -0.019580357 0.32990187 -0.51977664 0.16863857 -0.35106084 -0.13281544 0.091286682
0.28209481 -0.071786404 0.35748166 -0.32524759 0.10685272 -0.1174425 0.19109449 -0.53210479 0.23027056 -0.11337011 0.20683911 -0.11257657 -0.0883274 -0.5100584 0.44574401 -0.14860877
0.28209481 -0.14855583 0.3698889 -0.28256997 0.19210781 -0.25147238 0.22686212 -0.47832888 0.13220686 -0.16341922 0.38477746 -0.25923291 -0.037995797 -0.49309033 0.26480037 -0.019495517
0.28209481 -0.22283374 0.3698889 -0.22860391 0.23312771 -0.37720856 0.22686212 -0.38697618 0.0059605422 -0.12074975 0.46693724 -0.38884938 -0.037995797 -0.39891845 0.011938517 0.11182761
0.28209481 -0.28714561 0.35748166 -0.16877995 0.22179531 -0.46976998 0.19109449 -0.27612385 -0.12348635 -0.0043683052 0.42933813 -0.4503063 -0.0883274 -0.2646834 -0.23903751 0.1868643
0.28209481 -0.068478599 0.29650939 -0.38226336 0.11979725 -0.092922874 0.03305554 -0.51871693 0.32363772 -0.15022694 0.19234399 -0.053893182 -0.2623919 -0.30084419 0.51962608 -0.25535369
0.28209481 -0.14357281 0.31083202 -0.3485724 0.2290311 -0.20423363 0.067531459 -0.49584743 0.23085833 -0.24975549 0.38549039 -0.13746046 -0.23181526 -0.33373258 0.38856587 -0.10520031
0.28209481 -0.21900086 0.31608811 -0.30142882 0.30210641 -0.31679863 0.080591179 -0.4360359 0.098160319 -0.24883117 0.51708436 -0.22381513 -0.21907426 -0.3080551 0.16801091 0.080850147
0.28209481 -0.28714561 0.31083202 -0.24426064 0.32098517 -0.40846726 0.067531459 -0.34746301 -0.052147202 -0.14022124 0.54026157 -0.27492091 -0.23181526 -0.2338617 -0.087770812 0.23191142
0.28209481 -0.34239301 0.29650939 -0.18325289 0.28714749 -0.46461439 0.03305554 -0.24866726 -0.19141336 0.028556997 0.46103811 -0.26946592 -0.2623919 -0.14422143 -0.30732936 0.29488665
0.28209481 -0.063855074 0.23499417 -0.42359495 0.12378713 -0.068672337 -0.096527666 -0.45555118 0.40125272 -0.17255718 0.15751645 -0.0093522165 -0.33085796 -0.062039733 0.51058543 -0.35826531
0.28209481 -0.13494721 0.2483108 -0.39857674 0.24615301 -0.15335178 -0.071019731 -0.45293602 0.32184538 -0.31290039 0.33097416 -0.036779761 -0.32404304 -0.1086318 0.43274912 -0.21014863
0.28209481 -0.20858966 0.25587815 -0.36020708 0.34385419 -0.24426165 -0.055898141 -0.42180794 0.19733563 -0.3648015 0.47643194 -0.072442636 -0.31830171 -0.12509897 0.27342111 0.0014208527
0.28209481 -0.27811953 0.25587815 -0.30969065 0.39417484 -0.32568219 -0.055898141 -0.36265245 0.042464539 -0.29596576 0.54615444 -0.096590184 -0.31830171 -0.10755475 0.058837328 0.21327545
0.28209481 -0.33736801 0.2483108 -0.2515094 0.38831794 -0.38337946 -0.071019731 -0.28581113 -0.11569327 -0.12961946 0.52212727 -0.091949403 -0.32404304 -0.068548702 -0.15555967 0.35393205
0.28209481 -0.38313043 0.23499417 -0.19162782 0.33599633 -0.412034 -0.096527666 -0.20608433 -0.25186002 0.070981376 0.42754805 -0.056113299 -0.33085796 -0.028065817 -0.32048643 0.3912693
0.28209481 -0.23678763 0.2764897 0.32591021 -0.35317203 -0.29961759 -0.01240881 0.41238824 0.11475255 -0.31451714 -0.52876002 -0.13313885 -0.29541069 0.18324991 0.17180455 -0.10219281
0.28209481 -0.2085049 0.33600482 0.28698239 -0.27384248 -0.32062036 0.13206504 0.44129604 0.088976815 -0.21474156 -0.49824119 -0.26614094 -0.16307266 0.36631155 0.16188838 -0.069773763
0.28209481 -0.17188732 0.39142793 0.23658261 -0.18610412 -0.30791086 0.29185292 0.42380291 0.060468897 -0.12030921 -0.39445832 -0.35516712 0.06246572 0.48884562 0.12816729 -0.039090831
0.28209481 -0.1289155 0.43661121 0.17743696 -0.10468357 -0.25759017 0.44013488 0.35454246 0.034013752 -0.050755449 -0.24749516 -0.36086759 0.33097678 0.49669161 0.080416054 -0.016491445
0.28209481 -0.083401963 0.46754584 0.11479295 -0.043814797 -0.17845543 0.55098826 0.24562283 0.01423629 -0.013743459 -0.11092727 -0.27916473 0.56361187 0.38423729 0.036042452 -0.0044655208
0.28209481 -0.11080071 0.47450978 0.036001332 -0.018255359 -0.24061184 0.57698929 0.078179523 -0.025126345 0.004701585 -0.04690605 -0.38511524 0.62180257 0.12513152 -0.064560637 -0.0064711762
0.28209481 -0.039464604 0.48396742 0.054318368 -0.0098103341 -0.087408409 0.61291671 0.12030735 0.0031875707 -0.0014560978 -0.025709478 -0.14417766 0.7043736 0.19844353 0.0083535155 -0.00047311487
0.28209481 -0.18793924 0.45078093 0.014415529 -0.012398735 -0.38771474 0.48997021 0.029738937 -0.080347352 0.032986451 -0.030264689 -0.5723877 0.43238753 0.043903932 -0.19612387 -0.0077117197
0.28209481 -0.16051927 0.45078093 0.098805502 -0.072583459 -0.33114791 0.48997021 0.2038337 -0.036620595 -0.002859093 -0.17717257 -0.48887748 0.43238753 0.30092204 -0.089389041 -0.033755034
0.28209481 -0.26411754 0.41096506 -0.0090599405 0.010950952 -0.49674261 0.35398376 -0.017039604 -0.15943454 0.092869453 0.024369694 -0.62685651 0.16863857 -0.021502862 -0.35479757 0.0095871091
0.28209481 -0.24036838 0.41815761 0.078100421 -0.085913226 -0.45998815 0.37761912 0.14945921 -0.11824941 0.048000827 -0.19453302 -0.59857327 0.21147962 0.19448824 -0.26775172 -0.066067472
0.28209481 -0.20835027 0.41096506 0.16257404 -0.15501529 -0.39185756 0.35398376 0.3057633 -0.038853008 -0.037816122 -0.34496319 -0.49449852 0.16863857 0.3858532 -0.086461522 -0.085361518
0.28209481 -0.33151203 0.35748166 -0.032234102 0.048903979 -0.54235345 0.19109449 -0.052734967 -0.24909925 0.1790684 0.094665408 -0.51988244 -0.0883274 -0.050550032 -0.48219147 0.053589739
0.28209481 -0.3146463 0.3698889 0.053966064 -0.077709243 -0.53262705 0.22686212 0.091352686 -0.21987572 0.1436681 -0.15564576 -0.54906416 -0.037995797 0.094171874 -0.44039452 -0.080283202
0.28209481 -0.28627464 0.3698889 0.14128499 -0.18510076 -0.4846001 0.22686212 0.23916444 -0.14185122 0.031957977 -0.37074289 -0.49955505 -0.037995797 0.24654517 -0.28411728 -0.16144536
0.28209481 -0.24925214 0.35748166 0.22093582 -0.25201961 -0.4077763 0.19109449 0.36145082 -0.030465452 -0.10630205 -0.48784456 -0.39088118 -0.0883274 0.34647506 -0.058973204 -0.15374403
0.28209481 -0.38471511 0.29650939 -0.052998852 0.093311466 -0.52204388 0.03305554 -0.071917444 -0.33224347 0.27162927 0.14981897 -0.30277374 -0.2623919 -0.041710503 -0.53344327 0.11828431
0.28209481 -0.37587848 0.31083202 0.028831057 -0.049594939 -0.53469056 0.067531459 0.041012444 -0.32138941 0.26389161 -0.083475001 -0.35987616 -0.23181526 0.027603628 -0.54094195 -0.061693758
0.28209481 -0.35435084 0.31608811 0.11513557 -0.18671203 -0.51259094 0.080591179 0.1665509 -0.25698707 0.15378612 -0.31957573 -0.36214048 -0.21907426 0.11766658 -0.43985826 -0.21166843
0.28209481 -0.32103854 0.31083202 0.197611 -0.29033381 -0.45668027 0.067531459 0.28110346 -0.14648238 -0.022872744 -0.48867118 -0.30737093 -0.23181526 0.18919809 -0.2465497 -0.27004027
0.28209481 -0.28008911 0.29650939 0.26900685 -0.34481716 -0.38007036 0.03305554 0.36503214 -0.0139244 -0.19643313 -0.55363131 -0.22043228 -0.2623919 0.21171044 -0.02235673 -0.22178294
0.28209481 -0.42259505 0.23499417 -0.070168257 0.13570455 -0.45447585 -0.096527666 -0.07546179 -0.39738053 0.35018477 0.17268109 -0.061893284 -0.33085796 -0.010276846 -0.50565815 0.18841617
0.28209481 -0.42076999 0.2483108 0.0051754368 -0.0099660046 -0.47815606 -0.071019731 0.0058812811 -0.40506348 0.37666398 -0.013400161 -0.11468054 -0.32404304 0.0014105615 -0.5446431 -0.013904421
0.28209481 -0.40703505 0.25587815 0.087070443 -0.16219291 -0.47664419 -0.055898141 0.10196081 -0.36176032 0.29429546 -0.22472863 -0.14136219 -0.31830171 0.030239334 -0.50124198 -0.21557443
0.28209481 -0.38047698 0.25587815 0.16880773 -0.29393414 -0.44554433 -0.055898141 0.19767641 -0.26604471 0.11408117 -0.4072645 -0.13213865 -0.31830171 0.058626477 -0.36862192 -0.34650779
0.28209481 -0.34345213 0.2483108 0.24313538 -0.38215861 -0.3902933 -0.071019731 0.27629504 -0.13464974 -0.10317168 -0.5138455 -0.093607619 -0.32404304 0.066266365 -0.18104829 -0.36252543
0.28209481 -0.3006427 0.23499417 0.30516243 -0.41986635 -0.32332334 -0.096527666 0.32818407 0.0062653557 -0.28740746 -0.53427082 -0.044032142 -0.33085796 0.044694103 0.0079725301 -0.2748217
0.28209481 0.23678763 0.2764897 0.32591021 0.35317203 0.29961759 -0.01240881 0.41238824 0.11475255 0.31451714 0.52876002 0.13313885 -0.29541069 0.18324991 0.17180455 -0.10219281
0.28209481 0.2085049 0.33600482 0.28698239 0.27384248 0.32062036 0.13206504 0.44129604 0.088976815 0.21474156 0.49824119 0.26614094 -0.16307266 0.36631155 0.16188838 -0.069773763
0.28209481 0.17188732 0.39142793 0.23658261 0.18610412 0.30791086 0.29185292 0.42380291 0.060468897 0.12030921 0.39445832 0.35516712 0.06246572 0.48884562 0.12816729 -0.039090831
0.28209481 0.1289155 0.43661121 0.17743696 0.10468357 0.25759017 0.44013488 0.35454246 0.034013752 0.050755449 0.24749516 0.36086759 0.33097678 0.49669161 0.080416054 -0.016491445
0.28209481 0.083401963 0.46754584 0.11479295 0.043814797 0.17845543 0.55098826 0.24562283 0.01423629 0.013743459 0.11092727 0.27916473 0.56361187 0.38423729 0.036042452 -0.0044655208
0.28209481 -1.4267473e-17 0.47450978 0.11650275 -7.6069845e-18 -3.098286e-17 0.57698929 0.25299427 0.031057872 -2.9387165e-18 -1.9545691e-17 -4.9590126e-17 0.62180257 0.40493411 0.079801336 0.0079988139
0.28209481 0.039464604 0.48396742 0.054318368 0.0098103341 0.087408409 0.61291671 0.12030735 0.0031875707 0.0014560978 0.025709478 0.14417766 0.7043736 0.19844353 0.0083535155 -0.00047311487
0.28209481 -0.044366438 0.45078093 0.18319549 -0.037196204 -0.091527037 0.48997021 0.37792847 0.072290167 -0.022153765 -0.090794072 -0.1351224 0.43238753 0.55794013 0.17645667 0.025627863
0.28209481 0.044366438 0.45078093 0.18319549 0.037196204 0.091527037 0.48997021 0.37792847 0.072290167 0.022153765 0.090794072 0.1351224 0.43238753 0.55794013 0.17645667 0.025627863
0.28209481 -0.090233319 0.41096506 0.24839102 -0.10257278 -0.16970754 0.35398376 0.46716475 0.12254845 -0.080768131 -0.22826028 -0.21415976 0.16863857 0.58953124 0.27271312 0.046831161
0.28209481 -3.095151e-17 0.41815761 0.25273827 -3.579993e-17 -5.9231287e-17 0.37761912 0.48366016 0.1461643 -3.0002824e-17 -8.1061662e-17 -7.7076471e-17 0.21147962 0.62937713 0.33095935 0.081663884
0.28209481 0.090233319 0.41096506 0.24839102 0.10257278 0.16970754 0.35398376 0.46716475 0.12254845 0.080768131 0.22826028 0.21415976 0.16863857 0.58953124 0.27271312 0.046831161
0.28209481 -0.1330993 0.35748166 0.30532581 -0.18598102 -0.21775036 0.19109449 0.49951276 0.17278048 -0.17636864 -0.36001095 -0.20872845 -0.0883274 0.47881678 0.33445817 0.061898749
0.28209481 -0.045906276 0.3698889 0.31592283 -0.066371612 -0.077709235 0.22686212 0.53478795 0.22355954 -0.069040656 -0.13293734 -0.080107376 -0.037995797 0.55129176 0.44777292 0.14939646
0.28209481 0.045906276 0.3698889 0.31592283 0.066371612 0.077709235 0.22686212 0.53478795 0.22355954 0.069040656 0.13293734 0.080107376 -0.037995797 0.55129176 0.44777292 0.14939646
0.28209481 0.1330993 0.35748166 0.30532581 0.18598102 0.21775036 0.19109449 0.49951276 0.17278048 0.17636864 0.36001095 0.20872845 -0.0883274 0.47881678 0.33445817 0.061898749
0.28209481 -0.16928841 0.29650939 0.34950826 -0.27077839 -0.22971798 0.03305554 0.47426951 0.21394351 -0.28927848 -0.43475619 -0.13323128 -0.2623919 0.27506569 0.3435033 0.063965671
0.28209481 -0.088732876 0.31083202 0.36639097 -0.14878482 -0.12622333 0.067531459 0.52119452 0.28916067 -0.17723012 -0.25042501 -0.084955238 -0.23181526 0.35079256 0.4866966 0.2050229
0.28209481 -4.5628689e-17 0.31608811 0.37258652 -7.7802663e-17 -6.6004791e-17 0.080591179 0.53897005 0.31765348 -9.6123714e-17 -1.3316679e-16 -4.6631738e-17 -0.21907426 0.38077703 0.54369467 0.26163658
0.28209481 0.088732876 0.31083202 0.36639097 0.14878482 0.12622333 0.067531459 0.52119452 0.28916067 0.17723012 0.25042501 0.084955238 -0.23181526 0.35079256 0.4866966 0.2050229
0.28209481 0.16928841 0.29650939 0.34950826 0.27077839 0.22971798 0.03305554 0.47426951 0.21394351 0.28927848 0.43475619 0.13323128 -0.2623919 0.27506569 0.3435033 0.063965671
0.28209481 -0.19732302 0.23499417 0.38022858 -0.34336168 -0.21220918 -0.096527666 0.40891322 0.24172246 -0.39405367 -0.43692034 -0.028899938 -0.33085796 0.055688292 0.30758661 0.053401556
0.28209481 -0.12510294 0.2483108 0.40177533 -0.23002768 -0.14216492 -0.071019731 0.45657083 0.33356112 -0.29655474 -0.30929223 -0.034096714 -0.32404304 0.10950357 0.44850197 0.23264645
0.28209481 -0.042971831 0.25587815 0.41401958 -0.081420556 -0.050320666 -0.055898141 0.4848232 0.38800484 -0.11137855 -0.11281338 -0.014924004 -0.31830171 0.14378791 0.53760546 0.34738591
0.28209481 0.042971831 0.25587815 0.41401958 0.081420556 0.050320666 -0.055898141 0.4848232 0.38800484 0.11137855 0.11281338 0.014924004 -0.31830171 0.14378791 0.53760546 0.34738591
0.28209481 0.12510294 0.2483108 0.40177533 0.23002768 0.14216492 -0.071019731 0.45657083 0.33356112 0.29655474 0.30929223 0.034096714 -0.32404304 0.10950357 0.44850197 0.23264645
0.28209481 0.19732302 0.23499417 0.38022858 0.34336168 0.21220918 -0.096527666 0.40891322 0.24172246 0.39405367 0.43692034 0.028899938 -0.33085796 0.055688292 0.30758661 0.053401556
0.28209481 0.38313043 0.2764897 -0.12448663 -0.21827231 0.48479146 -0.01240881 -0.15751828 -0.30042607 -0.19438228 -0.32679164 0.21542318 -0.29541069 -0.069995232 -0.44979012 0.26754427
0.28209481 0.33736801 0.33600482 -0.10961752 -0.16924396 0.51877463 0.13206504 -0.16856009 -0.23294432 -0.13271758 -0.30792999 0.43062508 -0.16307266 -0.13991857 -0.42382929 0.18267009
0.28209481 0.27811953 0.39142793 -0.09036652 -0.11501867 0.49821022 0.29185292 -0.16187832 -0.15830962 -0.074355178 -0.24378866 0.57467246 0.06246572 -0.1867224 -0.33554631 0.10234113
0.28209481 0.20858966 0.43661121 -0.067774884 -0.064698003 0.41678965 0.44013488 -0.13542317 -0.08904916 -0.031368591 -0.15296042 0.58389604 0.33097678 -0.18971932 -0.21053196 0.043175165
0.28209481 0.13494721 0.46754584 -0.043847006 -0.027079033 0.28874695 0.55098826 -0.093819574 -0.037271094 -0.0084939254 -0.068556823 0.45169804 0.56361187 -0.14676559 -0.094360366 0.011690885
0.28209481 0.11080071 0.47450978 0.036001332 0.018255359 0.24061184 0.57698929 0.078179523 -0.025126345 -0.004701585 0.04690605 0.38511524 0.62180257 0.12513152 -0.064560637 -0.0064711762
0.28209481 0.063855074 0.48396742 -0.020747771 -0.00606312 0.14142977 0.61291671 -0.045953318 -0.0083451681 -0.00089991797 -0.015889332 0.23328435 0.7043736 -0.075798683 -0.021869788 0.0012386309
0.28209481 0.16051927 0.45078093 0.098805502 0.072583459 0.33114791 0.48997021 0.2038337 -0.036620595 0.002859093 0.17717257 0.48887748 0.43238753 0.30092204 -0.089389041 -0.033755034
0.28209481 0.18793924 0.45078093 0.014415529 0.012398735 0.38771474 0.48997021 0.029738937 -0.080347352 -0.032986451 0.030264689 0.5723877 0.43238753 0.043903932 -0.19612387 -0.0077117197
0.28209481 0.20835027 0.41096506 0.16257404 0.15501529 0.39185756 0.35398376 0.3057633 -0.038853008 0.037816122 0.34496319 0.49449852 0.16863857 0.3858532 -0.086461522 -0.085361518
0.28209481 0.24036838 0.41815761 0.078100421 0.085913226 0.45998815 0.37761912 0.14945921 -0.11824941 -0.048000827 0.19453302 0.59857327 0.21147962 0.19448824 -0.26775172 -0.066067472
0.28209481 0.26411754 0.41096506 -0.0090599405 -0.010950952 0.49674261 0.35398376 -0.017039604 -0.15943454 -0.092869453 -0.024369694 0.62685651 0.16863857 -0.021502862 -0.35479757 0.0095871091
0.28209481 0.24925214 0.35748166 0.22093582 0.25201961 0.4077763 0.19109449 0.36145082 -0.030465452 0.10630205 0.48784456 0.39088118 -0.0883274 0.34647506 -0.058973204 -0.15374403
0.28209481 0.28627464 0.3698889 0.14128499 0.18510076 0.4846001 0.22686212 0.23916444 -0.14185122 -0.031957977 0.37074289 0.49955505 -0.037995797 0.24654517 -0.28411728 -0.16144536
0.28209481 0.3146463 0.3698889 0.053966064 0.077709243 0.53262705 0.22686212 0.091352686 -0.21987572 -0.1436681 0.15564576 0.54906416 -0.037995797 0.094171874 -0.44039452 -0.080283202
0.28209481 0.33151203 0.35748166 -0.032234102 -0.048903979 0.54235345 0.19109449 -0.052734967 -0.24909925 -0.1790684 -0.094665408 0.51988244 -0.0883274 -0.050550032 -0.48219147 0.053589739
0.28209481 0.28008911 0.29650939 0.26900685 0.34481716 0.38007036 0.03305554 0.36503214 -0.0139244 0.19643313 0.55363131 0.22043228 -0.2623919 0.21171044 -0.02235673 -0.22178294
0.28209481 0.32103854 0.31083202 0.197611 0.29033381 0.45668027 0.067531459 0.28110346 -0.14648238 0.022872744 0.48867118 0.30737093 -0.23181526 0.18919809 -0.2465497 -0.27004027
0.28209481 0.35435084 0.31608811 0.11513557 0.18671203 0.51259094 0.080591179 0.1665509 -0.25698707 -0.15378612 0.31957573 0.36214048 -0.21907426 0.11766658 -0.43985826 -0.21166843
0.28209481 0.37587848 0.31083202 0.028831057 0.049594939 0.53469056 0.067531459 0.041012444 -0.32138941 -0.26389161 0.083475001 0.35987616 -0.23181526 0.027603628 -0.54094195 -0.061693758
0.28209481 0.38471511 0.29650939 -0.052998852 -0.093311466 0.52204388 0.03305554 -0.071917444 -0.33224347 -0.27162927 -0.14981897 0.30277374 -0.2623919 -0.041710503 -0.53344327 0.11828431
0.28209481 0.3006427 0.23499417 0.30516243 0.41986635 0.32332334 -0.096527666 0.32818407 0.0062653557 0.28740746 0.53427082 0.044032142 -0.33085796 0.044694103 0.0079725301 -0.2748217
0.28209481 0.34345213 0.2483108 0.24313538 0.38215861 0.3902933 -0.071019731 0.27629504 -0.13464974 0.10317168 0.5138455 0.093607619 -0.32404304 0.066266365 -0.18104829 -0.36252543
0.28209481 0.38047698 0.25587815 0.16880773 0.29393414 0.44554433 -0.055898141 0.19767641 -0.26604471 -0.11408117 0.4072645 0.13213865 -0.31830171 0.058626477 -0.36862192 -0.34650779
0.28209481 0.40703505 0.25587815 0.087070443 0.16219291 0.47664419 -0.055898141 0.10196081 -0.36176032 -0.29429546 0.22472863 0.14136219 -0.31830171 0.030239334 -0.50124198 -0.21557443
0.28209481 0.42076999 0.2483108 0.0051754368 0.0099660046 0.47815606 -0.071019731 0.0058812811 -0.40506348 -0.37666398 0.013400161 0.11468054 -0.32404304 0.0014105615 -0.5446431 -0.013904421
0.28209481 0.42259505 0.23499417 -0.070168257 -0.13570455 0.45447585 -0.096527666 -0.07546179 -0.39738053 -0.35018477 -0.17268109 0.061893284 -0.33085796 -0.010276846 -0.50565815 0.18841617
0.28209481 0.068478599 0.47450978 -0.094252706 -0.029537791 0.14870629 0.57698929 -0.20467666 0.0095974104 0.007607324 -0.075895585 0.2380143 0.62180257 -0.32759857 0.024659971 0.0024717695
0.28209481 0.14357281 0.45078093 -0.12213032 -0.080246292 0.2961877 0.48997021 -0.25195232 -0.013036801 0.017527657 -0.19587718 0.43726531 0.43238753 -0.37196007 -0.031822179 0.028988928
0.28209481 0.071786404 0.45078093 -0.1742862 -0.057257775 0.14809385 0.48997021 -0.35954881 0.057714581 0.031219436 -0.13976337 0.21863265 0.43238753 -0.53080601 0.14087841 -0.013150038
0.28209481 0.21900086 0.41096506 -0.14791474 -0.14824723 0.41188884 0.35398376 -0.27819264 -0.059682958 0.019580357 -0.32990187 0.51977664 0.16863857 -0.35106084 -0.13281544 0.091286682
0.28209481 0.14855583 0.41815761 -0.20446956 -0.13901052 0.28428832 0.37761912 -0.39128929 0.045167256 0.077666968 -0.31476104 0.36993861 0.21147962 -0.50917679 0.10227206 0.025235528
0.28209481 0.073000289 0.41096506 -0.25399038 -0.084853768 0.13729627 0.35398376 -0.47769582 0.13542207 0.069497801 -0.18882929 0.17325889 0.16863857 -0.60282075 0.30136141 -0.06234343
0.28209481 0.28714561 0.35748166 -0.16877995 -0.22179531 0.46976998 0.19109449 -0.27612385 -0.12348635 0.0043683052 -0.42933813 0.4503063 -0.0883274 -0.2646834 -0.23903751 0.1868643
0.28209481 0.22283374 0.3698889 -0.22860391 -0.23312771 0.37720856 0.22686212 -0.38697618 0.0059605422 0.12074975 -0.46693724 0.38884938 -0.037995797 -0.39891845 0.011938517 0.11182761
0.28209481 0.14855583 0.3698889 -0.28256997 -0.19210781 0.25147238 0.22686212 -0.47832888 0.13220686 0.16341922 -0.38477746 0.25923291 -0.037995797 -0.49309033 0.26480037 -0.019495517
0.28209481 0.071786404 0.35748166 -0.32524759 -0.10685272 0.1174425 0.19109449 -0.53210479 0.23027056 0.11337011 -0.20683911 0.11257657 -0.0883274 -0.5100584 0.44574401 -0.14860877
0.28209481 0.34239301 0.29650939 -0.18325289 -0.28714749 0.46461439 0.03305554 -0.24866726 -0.19141336 -0.028556997 -0.46103811 0.26946592 -0.2623919 -0.14422143 -0.30732936 0.29488665
0.28209481 0.28714561 0.31083202 -0.24426064 -0.32098517 0.40846726 0.067531459 -0.34746301 -0.052147202 0.14022124 -0.54026157 0.27492091 -0.23181526 -0.2338617 -0.087770812 0.23191142
0.28209481 0.21900086 0.31608811 -0.30142882 -0.30210641 0.31679863 0.080591179 -0.4360359 0.098160319 0.24883117 -0.51708436 0.22381513 -0.21907426 -0.3080551 0.16801091 0.080850147
0.28209481 0.14357281 0.31083202 -0.3485724 -0.2290311 0.20423363 0.067531459 -0.49584743 0.23085833 0.24975549 -0.38549039 0.13746046 -0.23181526 -0.33373258 0.38856587 -0.10520031
0.28209481 0.068478599 0.29650939 -0.38226336 -0.11979725 0.092922874 0.03305554 -0.51871693 0.32363772 0.15022694 -0.19234399 0.053893182 -0.2623919 -0.30084419 0.51962608 -0.25535369
0.28209481 0.38313043 0.23499417 -0.19162782 -0.33599633 0.412034 -0.096527666 -0.20608433 -0.25186002 -0.070981376 -0.42754805 0.056113299 -0.33085796 -0.028065817 -0.32048643 0.3912693
0.28209481 0.33736801 0.2483108 -0.2515094 -0.38831794 0.38337946 -0.071019731 -0.28581113 -0.11569327 0.12961946 -0.52212727 0.091949403 -0.32404304 -0.068548702 -0.15555967 0.35393205
0.28209481 0.27811953 0.25587815 -0.30969065 -0.39417484 0.32568219 -0.055898141 -0.36265245 0.042464539 0.29596576 -0.54615444 0.096590184 -0.31830171 -0.10755475 0.058837328 0.21327545
0.28209481 0.20858966 0.25587815 -0.36020708 -0.34385419 0.24426165 -0.055898141 -0.42180794 0.19733563 0.3648015 -0.47643194 0.072442636 -0.31830171 -0.12509897 0.27342111 0.0014208527
0.28209481 0.13494721 0.2483108 -0.39857674 -0.24615301 0.15335178 -0.071019731 -0.45293602 0.32184538 0.31290039 -0.33097416 0.036779761 -0.32404304 -0.1086318 0.43274912 -0.21014863
0.28209481 0.063855074 0.23499417 -0.42359495 -0.12378713 0.068672337 -0.096527666 -0.45555118 0.40125272 0.17255718 -0.15751645 0.0093522165 -0.33085796 -0.062039733 0.51058543 -0.35826531
0.28209481 -0.38313043 -0.2764897 0.12448663 -0.21827231 0.48479146 -0.01240881 -0.15751828 -0.30042607 0.19438228 0.32679164 -0.21542318 0.29541069 0.069995232 0.44979012 -0.26754427
0.28209481 -0.23678763 -0.2764897 -0.32591021 0.35317203 0.29961759 -0.01240881 0.41238824 0.11475255 -0.31451714 -0.52876002 -0.13313885 0.29541069 -0.18324991 -0.17180455 0.10219281
0.28209481 -0.33736801 -0.33600482 0.10961752 -0.16924396 0.51877463 0.13206504 -0.16856009 -0.23294432 0.13271758 0.30792999 -0.43062508 0.16307266 0.13991857 0.42382929 -0.18267009
0.28209481 -0.2085049 -0.33600482 -0.28698239 0.27384248 0.32062036 0.13206504 0.44129604 0.088976815 -0.21474156 -0.49824119 -0.26614094 0.16307266 -0.36631155 -0.16188838 0.069773763
0.28209481 -0.27811953 -0.39142793 0.09036652 -0.11501867 0.49821022 0.29185292 -0.16187832 -0.15830962 0.074355178 0.24378866 -0.57467246 -0.06246572 0.1867224 0.33554631 -0.10234113
0.28209481 -0.17188732 -0.39142793 -0.23658261 0.18610412 0.30791086 0.29185292 0.42380291 0.060468897 -0.12030921 -0.39445832 -0.35516712 -0.06246572 -0.48884562 -0.12816729 0.039090831
0.28209481 -0.20858966 -0.43661121 0.067774884 -0.064698003 0.41678965 0.44013488 -0.13542317 -0.08904916 0.031368591 0.15296042 -0.58389604 -0.33097678 0.18971932 0.21053196 -0.043175165
0.28209481 -0.1289155 -0.43661121 -0.17743696 0.10468357 0.25759017 0.44013488 0.35454246 0.034013752 -0.050755449 -0.24749516 -0.36086759 -0.33097678 -0.49669161 -0.080416054 0.016491445
0.28209481 -0.13494721 -0.46754584 0.043847006 -0.027079033 0.28874695 0.55098826 -0.093819574 -0.037271094 0.0084939254 0.068556823 -0.45169804 -0.56361187 0.14676559 0.094360366 -0.011690885
0.28209481 -0.083401963 -0.46754584 -0.11479295 0.043814797 0.17845543 0.55098826 0.24562283 0.01423629 -0.013743459 -0.11092727 -0.27916473 -0.56361187 -0.38423729 -0.036042452 0.0044655208
0.28209481 -0.063855074 -0.48396742 0.020747771 -0.00606312 0.14142977 0.61291671 -0.045953318 -0.0083451681 0.00089991797 0.015889332 -0.23328435 -0.7043736 0.075798683 0.021869788 -0.0012386309
0.28209481 -0.11080071 -0.47450978 -0.036001332 0.018255359 0.24061184 0.57698929 0.078179523 -0.025126345 0.004701585 -0.04690605 -0.38511524 -0.62180257 -0.12513152 0.064560637 0.0064711762
0.28209481 -0.039464604 -0.48396742 -0.054318368 0.0098103341 0.087408409 0.61291671 0.12030735 0.0031875707 -0.0014560978 -0.025709478 -0.14417766 -0.7043736 -0.19844353 -0.0083535155 0.00047311487
0.28209481 -0.18793924 -0.45078093 -0.014415529 0.012398735 0.38771474 0.48997021 0.029738937 -0.080347352 0.032986451 -0.030264689 -0.5723877 -0.43238753 -0.043903932 0.19612387 0.0077117197
0.28209481 -0.16051927 -0.45078093 -0.098805502 0.072583459 0.33114791 0.48997021 0.2038337 -0.036620595 -0.002859093 -0.17717257 -0.48887748 -0.43238753 -0.30092204 0.089389041 0.033755034
0.28209481 -0.26411754 -0.41096506 0.0090599405 -0.010950952 0.49674261 0.35398376 -0.017039604 -0.15943454 0.092869453 0.024369694 -0.62685651 -0.16863857 0.021502862 0.35479757 -0.0095871091
0.28209481 -0.24036838 -0.41815761 -0.078100421 0.085913226 0.45998815 0.37761912 0.14945921 -0.11824941 0.048000827 -0.19453302 -0.59857327 -0.21147962 -0.19448824 0.26775172 0.066067472
0.28209481 -0.20835027 -0.41096506 -0.16257404 0.15501529 0.39185756 0.35398376 0.3057633 -0.038853008 -0.037816122 -0.34496319 -0.49449852 -0.16863857 -0.3858532 0.086461522 0.085361518
0.28209481 -0.33151203 -0.35748166 0.032234102 -0.048903979 0.54235345 0.19109449 -0.052734967 -0.24909925 0.1790684 0.094665408 -0.51988244 0.0883274 0.050550032 0.48219147 -0.053589739
0.28209481 -0.3146463 -0.3698889 -0.053966064 0.077709243 0.53262705 0.22686212 0.091352686 -0.21987572 0.1436681 -0.15564576 -0.54906416 0.037995797 -0.094171874 0.44039452 0.080283202
0.28209481 -0.28627464 -0.3698889 -0.14128499 0.18510076 0.4846001 0.22686212 0.23916444 -0.14185122 0.031957977 -0.37074289 -0.49955505 0.037995797 -0.24654517 0.28411728 0.16144536
0.28209481 -0.24925214 -0.35748166 -0.22093582 0.25201961 0.4077763 0.19109449 0.36145082 -0.030465452 -0.10630205 -0.48784456 -0.39088118 0.0883274 -0.34647506 0.058973204 0.15374403
0.28209481 -0.38471511 -0.29650939 0.052998852 -0.093311466 0.52204388 0.03305554 -0.071917444 -0.33224347 0.27162927 0.14981897 -0.30277374 0.2623919 0.041710503 0.53344327 -0.11828431
0.28209481 -0.37587848 -0.31083202 -0.028831057 0.049594939 0.53469056 0.067531459 0.041012444 -0.32138941 0.26389161 -0.083475001 -0.35987616 0.23181526 -0.027603628 0.54094195 0.061693758
0.28209481 -0.35435084 -0.31608811 -0.11513557 0.18671203 0.51259094 0.080591179 0.1665509 -0.25698707 0.15378612 -0.31957573 -0.36214048 0.21907426 -0.11766658 0.43985826 0.21166843
0.28209481 -0.32103854 -0.31083202 -0.197611 0.29033381 0.45668027 0.067531459 0.28110346 -0.14648238 -0.022872744 -0.48867118 -0.30737093 0.23181526 -0.18919809 0.2465497 0.27004027
0.28209481 -0.28008911 -0.29650939 -0.26900685 0.34481716 0.38007036 0.03305554 0.36503214 -0.0139244 -0.19643313 -0.55363131 -0.22043228 0.2623919 -0.21171044 0.02235673 0.22178294
0.28209481 -0.42259505 -0.23499417 0.070168257 -0.13570455 0.45447585 -0.096527666 -0.07546179 -0.39738053 0.35018477 0.17268109 -0.061893284 0.33085796 0.010276846 0.50565815 -0.18841617
0.28209481 -0.42076999 -0.2483108 -0.0051754368 0.0099660046 0.47815606 -0.071019731 0.0058812811 -0.40506348 0.37666398 -0.013400161 -0.11468054 0.32404304 -0.0014105615 0.5446431 0.013904421
0.28209481 -0.40703505 -0.25587815 -0.087070443 0.16219291 0.47664419 -0.055898141 0.10196081 -0.36176032 0.29429546 -0.22472863 -0.14136219 0.31830171 -0.030239334 0.50124198 0.21557443
0.28209481 -0.38047698 -0.25587815 -0.16880773 0.29393414 0.44554433 -0.055898141 0.19767641 -0.26604471 0.11408117 -0.4072645 -0.13213865 0.31830171 -0.058626477 0.36862192 0.34650779
0.28209481 -0.34345213 -0.2483108 -0.24313538 0.38215861 0.3902933 -0.071019731 0.27629504 -0.13464974 -0.10317168 -0.5138455 -0.093607619 0.32404304 -0.066266365 0.18104829 0.36252543
0.28209481 -0.3006427 -0.23499417 -0.30516243 0.41986635 0.32332334 -0.096527666 0.32818407 0.0062653557 -0.28740746 -0.53427082 -0.044032142 0.33085796 -0.044694103 -0.0079725301 0.2748217
0.28209481 -4.9334551e-17 -0.2764897 0.40284717 -9.0953796e-17 6.242513e-17 -0.01240881 -0.50973988 0.37134704 -1.2149827e-16 1.3617366e-16 -2.7739393e-17 0.29541069 0.22650933 -0.55597121 0.3307029
0.28209481 -4.3441861e-17 -0.33600482 0.35472974 -7.0523738e-17 6.6801042e-17 0.13206504 -0.54547191 0.28793502 -8.2954867e-17 1.2831403e-16 -5.5450291e-17 0.16307266 0.452786 -0.52388179 0.22579263
0.28209481 -3.5812616e-17 -0.39142793 0.29243219 -4.7928135e-17 6.4153025e-17 0.29185292 -0.52384925 0.19568145 -4.6475563e-17 1.0158642e-16 -7.3998843e-17 -0.06246572 0.60424638 -0.41475803 0.12650059
0.28209481 -2.6859461e-17 -0.43661121 0.21932414 -2.6959575e-17 5.3668749e-17 0.44013488 -0.43823859 0.11007082 -1.9606879e-17 6.3738409e-17 -7.5186529e-17 -0.33097678 0.61394459 -0.26023182 0.053367436
0.28209481 -1.7376745e-17 -0.46754584 0.1418919 -1.1283798e-17 3.7181074e-17 0.55098826 -0.30360651 0.046069603 -5.3091115e-18 2.8567539e-17 -5.8163794e-17 -0.56361187 0.4749434 -0.11663583 0.014450729
0.28209481 -8.2224251e-18 -0.48396742 0.067141198 -2.5264941e-18 1.8211486e-17 0.61291671 -0.14870806 0.010315196 -5.6249202e-19 6.6210638e-18 -3.0039325e-17 -0.7043736 0.2452897 -0.027032545 0.0015310319
0.28209481 -0.068478599 -0.47450978 0.094252706 -0.029537791 0.14870629 0.57698929 -0.20467666 0.0095974104 -0.007607324 0.075895585 -0.2380143 -0.62180257 0.32759857 -0.024659971 -0.0024717695
0.28209481 -0.071786404 -0.45078093 0.1742862 -0.057257775 0.14809385 0.48997021 -0.35954881 0.057714581 -0.031219436 0.13976337 -0.21863265 -0.43238753 0.53080601 -0.14087841 0.013150038
0.28209481 -0.14357281 -0.45078093 0.12213032 -0.080246292 0.2961877 0.48997021 -0.25195232 -0.013036801 -0.017527657 0.19587718 -0.43726531 -0.43238753 0.37196007 0.031822179 -0.028988928
0.28209481 -0.073000289 -0.41096506 0.25399038 -0.084853768 0.13729627 0.35398376 -0.47769582 0.13542207 -0.069497801 0.18882929 -0.17325889 -0.16863857 0.60282075 -0.30136141 0.06234343
0.28209481 -0.14855583 -0.41815761 0.20446956 -0.13901052 0.28428832 0.37761912 -0.39128929 0.045167256 -0.077666968 0.31476104 -0.36993861 -0.21147962 0.50917679 -0.10227206 -0.025235528
0.28209481 -0.21900086 -0.41096506 0.14791474 -0.14824723 0.41188884 0.35398376 -0.27819264 -0.059682958 -0.019580357 0.32990187 -0.51977664 -0.16863857 0.35106084 0.13281544 -0.091286682
0.28209481 -0.071786404 -0.35748166 0.32524759 -0.10685272 0.1174425 0.19109449 -0.53210479 0.23027056 -0.11337011 0.20683911 -0.11257657 0.0883274 0.5100584 -0.44574401 0.14860877
0.28209481 -0.14855583 -0.3698889 0.28256997 -0.19210781 0.25147238 0.22686212 -0.47832888 0.13220686 -0.16341922 0.38477746 -0.25923291 0.037995797 0.49309033 -0.26480037 0.019495517
0.28209481 -0.22283374 -0.3698889 0.22860391 -0.23312771 0.37720856 0.22686212 -0.38697618 0.0059605422 -0.12074975 0.46693724 -0.38884938 0.037995797 0.39891845 -0.011938517 -0.11182761
0.28209481 -0.28714561 -0.35748166 0.16877995 -0.22179531 0.46976998 0.19109449 -0.27612385 -0.12348635 -0.0043683052 0.42933813 -0.4503063 0.0883274 0.2646834 0.23903751 -0.1868643
0.28209481 -0.068478599 -0.29650939 0.38226336 -0.11979725 0.092922874 0.03305554 -0.51871693 0.32363772 -0.15022694 0.19234399 -0.053893182 0.2623919 0.30084419 -0.51962608 0.25535369
0.28209481 -0.14357281 -0.31083202 0.3485724 -0.2290311 0.20423363 0.067531459 -0.49584743 0.23085833 -0.24975549 0.38549039 -0.13746046 0.23181526 0.33373258 -0.38856587 0.10520031
0.28209481 -0.21900086 -0.31608811 0.30142882 -0.30210641 0.31679863 0.080591179 -0.4360359 0.098160319 -0.24883117 0.51708436 -0.22381513 0.21907426 0.3080551 -0.16801091 -0.080850147
0.28209481 -0.28714561 -0.31083202 0.24426064 -0.32098517 0.40846726 0.067531459 -0.34746301 -0.052147202 -0.14022124 0.54026157 -0.27492091 0.23181526 0.2338617 0.087770812 -0.23191142
0.28209481 -0.34239301 -0.29650939 0.18325289 -0.28714749 0.46461439 0.03305554 -0.24866726 -0.19141336 0.028556997 0.46103811 -0.26946592 0.2623919 0.14422143 0.30732936 -0.29488665
0.28209481 -0.063855074 -0.23499417 0.42359495 -0.12378713 0.068672337 -0.096527666 -0.45555118 0.40125272 -0.17255718 0.15751645 -0.0093522165 0.33085796 0.062039733 -0.51058543 0.35826531
0.28209481 -0.13494721 -0.2483108 0.39857674 -0.24615301 0.15335178 -0.071019731 -0.45293602 0.32184538 -0.31290039 0.33097416 -0.036779761 0.32404304 0.1086318 -0.43274912 0.21014863
0.28209481 -0.20858966 -0.25587815 0.36020708 -0.34385419 0.24426165 -0.055898141 -0.42180794 0.19733563 -0.3648015 0.47643194 -0.072442636 0.31830171 0.12509897 -0.27342111 -0.0014208527
0.28209481 -0.27811953 -0.25587815 0.30969065 -0.39417484 0.32568219 -0.055898141 -0.36265245 0.042464539 -0.29596576 0.54615444 -0.096590184 0.31830171 0.10755475 -0.058837328 -0.21327545
0.28209481 -0.33736801 -0.2483108 0.2515094 -0.38831794 0.38337946 -0.071019731 -0.28581113 -0.11569327 -0.12961946 0.52212727 -0.091949403 0.32404304 0.068548702 0.15555967 -0.35393205
0.28209481 -0.38313043 -0.23499417 0.19162782 -0.33599633 0.412034 -0.096527666 -0.20608433 -0.25186002 0.070981376 0.42754805 -0.056113299 0.33085796 0.028065817 0.32048643 -0.3912693
0.28209481 0.38313043 -0.2764897 0.12448663 0.21827231 -0.48479146 -0.01240881 -0.15751828 -0.30042607 -0.19438228 -0.32679164 0.21542318 0.29541069 0.069995232 0.44979012 -0.26754427
0.28209481 0.33736801 -0.33600482 0.10961752 0.16924396 -0.51877463 0.13206504 -0.16856009 -0.23294432 -0.13271758 -0.30792999 0.43062508 0.16307266 0.13991857 0.42382929 -0.18267009
0.28209481 0.27811953 -0.39142793 0.09036652 0.11501867 -0.49821022 0.29185292 -0.16187832 -0.15830962 -0.074355178 -0.24378866 0.57467246 -0.06246572 0.1867224 0.33554631 -0.10234113
0.28209481 0.20858966 -0.43661121 0.067774884 0.064698003 -0.41678965 0.44013488 -0.13542317 -0.08904916 -0.031368591 -0.15296042 0.58389604 -0.33097678 0.18971932 0.21053196 -0.043175165
0.28209481 0.13494721 -0.46754584 0.043847006 0.027079033 -0.28874695 0.55098826 -0.093819574 -0.037271094 -0.0084939254 -0.068556823 0.45169804 -0.56361187 0.14676559 0.094360366 -0.011690885
0.28209481 0.063855074 -0.48396742 0.020747771 0.00606312 -0.14142977 0.61291671 -0.045953318 -0.0083451681 -0.00089991797 -0.015889332 0.23328435 -0.7043736 0.075798683 0.021869788 -0.0012386309
0.28209481 0.068478599 -0.47450978 0.094252706 0.029537791 -0.14870629 0.57698929 -0.20467666 0.0095974104 0.007607324 -0.075895585 0.2380143 -0.62180257 0.32759857 -0.024659971 -0.0024717695
0.28209481 0.14357281 -0.45078093 0.12213032 0.080246292 -0.2961877 0.48997021 -0.25195232 -0.013036801 0.017527657 -0.19587718 0.43726531 -0.43238753 0.37196007 0.031822179 -0.028988928
0.28209481 0.071786404 -0.45078093 0.1742862 0.057257775 -0.14809385 0.48997021 -0.35954881 0.057714581 0.031219436 -0.13976337 0.21863265 -0.43238753 0.53080601 -0.14087841 0.013150038
0.28209481 0.21900086 -0.41096506 0.14791474 0.14824723 -0.41188884 0.35398376 -0.27819264 -0.059682958 0.019580357 -0.32990187 0.51977664 -0.16863857 0.35106084 0.13281544 -0.091286682
0.28209481 0.14855583 -0.41815761 0.20446956 0.13901052 -0.28428832 0.37761912 -0.39128929 0.045167256 0.077666968 -0.31476104 0.36993861 -0.21147962 0.50917679 -0.10227206 -0.025235528
0.28209481 0.073000289 -0.41096506 0.25399038 0.084853768 -0.13729627 0.35398376 -0.47769582 0.13542207 0.069497801 -0.18882929 0.17325889 -0.16863857 0.60282075 -0.30136141 0.06234343
0.28209481 0.28714561 -0.35748166 0.16877995 0.22179531 -0.46976998 0.19109449 -0.27612385 -0.12348635 0.0043683052 -0.42933813 0.4503063 0.0883274 0.2646834 0.23903751 -0.1868643
0.28209481 0.22283374 -0.3698889 0.22860391 0.23312771 -0.37720856 0.22686212 -0.38697618 0.0059605422 0.12074975 -0.46693724 0.38884938 0.037995797 0.39891845 -0.011938517 -0.11182761
0.28209481 0.14855583 -0.3698889 0.28256997 0.19210781 -0.25147238 0.22686212 -0.47832888 0.13220686 0.16341922 -0.38477746 0.25923291 0.037995797 0.49309033 -0.26480037 0.019495517
0.28209481 0.071786404 -0.35748166 0.32524759 0.10685272 -0.1174425 0.19109449 -0.53210479 0.23027056 0.11337011 -0.20683911 0.11257657 0.0883274 0.5100584 -0.44574401 0.14860877
0.28209481 0.34239301 -0.29650939 0.18325289 0.28714749 -0.46461439 0.03305554 -0.24866726 -0.19141336 -0.028556997 -0.46103811 0.26946592 0.2623919 0.14422143 0.30732936 -0.29488665
0.28209481 0.28714561 -0.31083202 0.24426064 0.32098517 -0.40846726 0.067531459 -0.34746301 -0.052147202 0.14022124 -0.54026157 0.27492091 0.23181526 0.2338617 0.087770812 -0.23191142
0.28209481 0.21900086 -0.31608811 0.30142882 0.30210641 -0.31679863 0.080591179 -0.4360359 0.098160319 0.24883117 -0.51708436 0.22381513 0.21907426 0.3080551 -0.16801091 -0.080850147
0.28209481 0.14357281 -0.31083202 0.3485724 0.2290311 -0.20423363 0.067531459 -0.49584743 0.23085833 0.24975549 -0.38549039 0.13746046 0.23181526 0.33373258 -0.38856587 0.10520031
0.28209481 0.068478599 -0.29650939 0.38226336 0.11979725 -0.092922874 0.03305554 -0.51871693 0.32363772 0.15022694 -0.19234399 0.053893182 0.2623919 0.30084419 -0.51962608 0.25535369
0.28209481 0.38313043 -0.23499417 0.19162782 0.33599633 -0.412034 -0.096527666 -0.20608433 -0.25186002 -0.070981376 -0.42754805 0.056113299 0.33085796 0.028065817 0.32048643 -0.3912693
0.28209481 0.33736801 -0.2483108 0.2515094 0.38831794 -0.38337946 -0.071019731 -0.28581113 -0.11569327 0.12961946 -0.52212727 0.091949403 0.32404304 0.068548702 0.15555967 -0.35393205
0.28209481 0.27811953 -0.25587815 0.30969065 0.39417484 -0.32568219 -0.055898141 -0.36265245 0.042464539 0.29596576 -0.54615444 0.096590184 0.31830171 0.10755475 -0.058837328 -0.21327545
0.28209481 0.20858966 -0.25587815 0.36020708 0.34385419 -0.24426165 -0.055898141 -0.42180794 0.19733563 0.3648015 -0.47643194 0.072442636 0.31830171 0.12509897 -0.27342111 -0.0014208527
0.28209481 0.13494721 -0.2483108 0.39857674 0.24615301 -0.15335178 -0.071019731 -0.45293602 0.32184538 0.31290039 -0.33097416 0.036779761 0.32404304 0.1086318 -0.43274912 0.21014863
0.28209481 0.063855074 -0.23499417 0.42359495 0.12378713 -0.068672337 -0.096527666 -0.45555118 0.40125272 0.17255718 -0.15751645 0.0093522165 0.33085796 0.062039733 -0.51058543 0.35826531
0.28209481 0.23678763 -0.2764897 -0.32591021 -0.35317203 -0.29961759 -0.01240881 0.41238824 0.11475255 0.31451714 0.52876002 0.13313885 0.29541069 -0.18324991 -0.17180455 0.10219281
0.28209481 0.2085049 -0.33600482 -0.28698239 -0.27384248 -0.32062036 0.13206504 0.44129604 0.088976815 0.21474156 0.49824119 0.26614094 0.16307266 -0.36631155 -0.16188838 0.069773763
0.28209481 0.17188732 -0.39142793 -0.23658261 -0.18610412 -0.30791086 0.29185292 0.42380291 0.060468897 0.12030921 0.39445832 0.35516712 -0.06246572 -0.48884562 -0.12816729 0.039090831
0.28209481 0.1289155 -0.43661121 -0.17743696 -0.10468357 -0.25759017 0.44013488 0.35454246 0.034013752 0.050755449 0.24749516 0.36086759 -0.33097678 -0.49669161 -0.080416054 0.016491445
0.28209481 0.083401963 -0.46754584 -0.11479295 -0.043814797 -0.17845543 0.55098826 0.24562283 0.01423629 0.013743459 0.11092727 0.27916473 -0.56361187 -0.38423729 -0.036042452 0.0044655208
0.28209481 0.039464604 -0.48396742 -0.054318368 -0.0098103341 -0.087408409 0.61291671 0.12030735 0.0031875707 0.0014560978 0.025709478 0.14417766 -0.7043736 -0.19844353 -0.0083535155 0.00047311487
0.28209481 0.11080071 -0.47450978 -0.036001332 -0.018255359 -0.24061184 0.57698929 0.078179523 -0.025126345 -0.004701585 0.04690605 0.38511524 -0.62180257 -0.12513152 0.064560637 0.0064711762
0.28209481 0.16051927 -0.45078093 -0.098805502 -0.072583459 -0.33114791 0.48997021 0.2038337 -0.036620595 0.002859093 0.17717257 0.48887748 -0.43238753 -0.30092204 0.089389041 0.033755034
0.28209481 0.18793924 -0.45078093 -0.014415529 -0.012398735 -0.38771474 0.48997021 0.029738937 -0.080347352 -0.032986451 0.030264689 0.5723877 -0.43238753 -0.043903932 0.19612387 0.0077117197
0.28209481 0.20835027 -0.41096506 -0.16257404 -0.15501529 -0.39185756 0.35398376 0.3057633 -0.038853008 0.037816122 0.34496319 0.49449852 -0.16863857 -0.3858532 0.086461522 0.085361518
0.28209481 0.24036838 -0.41815761 -0.078100421 -0.085913226 -0.45998815 0.37761912 0.14945921 -0.11824941 -0.048000827 0.19453302 0.59857327 -0.21147962 -0.19448824 0.26775172 0.066067472
0.28209481 0.26411754 -0.41096506 0.0090599405 0.010950952 -0.49674261 0.35398376 -0.017039604 -0.15943454 -0.092869453 -0.024369694 0.62685651 -0.16863857 0.021502862 0.35479757 -0.0095871091
0.28209481 0.24925214 -0.35748166 -0.22093582 -0.25201961 -0.4077763 0.19109449 0.36145082 -0.030465452 0.10630205 0.48784456 0.39088118 0.0883274 -0.34647506 0.058973204 0.15374403
0.28209481 0.28627464 -0.3698889 -0.14128499 -0.18510076 -0.4846001 0.22686212 0.23916444 -0.14185122 -0.031957977 0.37074289 0.49955505 0.037995797 -0.24654517 0.28411728 0.16144536
0.28209481 0.3146463 -0.3698889 -0.053966064 -0.077709243 -0.53262705 0.22686212 0.091352686 -0.21987572 -0.1436681 0.15564576 0.54906416 0.037995797 -0.094171874 0.44039452 0.080283202
0.28209481 0.33151203 -0.35748166 0.032234102 0.048903979 -0.54235345 0.19109449 -0.052734967 -0.24909925 -0.1790684 -0.094665408 0.51988244 0.0883274 0.050550032 0.48219147 -0.053589739
0.28209481 0.28008911 -0.29650939 -0.26900685 -0.34481716 -0.38007036 0.03305554 0.36503214 -0.0139244 0.19643313 0.55363131 0.22043228 0.2623919 -0.21171044 0.02235673 0.22178294
0.28209481 0.32103854 -0.31083202 -0.197611 -0.29033381 -0.45668027 0.067531459 0.28110346 -0.14648238 0.022872744 0.48867118 0.30737093 0.23181526 -0.18919809 0.2465497 0.27004027
0.28209481 0.35435084 -0.31608811 -0.11513557 -0.18671203 -0.51259094 0.080591179 0.1665509 -0.25698707 -0.15378612 0.31957573 0.36214048 0.21907426 -0.11766658 0.43985826 0.21166843
0.28209481 0.37587848 -0.31083202 -0.028831057 -0.049594939 -0.53469056 0.067531459 0.041012444 -0.32138941 -0.26389161 0.083475001 0.35987616 0.23181526 -0.027603628 0.54094195 0.061693758
0.28209481 0.38471511 -0.29650939 0.052998852 0.093311466 -0.52204388 0.03305554 -0.071917444 -0.33224347 -0.27162927 -0.14981897 0.30277374 0.2623919 0.041710503 0.53344327 -0.11828431
0.28209481 0.3006427 -0.23499417 -0.30516243 -0.41986635 -0.32332334 -0.096527666 0.32818407 0.0062653557 0.28740746 0.53427082 0.044032142 0.33085796 -0.044694103 -0.0079725301 0.2748217
0.28209481 0.34345213 -0.2483108 -0.24313538 -0.38215861 -0.3902933 -0.071019731 0.27629504 -0.13464974 0.10317168 0.5138455 0.093607619 0.32404304 -0.066266365 0.18104829 0.36252543
0.28209481 0.38047698 -0.25587815 -0.16880773 -0.29393414 -0.44554433 -0.055898141 0.19767641 -0.26604471 -0.11408117 0.4072645 0.13213865 0.31830171 -0.058626477 0.36862192 0.34650779
0.28209481 0.40703505 -0.25587815 -0.087070443 -0.16219291 -0.47664419 -0.055898141 0.10196081 -0.36176032 -0.29429546 0.22472863 0.14136219 0.31830171 -0.030239334 0.50124198 0.21557443
0.28209481 0.42076999 -0.2483108 -0.0051754368 -0.0099660046 -0.47815606 -0.071019731 0.0058812811 -0.40506348 -0.37666398 0.013400161 0.11468054 0.32404304 -0.0014105615 0.5446431 0.013904421
0.28209481 0.42259505 -0.23499417 0.070168257 0.13570455 -0.45447585 -0.096527666 -0.07546179 -0.39738053 -0.35018477 -0.17268109 0.061893284 0.33085796 0.010276846 0.50565815 -0.18841617
0.28209481 2.8534945e-17 -0.47450978 -0.11650275 -1.5213969e-17 -6.1965721e-17 0.57698929 0.25299427 0.031057872 5.877433e-18 3.9091381e-17 9.9180252e-17 -0.62180257 -0.40493411 -0.079801336 -0.0079988139
0.28209481 -0.044366438 -0.45078093 -0.18319549 0.037196204 0.091527037 0.48997021 0.37792847 0.072290167 -0.022153765 -0.090794072 -0.1351224 -0.43238753 -0.55794013 -0.17645667 -0.025627863
0.28209481 0.044366438 -0.45078093 -0.18319549 -0.037196204 -0.091527037 0.48997021 0.37792847 0.072290167 0.022153765 0.090794072 0.1351224 -0.43238753 -0.55794013 -0.17645667 -0.025627863
0.28209481 -0.090233319 -0.41096506 -0.24839102 0.10257278 0.16970754 0.35398376 0.46716475 0.12254845 -0.080768131 -0.22826028 -0.21415976 -0.16863857 -0.58953124 -0.27271312 -0.046831161
0.28209481 6.1903021e-17 -0.41815761 -0.25273827 -7.159986e-17 -1.1846257e-16 0.37761912 0.48366016 0.1461643 6.0005647e-17 1.6212332e-16 1.5415294e-16 -0.21147962 -0.62937713 -0.33095935 -0.081663884
0.28209481 0.090233319 -0.41096506 -0.24839102 -0.10257278 -0.16970754 0.35398376 0.46716475 0.12254845 0.080768131 0.22826028 0.21415976 -0.16863857 -0.58953124 -0.27271312 -0.046831161
0.28209481 -0.1330993 -0.35748166 -0.30532581 0.18598102 0.21775036 0.19109449 0.49951276 0.17278048 -0.17636864 -0.36001095 -0.20872845 0.0883274 -0.47881678 -0.33445817 -0.061898749
0.28209481 -0.045906276 -0.3698889 -0.31592283 0.066371612 0.077709235 0.22686212 0.53478795 0.22355954 -0.069040656 -0.13293734 -0.080107376 0.037995797 -0.55129176 -0.44777292 -0.14939646
0.28209481 0.045906276 -0.3698889 -0.31592283 -0.066371612 -0.077709235 0.22686212 0.53478795 0.22355954 0.069040656 0.13293734 0.080107376 0.037995797 -0.55129176 -0.44777292 -0.14939646
0.28209481 0.1330993 -0.35748166 -0.30532581 -0.18598102 -0.21775036 0.19109449 0.49951276 0.17278048 0.17636864 0.36001095 0.20872845 0.0883274 -0.47881678 -0.33445817 -0.061898749
0.28209481 -0.16928841 -0.29650939 -0.34950826 0.27077839 0.22971798 0.03305554 0.47426951 0.21394351 -0.28927848 -0.43475619 -0.13323128 0.2623919 -0.27506569 -0.3435033 -0.063965671
0.28209481 -0.088732876 -0.31083202 -0.36639097 0.14878482 0.12622333 0.067531459 0.52119452 0.28916067 -0.17723012 -0.25042501 -0.084955238 0.23181526 -0.35079256 -0.4866966 -0.2050229
0.28209481 9.1257378e-17 -0.31608811 -0.37258652 -1.5560533e-16 -1.3200958e-16 0.080591179 0.53897005 0.31765348 1.9224743e-16 2.6633358e-16 9.3263476e-17 0.21907426 -0.38077703 -0.54369467 -0.26163658
0.28209481 0.088732876 -0.31083202 -0.36639097 -0.14878482 -0.12622333 0.067531459 0.52119452 0.28916067 0.17723012 0.25042501 0.084955238 0.23181526 -0.35079256 -0.4866966 -0.2050229
0.28209481 0.16928841 -0.29650939 -0.34950826 -0.27077839 -0.22971798 0.03305554 0.47426951 0.21394351 0.28927848 0.43475619 0.13323128 0.2623919 -0.27506569 -0.3435033 -0.063965671
0.28209481 -0.19732302 -0.23499417 -0.38022858 0.34336168 0.21220918 -0.096527666 0.40891322 0.24172246 -0.39405367 -0.43692034 -0.028899938 0.33085796 -0.055688292 -0.30758661 -0.053401556
0.28209481 -0.12510294 -0.2483108 -0.40177533 0.23002768 0.14216492 -0.071019731 0.45657083 0.33356112 -0.29655474 -0.30929223 -0.034096714 0.32404304 -0.10950357 -0.44850197 -0.23264645
0.28209481 -0.042971831 -0.25587815 -0.41401958 0.081420556 0.050320666 -0.055898141 0.4848232 0.38800484 -0.11137855 -0.11281338 -0.014924004 0.31830171 -0.14378791 -0.53760546 -0.34738591
0.28209481 0.042971831 -0.25587815 -0.41401958 -0.081420556 -0.050320666 -0.055898141 0.4848232 0.38800484 0.11137855 0.11281338 0.014924004 0.31830171 -0.14378791 -0.53760546 -0.34738591
0.28209481 0.12510294 -0.2483108 -0.40177533 -0.23002768 -0.14216492 -0.071019731 0.45657083 0.33356112 0.29655474 0.30929223 0.034096714 0.32404304 -0.10950357 -0.44850197 -0.23264645
0.28209481 0.19732302 -0.23499417 -0.38022858 -0.34336168 -0.21220918 -0.096527666 0.40891322 0.24172246 0.39405367 0.43692034 0.028899938 0.33085796 -0.055688292 -0.30758661 -0.053401556
0.28209481 -0.23678763 -0.16785298 -0.39305142 0.42592946 0.18189359 -0.20372631 0.30193102 0.22520976 -0.48797423 -0.38713288 0.090793289 0.30895033 0.1507107 -0.20469612 0.027270019
0.28209481 -0.2085049 -0.10641892 -0.42887425 0.40923762 0.10154637 -0.27050695 0.20887098 0.32140186 -0.53613585 -0.23582384 0.14877732 0.22455785 0.30602044 -0.18520834 -0.11608712
0.28209481 -0.17188732 -0.03655402 -0.45590675 0.35863212 0.028754666 -0.31009579 0.076267675 0.40800413 -0.51647925 -0.070986815 0.15628624 0.082974479 0.41452709 -0.080759391 -0.27493161
0.28209481 -0.12891549 0.03655402 -0.46986914 0.27721158 -0.021566 -0.31009579 -0.078603409 0.46715963 -0.42107639 0.054870617 0.11721468 -0.082974479 0.42722219 0.092468493 -0.40624243
0.28209481 -0.083401963 0.10641892 -0.46952268 0.17920996 -0.040618546 -0.27050695 -0.22866763 0.48852676 -0.27608049 0.10327002 0.059510924 -0.22455785 0.33502483 0.28151432 -0.4740226
0.28209481 -0.039464604 0.16785298 -0.45716554 0.082567774 -0.030315597 -0.20372631 -0.35118169 0.47467664 -0.124857 0.075046934 0.015132215 -0.30895033 0.17529447 0.43143982 -0.47251797
0.28209481 -0.11080071 0.18000664 -0.44051474 0.22337382 -0.091276787 -0.18697028 -0.36289275 0.41594595 -0.31940752 0.21772791 0.033307828 -0.31914684 0.13242325 0.40543267 -0.35034272
0.28209481 -0.16051927 0.11322103 -0.44737789 0.328648 -0.08317323 -0.26458567 -0.23180933 0.39902246 -0.46662298 0.20148903 0.10983913 -0.23620538 0.30612898 0.24463452 -0.27800873
0.28209481 -0.18793924 0.18870172 -0.40963754 0.3523275 -0.16230153 -0.17426407 -0.3537569 0.30314848 -0.44500163 0.36001095 0.044692278 -0.32488576 0.097412519 0.30975947 -0.1281393
0.28209481 -0.20835027 0.038378522 -0.44028363 0.41981301 -0.036594145 -0.30955395 -0.077330366 0.34424067 -0.56716013 0.087244377 0.18888164 -0.087032005 0.39914271 0.071539141 -0.1416917
0.28209481 -0.24036838 0.11715062 -0.40893909 0.44984746 -0.12886982 -0.2609978 -0.21924645 0.25045624 -0.53975385 0.28536662 0.16021477 -0.24270698 0.27257365 0.1588802 0.012617763
0.28209481 -0.26411751 0.19189261 -0.36352658 0.43940267 -0.23194486 -0.16945086 -0.31924471 0.14277059 -0.43647456 0.45657724 0.056523636 -0.32665172 0.077798113 0.14835094 0.14181918
0.28209481 -0.24925214 -0.037740342 -0.41854683 0.47743282 0.043050088 -0.30974647 0.07229016 0.25869521 -0.58429015 -0.097568907 0.22619878 0.085614115 0.37983537 -0.052867353 0.023709297
0.28209481 -0.28627464 0.039050207 -0.39402324 0.51621908 -0.051160589 -0.30934781 -0.07041651 0.16772975 -0.55579668 0.10915678 0.25923294 -0.088522717 0.35680351 0.035467189 0.18058929
0.28209481 -0.31464627 0.11715062 -0.35497305 0.51114875 -0.16869278 -0.2609978 -0.19031335 0.061790336 -0.44408655 0.32425392 0.20972386 -0.24270698 0.23660319 0.039197512 0.30705136
0.28209481 -0.33151203 0.18870172 -0.30532581 0.46322513 -0.28628886 -0.17426407 -0.26367483 -0.038159382 -0.28469551 0.47332701 0.078834139 -0.32488576 0.072607003 -0.038991548 0.36523229
0.28209481 -0.28008911 -0.10800399 -0.38550958 0.49415219 0.13844119 -0.26915991 0.19054794 0.16055977 -0.5205422 -0.28899732 0.19799076 0.22731538 0.27251089 -0.093900926 0.16913442
0.28209481 -0.32103854 -0.037740342 -0.36639097 0.5383085 0.055448823 -0.30974647 0.063281953 0.071339145 -0.48663661 -0.11000955 0.29134563 0.085614115 0.33250341 -0.014578978 0.32425588
0.28209481 -0.35435084 0.038378522 -0.33420801 0.54197544 -0.062237337 -0.30955395 -0.058699496 -0.03173665 -0.37555787 0.11263184 0.32123965 -0.087032005 0.30297899 -0.0065954225 0.44799933
0.28209481 -0.37587848 0.11322103 -0.29091027 0.50042135 -0.19476183 -0.26458567 -0.15073547 -0.12964149 -0.21409649 0.30680063 0.25720379 -0.23620538 0.19906227 -0.079481199 0.49918789
0.28209481 -0.38471511 0.18000664 -0.24150427 0.4252001 -0.31692544 -0.18697028 -0.19894941 -0.20521149 -0.052479837 0.41445294 0.11564931 -0.31914684 0.072598659 -0.20002466 0.47117624
0.28209481 -0.3006427 -0.16785298 -0.34665799 0.47695914 0.23094524 -0.20372631 0.2662929 0.068156525 -0.41080835 -0.43351445 0.11527772 0.30895033 0.13292171 -0.061948363 0.26476213
0.28209481 -0.3434521 -0.10641892 -0.33082938 0.51999545 0.16726856 -0.27050695 0.16112101 -0.019475728 -0.36550871 -0.29964823 0.24506801 0.22455785 0.23606116 0.011222919 0.40904918
0.28209481 -0.38047698 -0.03655402 -0.3043575 0.52995831 0.063649185 -0.31009579 0.050915319 -0.11928361 -0.25623977 -0.10489872 0.34594357 0.082974479 0.27673295 0.02361072 0.52600324
0.28209481 -0.40703502 0.03655402 -0.26780346 0.49885842 -0.068092026 -0.31009579 -0.044800274 -0.2149992 -0.10187463 0.09874288 0.37009114 -0.082974479 0.2434967 -0.042556446 0.57615954
0.28209481 -0.42076999 0.10641892 -0.22441046 0.43213272 -0.20492402 -0.27050695 -0.10929272 -0.28988948 0.055269681 0.24901716 0.30023769 -0.22455785 0.16012663 -0.16704927 0.54576838
0.28209481 -0.42259502 0.16785298 -0.17880499 0.34580666 -0.32462558 -0.20372631 -0.13735296 -0.33548933 0.17672765 0.3143082 0.16203883 -0.30895033 0.068560563 -0.30493066 0.45566416
0.28209481 -0.44698551 -0.16785298 0.10373885 -0.21220919 0.34336168 -0.20372631 -0.079689264 -0.43255359 0.37875053 0.19287972 0.17139105 0.30895033 -0.039777379 0.39315364 -0.30888596
0.28209481 -0.47231522 -0.10641892 0.065770507 -0.14216492 0.23002766 -0.27050695 -0.032031652 -0.50056344 0.50197732 0.081922762 0.33701745 0.22455785 -0.046930119 0.28845048 -0.22121629
0.28209481 -0.48670918 -0.03655402 0.022591628 -0.05032067 0.081420548 -0.31009579 -0.0037793056 -0.54088098 0.57944125 0.0099603562 0.44253379 0.082974479 -0.020541135 0.10706072 -0.081154555
0.28209481 -0.48670918 0.03655402 -0.022591628 0.05032067 -0.081420548 -0.31009579 -0.0037793056 -0.54088098 0.57944125 0.0099603562 0.44253379 -0.082974479 0.020541135 -0.10706072 0.081154555
0.28209481 -0.47231522 0.10641892 -0.065770507 0.14216492 -0.23002766 -0.27050695 -0.032031652 -0.50056344 0.50197732 0.081922762 0.33701745 -0.22455785 0.046930119 -0.28845048 0.22121629
0.28209481 -0.44698551 0.16785298 -0.10373885 0.21220919 -0.34336168 -0.20372631 -0.079689264 -0.43255359 0.37875053 0.19287972 0.17139105 -0.30895033 0.039777379 -0.39315364 0.30888596
0.28209481 -0.45319369 0.18000664 -0.030748807 0.063773677 -0.3733376 -0.18697028 -0.025330637 -0.46780315 0.4643324 0.062161762 0.13623469 -0.31914684 0.0092434073 -0.45597917 0.095690176
0.28209481 -0.47508484 0.11322103 0.014415529 -0.031342313 -0.24616572 -0.26458567 0.0074694217 -0.51599038 0.54091537 -0.019215491 0.32508811 -0.23620538 -0.0098641692 -0.31634578 -0.049360309
0.28209481 -0.44766489 0.18870172 0.052155875 -0.10685271 -0.38659674 -0.17426407 0.045041036 -0.45234519 0.4353323 -0.10918292 0.10645548 -0.32488576 -0.012402757 -0.46220979 -0.15789853
0.28209481 -0.48311839 0.038378522 0.062097754 -0.13729627 -0.084853761 -0.30955395 0.010906701 -0.52525645 0.54212648 -0.028532531 0.4379749 -0.087032005 -0.056295224 -0.10915734 -0.21873736
0.28209481 -0.46320212 0.11715062 0.10223477 -0.21671975 -0.24833871 -0.2609978 0.054811612 -0.46703708 0.42925349 -0.13747902 0.30874202 -0.24270698 -0.068143412 -0.29627109 -0.32746732
0.28209481 -0.42735112 0.19189261 0.1388548 -0.27156579 -0.37529469 -0.16945086 0.12194063 -0.37377825 0.26975611 -0.28218025 0.091457166 -0.32665172 -0.029716235 -0.3883878 -0.37128744
0.28209481 -0.47508484 -0.037740342 0.10771479 -0.23419403 0.082055241 -0.30974647 -0.018604178 -0.4899168 0.45876467 0.047860254 0.43114418 0.085614115 -0.097752236 0.10012015 -0.36261836
0.28209481 -0.46320212 0.039050207 0.15050349 -0.31904092 -0.082779571 -0.30934781 0.026896713 -0.43912217 0.34350124 -0.067462601 0.41944769 -0.088522717 -0.13628681 -0.092854306 -0.4727889
0.28209481 -0.43483049 0.11715062 0.18955369 -0.37720856 -0.2331277 -0.2609978 0.10162631 -0.35043511 0.17879331 -0.2392872 0.28983125 -0.24270698 -0.12634483 -0.22230312 -0.50943732
0.28209481 -0.39282495 0.18870172 0.22093582 -0.39718652 -0.33923778 -0.17426407 0.1907969 -0.24140532 0.015645346 -0.40584826 0.093414456 -0.32488576 -0.05253892 -0.24666981 -0.46281895
0.28209481 -0.45319369 -0.10800399 0.14725156 -0.30540285 0.22400254 -0.26915991 -0.072782837 -0.42035094 0.32171279 0.17861018 0.32035577 0.22731538 -0.1040899 0.24583581 -0.44279966
0.28209481 -0.44766489 -0.037740342 0.19210477 -0.39356863 0.077319346 -0.30974647 -0.033179764 -0.37412438 0.20310447 0.080430292 0.40626028 0.085614115 -0.17433697 0.076456629 -0.54836637
0.28209481 -0.42735112 0.038378522 0.23373172 -0.45712167 -0.07505893 -0.30955395 0.041052084 -0.29288968 0.040505305 -0.094997764 0.38741866 -0.087032005 -0.2118914 -0.060867522 -0.58318645
0.28209481 -0.39282495 0.11322103 0.26758546 -0.48105073 -0.20354266 -0.26458567 0.13864969 -0.18925811 -0.12020759 -0.2949248 0.26879981 -0.23620538 -0.18310171 -0.11603124 -0.52969426
0.28209481 -0.34856772 0.18000664 0.29125687 -0.46461439 -0.28714746 -0.18697028 0.23993523 -0.083906755 -0.23449336 -0.45287102 0.10478304 -0.31914684 -0.087554805 -0.081785969 -0.41203645
0.28209481 -0.42259502 -0.16785298 0.17880499 -0.34580666 0.32462558 -0.20372631 -0.13735296 -0.33548933 0.17672765 0.3143082 0.16203883 0.30895033 -0.068560563 0.30493066 -0.45566416
0.28209481 -0.42076999 -0.10641892 0.22441046 -0.43213272 0.20492402 -0.27050695 -0.10929272 -0.28988948 0.055269681 0.24901716 0.30023769 0.22455785 -0.16012663 0.16704927 -0.54576838
0.28209481 -0.40703502 -0.03655402 0.26780346 -0.49885842 0.068092026 -0.31009579 -0.044800274 -0.2149992 -0.10187463 0.09874288 0.37009114 0.082974479 -0.2434967 0.042556446 -0.57615954
0.28209481 -0.38047698 0.03655402 0.3043575 -0.52995831 -0.063649185 -0.31009579 0.050915319 -0.11928361 -0.25623977 -0.10489872 0.34594357 -0.082974479 -0.27673295 -0.02361072 -0.52600324
0.28209481 -0.3434521 0.10641892 0.33082938 -0.51999545 -0.16726856 -0.27050695 0.16112101 -0.019475728 -0.36550871 -0.29964823 0.24506801 -0.22455785 -0.23606116 -0.011222919 -0.40904918
0.28209481 -0.3006427 0.16785298 0.34665799 -0.47695914 -0.23094524 -0.20372631 0.2662929 0.068156525 -0.41080835 -0.43351445 0.11527772 -0.30895033 -0.13292171 0.061948363 -0.26476213
0.28209481 -0.039464604 -0.16785298 0.45716554 -0.082567774 0.030315597 -0.20372631 -0.35118169 0.47467664 -0.124857 0.075046934 0.015132215 0.30895033 -0.17529447 -0.43143982 0.47251797
0.28209481 -0.083401963 -0.10641892 0.46952268 -0.17920996 0.040618546 -0.27050695 -0.22866763 0.48852676 -0.27608049 0.10327002 0.059510924 0.22455785 -0.33502483 -0.28151432 0.4740226
0.28209481 -0.12891549 -0.03655402 0.46986914 -0.27721158 0.021566 -0.31009579 -0.078603409 0.46715963 -0.42107639 0.054870617 0.11721468 0.082974479 -0.42722219 -0.092468493 0.40624243
0.28209481 -0.17188732 0.03655402 0.45590675 -0.35863212 -0.028754666 -0.31009579 0.076267675 0.40800413 -0.51647925 -0.070986815 0.15628624 -0.082974479 -0.41452709 0.080759391 0.27493161
0.28209481 -0.2085049 0.10641892 0.42887425 -0.40923762 -0.10154637 -0.27050695 0.20887098 0.32140186 -0.53613585 -0.23582384 0.14877732 -0.22455785 -0.30602044 0.18520834 0.11608712
0.28209481 -0.23678763 0.16785298 0.39305142 -0.42592946 -0.18189359 -0.20372631 0.30193102 0.22520976 -0.48797423 -0.38713288 0.090793289 -0.30895033 -0.1507107 0.20469612 -0.027270019
0.28209481 -0.16928841 0.18000664 0.42151093 -0.32656178 -0.13945852 -0.18697028 0.34723756 0.34097549 -0.43189806 -0.31830776 0.050889835 -0.31914684 -0.1267105 0.33235714 0.19551276
0.28209481 -0.1330993 0.11322103 0.45628718 -0.27793509 -0.068965547 -0.26458567 0.23642568 0.43586755 -0.40859646 -0.17039771 0.091076367 -0.23620538 -0.31222537 0.26722369 0.35787541
0.28209481 -0.088732868 0.18870172 0.44187164 -0.17943616 -0.076628387 -0.17426407 0.38159379 0.42876139 -0.25938079 -0.18334925 0.02110083 -0.32488576 -0.10507784 0.43811169 0.38362449
0.28209481 -0.090233319 0.038378522 0.47866216 -0.19766296 -0.015848365 -0.30955395 0.084071077 0.50564212 -0.31001893 -0.04107777 0.08180175 -0.087032005 -0.43393508 0.10508114 0.49561617
0.28209481 -0.045906276 0.11715062 0.47212368 -0.099187545 -0.024611946 -0.2609978 0.25312188 0.5052256 -0.1547929 -0.062920921 0.030598298 -0.24270698 -0.31468859 0.3204965 0.51723552
0.28209481 -5.5028716e-17 0.19189261 0.44934356 -1.1316111e-16 -4.8325562e-17 -0.16945086 0.39460817 0.46201533 -1.6861054e-16 -1.1758415e-16 1.1776663e-17 -0.32665172 -0.09616375 0.48007372 0.45893651
0.28209481 -0.044366434 -0.037740342 0.48511824 -0.098498911 0.0076628388 -0.30974647 -0.083788179 0.53400683 -0.1580067 0.02012939 0.040262979 0.085614115 -0.44024956 -0.10913045 0.56301951
0.28209481 -5.9645142e-17 0.039050207 0.48703954 -1.3294395e-16 -1.0659276e-17 -0.30934781 0.087039597 0.54278487 -2.1470479e-16 -2.8111578e-17 5.4011016e-17 -0.088522717 -0.44103339 0.11477423 0.58439922
0.28209481 0.045906276 0.11715062 0.47212368 0.099187545 0.024611946 -0.2609978 0.25312188 0.5052256 0.1547929 0.062920921 -0.030598298 -0.24270698 -0.31468859 0.3204965 0.51723552
0.28209481 0.088732868 0.18870172 0.44187164 0.17943616 0.076628387 -0.17426407 0.38159379 0.42876139 0.25938079 0.18334925 -0.02110083 -0.32488576 -0.10507784 0.43811169 0.38362449
0.28209481 -5.8356388e-17 -0.10800399 0.47651607 -1.2726097e-16 2.8844132e-17 -0.26915991 -0.23553021 0.51958233 -2.0108595e-16 7.4426628e-17 4.1251246e-17 0.22731538 -0.336842 -0.30386978 0.5473305
0.28209481 0.044366434 -0.037740342 0.48511824 0.098498911 -0.0076628388 -0.30974647 -0.083788179 0.53400683 0.1580067 -0.02012939 -0.040262979 0.085614115 -0.44024956 -0.10913045 0.56301951
0.28209481 0.090233319 0.038378522 0.47866216 0.19766296 0.015848365 -0.30955395 0.084071077 0.50564212 0.31001893 0.04107777 -0.08180175 -0.087032005 -0.43393508 0.10508114 0.49561617
0.28209481 0.1330993 0.11322103 0.45628718 0.27793509 0.068965547 -0.26458567 0.23642568 0.43586755 0.40859646 0.17039771 -0.091076367 -0.23620538 -0.31222537 0.26722369 0.35787541
0.28209481 0.16928841 0.18000664 0.42151093 0.32656178 0.13945852 -0.18697028 0.34723756 0.34097549 0.43189806 0.31830776 -0.050889835 -0.31914684 -0.1267105 0.33235714 0.19551276
0.28209481 0.039464604 -0.16785298 0.45716554 0.082567774 -0.030315597 -0.20372631 -0.35118169 0.47467664 0.124857 -0.075046934 -0.015132215 0.30895033 -0.17529447 -0.43143982 0.47251797
0.28209481 0.083401963 -0.10641892 0.46952268 0.17920996 -0.040618546 -0.27050695 -0.22866763 0.48852676 0.27608049 -0.10327002 -0.059510924 0.22455785 -0.33502483 -0.28151432 0.4740226
0.28209481 0.12891549 -0.03655402 0.46986914 0.27721158 -0.021566 -0.31009579 -0.078603409 0.46715963 0.42107639 -0.054870617 -0.11721468 0.082974479 -0.42722219 -0.092468493 0.40624243
0.28209481 0.17188732 0.03655402 0.45590675 0.35863212 0.028754666 -0.31009579 0.076267675 0.40800413 0.51647925 0.070986815 -0.15628624 -0.082974479 -0.41452709 0.080759391 0.27493161
0.28209481 0.2085049 0.10641892 0.42887425 0.40923762 0.10154637 -0.27050695 0.20887098 0.32140186 0.53613585 0.23582384 -0.14877732 -0.22455785 -0.30602044 0.18520834 0.11608712
0.28209481 0.23678763 0.16785298 0.39305142 0.42592946 0.18189359 -0.20372631 0.30193102 0.22520976 0.48797423 0.38713288 -0.090793289 -0.30895033 -0.1507107 0.20469612 -0.027270019
0.28209481 0.42259502 -0.16785298 0.17880499 0.34580666 -0.32462558 -0.20372631 -0.13735296 -0.33548933 -0.17672765 -0.3143082 -0.16203883 0.30895033 -0.068560563 0.30493066 -0.45566416
0.28209481 0.42076999 -0.10641892 0.22441046 0.43213272 -0.20492402 -0.27050695 -0.10929272 -0.28988948 -0.055269681 -0.24901716 -0.30023769 0.22455785 -0.16012663 0.16704927 -0.54576838
0.28209481 0.40703502 -0.03655402 0.26780346 0.49885842 -0.068092026 -0.31009579 -0.044800274 -0.2149992 0.10187463 -0.09874288 -0.37009114 0.082974479 -0.2434967 0.042556446 -0.57615954
0.28209481 0.38047698 0.03655402 0.3043575 0.52995831 0.063649185 -0.31009579 0.050915319 -0.11928361 0.25623977 0.10489872 -0.34594357 -0.082974479 -0.27673295 -0.02361072 -0.52600324
0.28209481 0.3434521 0.10641892 0.33082938 0.51999545 0.16726856 -0.27050695 0.16112101 -0.019475728 0.36550871 0.29964823 -0.24506801 -0.22455785 -0.23606116 -0.011222919 -0.40904918
0.28209481 0.3006427 0.16785298 0.34665799 0.47695914 0.23094524 -0.20372631 0.2662929 0.068156525 0.41080835 0.43351445 -0.11527772 -0.30895033 -0.13292171 0.061948363 -0.26476213
0.28209481 0.34856772 0.18000664 0.29125687 0.46461439 0.28714746 -0.18697028 0.23993523 -0.083906755 0.23449336 0.45287102 -0.10478304 -0.31914684 -0.087554805 -0.081785969 -0.41203645
0.28209481 0.39282495 0.11322103 0.26758546 0.48105073 0.20354266 -0.26458567 0.13864969 -0.18925811 0.12020759 0.2949248 -0.26879981 -0.23620538 -0.18310171 -0.11603124 -0.52969426
0.28209481 0.39282495 0.18870172 0.22093582 0.39718652 0.33923778 -0.17426407 0.1907969 -0.24140532 -0.015645346 0.40584826 -0.093414456 -0.32488576 -0.05253892 -0.24666981 -0.46281895
0.28209481 0.42735112 0.038378522 0.23373172 0.45712167 0.07505893 -0.30955395 0.041052084 -0.29288968 -0.040505305 0.094997764 -0.38741866 -0.087032005 -0.2118914 -0.060867522 -0.58318645
0.28209481 0.43483049 0.11715062 0.18955369 0.37720856 0.2331277 -0.2609978 0.10162631 -0.35043511 -0.17879331 0.2392872 -0.28983125 -0.24270698 -0.12634483 -0.22230312 -0.50943732
0.28209481 0.42735112 0.19189261 0.1388548 0.27156579 0.37529469 -0.16945086 0.12194063 -0.37377825 -0.26975611 0.28218025 -0.091457166 -0.32665172 -0.029716235 -0.3883878 -0.37128744
0.28209481 0.44766489 -0.037740342 0.19210477 0.39356863 -0.077319346 -0.30974647 -0.033179764 -0.37412438 -0.20310447 -0.080430292 -0.40626028 0.085614115 -0.17433697 0.076456629 -0.54836637
0.28209481 0.46320212 0.039050207 0.15050349 0.31904092 0.082779571 -0.30934781 0.026896713 -0.43912217 -0.34350124 0.067462601 -0.41944769 -0.088522717 -0.13628681 -0.092854306 -0.4727889
0.28209481 0.46320212 0.11715062 0.10223477 0.21671975 0.24833871 -0.2609978 0.054811612 -0.46703708 -0.42925349 0.13747902 -0.30874202 -0.24270698 -0.068143412 -0.29627109 -0.32746732
0.28209481 0.44766489 0.18870172 0.052155875 0.10685271 0.38659674 -0.17426407 0.045041036 -0.45234519 -0.4353323 0.10918292 -0.10645548 -0.32488576 -0.012402757 -0.46220979 -0.15789853
0.28209481 0.45319369 -0.10800399 0.14725156 0.30540285 -0.22400254 -0.26915991 -0.072782837 -0.42035094 -0.32171279 -0.17861018 -0.32035577 0.22731538 -0.1040899 0.24583581 -0.44279966
0.28209481 0.47508484 -0.037740342 0.10771479 0.23419403 -0.082055241 -0.30974647 -0.018604178 -0.4899168 -0.45876467 -0.047860254 -0.43114418 0.085614115 -0.097752236 0.10012015 -0.36261836
0.28209481 0.48311839 0.038378522 0.062097754 0.13729627 0.084853761 -0.30955395 0.010906701 -0.52525645 -0.54212648 0.028532531 -0.4379749 -0.087032005 -0.056295224 -0.10915734 -0.21873736
0.28209481 0.47508484 0.11322103 0.014415529 0.031342313 0.24616572 -0.26458567 0.0074694217 -0.51599038 -0.54091537 0.019215491 -0.32508811 -0.23620538 -0.0098641692 -0.31634578 -0.049360309
0.28209481 0.45319369 0.18000664 -0.030748807 -0.063773677 0.3733376 -0.18697028 -0.025330637 -0.46780315 -0.4643324 -0.062161762 -0.13623469 -0.31914684 0.0092434073 -0.45597917 0.095690176
0.28209481 0.44698551 -0.16785298 0.10373885 0.21220919 -0.34336168 -0.20372631 -0.079689264 -0.43255359 -0.37875053 -0.19287972 -0.17139105 0.30895033 -0.039777379 0.39315364 -0.30888596
0.28209481 0.47231522 -0.10641892 0.065770507 0.14216492 -0.23002766 -0.27050695 -0.032031652 -0.50056344 -0.50197732 -0.081922762 -0.33701745 0.22455785 -0.046930119 0.28845048 -0.22121629
0.28209481 0.48670918 -0.03655402 0.022591628 0.05032067 -0.081420548 -0.31009579 -0.0037793056 -0.54088098 -0.57944125 -0.0099603562 -0.44253379 0.082974479 -0.020541135 0.10706072 -0.081154555
0.28209481 0.48670918 0.03655402 -0.022591628 -0.05032067 0.081420548 -0.31009579 -0.0037793056 -0.54088098 -0.57944125 -0.0099603562 -0.44253379 -0.082974479 0.020541135 -0.10706072 0.081154555
0.28209481 0.47231522 0.10641892 -0.065770507 -0.14216492 0.23002766 -0.27050695 -0.032031652 -0.50056344 -0.50197732 -0.081922762 -0.33701745 -0.22455785 0.046930119 -0.28845048 0.22121629
0.28209481 0.44698551 0.16785298 -0.10373885 -0.21220919 0.34336168 -0.20372631 -0.079689264 -0.43255359 -0.37875053 -0.19287972 -0.17139105 -0.30895033 0.039777379 -0.39315364 0.30888596
0.28209481 0.3006427 -0.16785298 -0.34665799 -0.47695914 -0.23094524 -0.20372631 0.2662929 0.068156525 0.41080835 0.43351445 -0.11527772 0.30895033 0.13292171 -0.061948363 0.26476213
0.28209481 0.3434521 -0.10641892 -0.33082938 -0.51999545 -0.16726856 -0.27050695 0.16112101 -0.019475728 0.36550871 0.29964823 -0.24506801 0.22455785 0.23606116 0.011222919 0.40904918
0.28209481 0.38047698 -0.03655402 -0.3043575 -0.52995831 -0.063649185 -0.31009579 0.050915319 -0.11928361 0.25623977 0.10489872 -0.34594357 0.082974479 0.27673295 0.02361072 0.52600324
0.28209481 0.40703502 0.03655402 -0.26780346 -0.49885842 0.068092026 -0.31009579 -0.044800274 -0.2149992 0.10187463 -0.09874288 -0.37009114 -0.082974479 0.2434967 -0.042556446 0.57615954
0.28209481 0.42076999 0.10641892 -0.22441046 -0.43213272 0.20492402 -0.27050695 -0.10929272 -0.28988948 -0.055269681 -0.24901716 -0.30023769 -0.22455785 0.16012663 -0.16704927 0.54576838
0.28209481 0.42259502 0.16785298 -0.17880499 -0.34580666 0.32462558 -0.20372631 -0.13735296 -0.33548933 -0.17672765 -0.3143082 -0.16203883 -0.30895033 0.068560563 -0.30493066 0.45566416
0.28209481 0.38471511 0.18000664 -0.24150427 -0.4252001 0.31692544 -0.18697028 -0.19894941 -0.20521149 0.052479837 -0.41445294 -0.11564931 -0.31914684 0.072598659 -0.20002466 0.47117624
0.28209481 0.37587848 0.11322103 -0.29091027 -0.50042135 0.19476183 -0.26458567 -0.15073547 -0.12964149 0.21409649 -0.30680063 -0.25720379 -0.23620538 0.19906227 -0.079481199 0.49918789
0.28209481 0.33151203 0.18870172 -0.30532581 -0.46322513 0.28628886 -0.17426407 -0.26367483 -0.038159382 0.28469551 -0.47332701 -0.078834139 -0.32488576 0.072607003 -0.038991548 0.36523229
0.28209481 0.35435084 0.038378522 -0.33420801 -0.54197544 0.062237337 -0.30955395 -0.058699496 -0.03173665 0.37555787 -0.11263184 -0.32123965 -0.087032005 0.30297899 -0.0065954225 0.44799933
0.28209481 0.31464627 0.11715062 -0.35497305 -0.51114875 0.16869278 -0.2609978 -0.19031335 0.061790336 0.44408655 -0.32425392 -0.20972386 -0.24270698 0.23660319 0.039197512 0.30705136
0.28209481 0.26411751 0.19189261 -0.36352658 -0.43940267 0.23194486 -0.16945086 -0.31924471 0.14277059 0.43647456 -0.45657724 -0.056523636 -0.32665172 0.077798113 0.14835094 0.14181918
0.28209481 0.32103854 -0.037740342 -0.36639097 -0.5383085 -0.055448823 -0.30974647 0.063281953 0.071339145 0.48663661 0.11000955 -0.29134563 0.085614115 0.33250341 -0.014578978 0.32425588
0.28209481 0.28627464 0.039050207 -0.39402324 -0.51621908 0.051160589 -0.30934781 -0.07041651 0.16772975 0.55579668 -0.10915678 -0.25923294 -0.088522717 0.35680351 0.035467189 0.18058929
0.28209481 0.24036838 0.11715062 -0.40893909 -0.44984746 0.12886982 -0.2609978 -0.21924645 0.25045624 0.53975385 -0.28536662 -0.16021477 -0.24270698 0.27257365 0.1588802 0.012617763
0.28209481 0.18793924 0.18870172 -0.40963754 -0.3523275 0.16230153 -0.17426407 -0.3537569 0.30314848 0.44500163 -0.36001095 -0.044692278 -0.32488576 0.097412519 0.30975947 -0.1281393
0.28209481 0.28008911 -0.10800399 -0.38550958 -0.49415219 -0.13844119 -0.26915991 0.19054794 0.16055977 0.5205422 0.28899732 -0.19799076 0.22731538 0.27251089 -0.093900926 0.16913442
0.28209481 0.24925214 -0.037740342 -0.41854683 -0.47743282 -0.043050088 -0.30974647 0.07229016 0.25869521 0.58429015 0.097568907 -0.22619878 0.085614115 0.37983537 -0.052867353 0.023709297
0.28209481 0.20835027 0.038378522 -0.44028363 -0.41981301 0.036594145 -0.30955395 -0.077330366 0.34424067 0.56716013 -0.087244377 -0.18888164 -0.087032005 0.39914271 0.071539141 -0.1416917
0.28209481 0.16051927 0.11322103 -0.44737789 -0.328648 0.08317323 -0.26458567 -0.23180933 0.39902246 0.46662298 -0.20148903 -0.10983913 -0.23620538 0.30612898 0.24463452 -0.27800873
0.28209481 0.11080071 0.18000664 -0.44051474 -0.22337382 0.091276787 -0.18697028 -0.36289275 0.41594595 0.31940752 -0.21772791 -0.033307828 -0.31914684 0.13242325 0.40543267 -0.35034272
0.28209481 0.23678763 -0.16785298 -0.39305142 -0.42592946 -0.18189359 -0.20372631 0.30193102 0.22520976 0.48797423 0.38713288 -0.090793289 0.30895033 0.1507107 -0.20469612 0.027270019
0.28209481 0.2085049 -0.10641892 -0.42887425 -0.40923762 -0.10154637 -0.27050695 0.20887098 0.32140186 0.53613585 0.23582384 -0.14877732 0.22455785 0.30602044 -0.18520834 -0.11608712
0.28209481 0.17188732 -0.03655402 -0.45590675 -0.35863212 -0.028754666 -0.31009579 0.076267675 0.40800413 0.51647925 0.070986815 -0.15628624 0.082974479 0.41452709 -0.080759391 -0.27493161
0.28209481 0.12891549 0.03655402 -0.46986914 -0.27721158 0.021566 -0.31009579 -0.078603409 0.46715963 0.42107639 -0.054870617 -0.11721468 -0.082974479 0.42722219 0.092468493 -0.40624243
0.28209481 0.083401963 0.10641892 -0.46952268 -0.17920996 0.040618546 -0.27050695 -0.22866763 0.48852676 0.27608049 -0.10327002 -0.059510924 -0.22455785 0.33502483 0.28151432 -0.4740226
0.28209481 0.039464604 0.16785298 -0.45716554 -0.082567774 0.030315597 -0.20372631 -0.35118169 0.47467664 0.124857 -0.075046934 -0.015132215 -0.30895033 0.17529447 0.43143982 -0.47251797
0.28209481 -0.34856772 -0.18000664 -0.29125687 0.46461439 0.28714746 -0.18697028 0.23993523 -0.083906755 -0.23449336 -0.45287102 0.10478304 0.31914684 0.087554805 0.081785969 0.41203645
0.28209481 -0.39282495 -0.18870172 -0.22093582 0.39718652 0.33923778 -0.17426407 0.1907969 -0.24140532 0.015645346 -0.40584826 0.093414456 0.32488576 0.05253892 0.24666981 0.46281895
0.28209481 -0.39282495 -0.11322103 -0.26758546 0.48105073 0.20354266 -0.26458567 0.13864969 -0.18925811 -0.12020759 -0.2949248 0.26879981 0.23620538 0.18310171 0.11603124 0.52969426
0.28209481 -0.42735112 -0.19189261 -0.1388548 0.27156579 0.37529469 -0.16945086 0.12194063 -0.37377825 0.26975611 -0.28218025 0.091457166 0.32665172 0.029716235 0.3883878 0.37128744
0.28209481 -0.43483049 -0.11715062 -0.18955369 0.37720856 0.2331277 -0.2609978 0.10162631 -0.35043511 0.17879331 -0.2392872 0.28983125 0.24270698 0.12634483 0.22230312 0.50943732
0.28209481 -0.42735112 -0.038378522 -0.23373172 0.45712167 0.07505893 -0.30955395 0.041052084 -0.29288968 0.040505305 -0.094997764 0.38741866 0.087032005 0.2118914 0.060867522 0.58318645
0.28209481 -0.44766489 -0.18870172 -0.052155875 0.10685271 0.38659674 -0.17426407 0.045041036 -0.45234519 0.4353323 -0.10918292 0.10645548 0.32488576 0.012402757 0.46220979 0.15789853
0.28209481 -0.46320212 -0.11715062 -0.10223477 0.21671975 0.24833871 -0.2609978 0.054811612 -0.46703708 0.42925349 -0.13747902 0.30874202 0.24270698 0.068143412 0.29627109 0.32746732
0.28209481 -0.46320212 -0.039050207 -0.15050349 0.31904092 0.082779571 -0.30934781 0.026896713 -0.43912217 0.34350124 -0.067462601 0.41944769 0.088522717 0.13628681 0.092854306 0.4727889
0.28209481 -0.44766489 0.037740342 -0.19210477 0.39356863 -0.077319346 -0.30974647 -0.033179764 -0.37412438 0.20310447 0.080430292 0.40626028 -0.085614115 0.17433697 -0.076456629 0.54836637
0.28209481 -0.45319369 -0.18000664 0.030748807 -0.063773677 0.3733376 -0.18697028 -0.025330637 -0.46780315 0.4643324 0.062161762 0.13623469 0.31914684 -0.0092434073 0.45597917 -0.095690176
0.28209481 -0.47508484 -0.11322103 -0.014415529 0.031342313 0.24616572 -0.26458567 0.0074694217 -0.51599038 0.54091537 -0.019215491 0.32508811 0.23620538 0.0098641692 0.31634578 0.049360309
0.28209481 -0.48311839 -0.038378522 -0.062097754 0.13729627 0.084853761 -0.30955395 0.010906701 -0.52525645 0.54212648 -0.028532531 0.4379749 0.087032005 0.056295224 0.10915734 0.21873736
0.28209481 -0.47508484 0.037740342 -0.10771479 0.23419403 -0.082055241 -0.30974647 -0.018604178 -0.4899168 0.45876467 0.047860254 0.43114418 -0.085614115 0.097752236 -0.10012015 0.36261836
0.28209481 -0.45319369 0.10800399 -0.14725156 0.30540285 -0.22400254 -0.26915991 -0.072782837 -0.42035094 0.32171279 0.17861018 0.32035577 -0.22731538 0.1040899 -0.24583581 0.44279966
0.28209481 -0.38471511 -0.18000664 0.24150427 -0.4252001 0.31692544 -0.18697028 -0.19894941 -0.20521149 -0.052479837 0.41445294 0.11564931 0.31914684 -0.072598659 0.20002466 -0.47117624
0.28209481 -0.33151203 -0.18870172 0.30532581 -0.46322513 0.28628886 -0.17426407 -0.26367483 -0.038159382 -0.28469551 0.47332701 0.078834139 0.32488576 -0.072607003 0.038991548 -0.36523229
0.28209481 -0.37587848 -0.11322103 0.29091027 -0.50042135 0.19476183 -0.26458567 -0.15073547 -0.12964149 -0.21409649 0.30680063 0.25720379 0.23620538 -0.19906227 0.079481199 -0.49918789
0.28209481 -0.26411751 -0.19189261 0.36352658 -0.43940267 0.23194486 -0.16945086 -0.31924471 0.14277059 -0.43647456 0.45657724 0.056523636 0.32665172 -0.077798113 -0.14835094 -0.14181918
0.28209481 -0.31464627 -0.11715062 0.35497305 -0.51114875 0.16869278 -0.2609978 -0.19031335 0.061790336 -0.44408655 0.32425392 0.20972386 0.24270698 -0.23660319 -0.039197512 -0.30705136
0.28209481 -0.35435084 -0.038378522 0.33420801 -0.54197544 0.062237337 -0.30955395 -0.058699496 -0.03173665 -0.37555787 0.11263184 0.32123965 0.087032005 -0.30297899 0.0065954225 -0.44799933
0.28209481 -0.18793924 -0.18870172 0.40963754 -0.3523275 0.16230153 -0.17426407 -0.3537569 0.30314848 -0.44500163 0.36001095 0.044692278 0.32488576 -0.097412519 -0.30975947 0.1281393
0.28209481 -0.24036838 -0.11715062 0.40893909 -0.44984746 0.12886982 -0.2609978 -0.21924645 0.25045624 -0.53975385 0.28536662 0.16021477 0.24270698 -0.27257365 -0.1588802 -0.012617763
0.28209481 -0.28627464 -0.039050207 0.39402324 -0.51621908 0.051160589 -0.30934781 -0.07041651 0.16772975 -0.55579668 0.10915678 0.25923294 0.088522717 -0.35680351 -0.035467189 -0.18058929
0.28209481 -0.32103854 0.037740342 0.36639097 -0.5383085 -0.055448823 -0.30974647 0.063281953 0.071339145 -0.48663661 -0.11000955 0.29134563 -0.085614115 -0.33250341 0.014578978 -0.32425588
0.28209481 -0.11080071 -0.18000664 0.44051474 -0.22337382 0.091276787 -0.18697028 -0.36289275 0.41594595 -0.31940752 0.21772791 0.033307828 0.31914684 -0.13242325 -0.40543267 0.35034272
0.28209481 -0.16051927 -0.11322103 0.44737789 -0.328648 0.08317323 -0.26458567 -0.23180933 0.39902246 -0.46662298 0.20148903 0.10983913 0.23620538 -0.30612898 -0.24463452 0.27800873
0.28209481 -0.20835027 -0.038378522 0.44028363 -0.41981301 0.036594145 -0.30955395 -0.077330366 0.34424067 -0.56716013 0.087244377 0.18888164 0.087032005 -0.39914271 -0.071539141 0.1416917
0.28209481 -0.24925214 0.037740342 0.41854683 -0.47743282 -0.043050088 -0.30974647 0.07229016 0.25869521 -0.58429015 -0.097568907 0.22619878 -0.085614115 -0.37983537 0.052867353 -0.023709297
0.28209481 -0.28008911 0.10800399 0.38550958 -0.49415219 -0.13844119 -0.26915991 0.19054794 0.16055977 -0.5205422 -0.28899732 0.19799076 -0.22731538 -0.27251089 0.093900926 -0.16913442
0.28209481 0.11080071 -0.18000664 0.44051474 0.22337382 -0.091276787 -0.18697028 -0.36289275 0.41594595 0.31940752 -0.21772791 -0.033307828 0.31914684 -0.13242325 -0.40543267 0.35034272
0.28209481 0.18793924 -0.18870172 0.40963754 0.3523275 -0.16230153 -0.17426407 -0.3537569 0.30314848 0.44500163 -0.36001095 -0.044692278 0.32488576 -0.097412519 -0.30975947 0.1281393
0.28209481 0.16051927 -0.11322103 0.44737789 0.328648 -0.08317323 -0.26458567 -0.23180933 0.39902246 0.46662298 -0.20148903 -0.10983913 0.23620538 -0.30612898 -0.24463452 0.27800873
0.28209481 0.26411751 -0.19189261 0.36352658 0.43940267 -0.23194486 -0.16945086 -0.31924471 0.14277059 0.43647456 -0.45657724 -0.056523636 0.32665172 -0.077798113 -0.14835094 -0.14181918
0.28209481 0.24036838 -0.11715062 0.40893909 0.44984746 -0.12886982 -0.2609978 -0.21924645 0.25045624 0.53975385 -0.28536662 -0.16021477 0.24270698 -0.27257365 -0.1588802 -0.012617763
0.28209481 0.20835027 -0.038378522 0.44028363 0.41981301 -0.036594145 -0.30955395 -0.077330366 0.34424067 0.56716013 -0.087244377 -0.18888164 0.087032005 -0.39914271 -0.071539141 0.1416917
0.28209481 0.33151203 -0.18870172 0.30532581 0.46322513 -0.28628886 -0.17426407 -0.26367483 -0.038159382 0.28469551 -0.47332701 -0.078834139 0.32488576 -0.072607003 0.038991548 -0.36523229
0.28209481 0.31464627 -0.11715062 0.35497305 0.51114875 -0.16869278 -0.2609978 -0.19031335 0.061790336 0.44408655 -0.32425392 -0.20972386 0.24270698 -0.23660319 -0.039197512 -0.30705136
0.28209481 0.28627464 -0.039050207 0.39402324 0.51621908 -0.051160589 -0.30934781 -0.07041651 0.16772975 0.55579668 -0.10915678 -0.25923294 0.088522717 -0.35680351 -0.035467189 -0.18058929
0.28209481 0.24925214 0.037740342 0.41854683 0.47743282 0.043050088 -0.30974647 0.07229016 0.25869521 0.58429015 0.097568907 -0.22619878 -0.085614115 -0.37983537 0.052867353 -0.023709297
0.28209481 0.38471511 -0.18000664 0.24150427 0.4252001 -0.31692544 -0.18697028 -0.19894941 -0.20521149 0.052479837 -0.41445294 -0.11564931 0.31914684 -0.072598659 0.20002466 -0.47117624
0.28209481 0.37587848 -0.11322103 0.29091027 0.50042135 -0.19476183 -0.26458567 -0.15073547 -0.12964149 0.21409649 -0.30680063 -0.25720379 0.23620538 -0.19906227 0.079481199 -0.49918789
0.28209481 0.35435084 -0.038378522 0.33420801 0.54197544 -0.062237337 -0.30955395 -0.058699496 -0.03173665 0.37555787 -0.11263184 -0.32123965 0.087032005 -0.30297899 0.0065954225 -0.44799933
0.28209481 0.32103854 0.037740342 0.36639097 0.5383085 0.055448823 -0.30974647 0.063281953 0.071339145 0.48663661 0.11000955 -0.29134563 -0.085614115 -0.33250341 0.014578978 -0.32425588
0.28209481 0.28008911 0.10800399 0.38550958 0.49415219 0.13844119 -0.26915991 0.19054794 0.16055977 0.5205422 0.28899732 -0.19799076 -0.22731538 -0.27251089 0.093900926 -0.16913442
0.28209481 0.45319369 -0.18000664 0.030748807 0.063773677 -0.3733376 -0.18697028 -0.025330637 -0.46780315 -0.4643324 -0.062161762 -0.13623469 0.31914684 -0.0092434073 0.45597917 -0.095690176
0.28209481 0.44766489 -0.18870172 -0.052155875 -0.10685271 -0.38659674 -0.17426407 0.045041036 -0.45234519 -0.4353323 0.10918292 -0.10645548 0.32488576 0.012402757 0.46220979 0.15789853
0.28209481 0.47508484 -0.11322103 -0.014415529 -0.031342313 -0.24616572 -0.26458567 0.0074694217 -0.51599038 -0.54091537 0.019215491 -0.32508811 0.23620538 0.0098641692 0.31634578 0.049360309
0.28209481 0.42735112 -0.19189261 -0.1388548 -0.27156579 -0.37529469 -0.16945086 0.12194063 -0.37377825 -0.26975611 0.28218025 -0.091457166 0.32665172 0.029716235 0.3883878 0.37128744
0.28209481 0.46320212 -0.11715062 -0.10223477 -0.21671975 -0.24833871 -0.2609978 0.054811612 -0.46703708 -0.42925349 0.13747902 -0.30874202 0.24270698 0.068143412 0.29627109 0.32746732
0.28209481 0.48311839 -0.038378522 -0.062097754 -0.13729627 -0.084853761 -0.30955395 0.010906701 -0.52525645 -0.54212648 0.028532531 -0.4379749 0.087032005 0.056295224 0.10915734 0.21873736
0.28209481 0.39282495 -0.18870172 -0.22093582 -0.39718652 -0.33923778 -0.17426407 0.1907969 -0.24140532 -0.015645346 0.40584826 -0.093414456 0.32488576 0.05253892 0.24666981 0.46281895
0.28209481 0.43483049 -0.11715062 -0.18955369 -0.37720856 -0.2331277 -0.2609978 0.10162631 -0.35043511 -0.17879331 0.2392872 -0.28983125 0.24270698 0.12634483 0.22230312 0.50943732
0.28209481 0.46320212 -0.039050207 -0.15050349 -0.31904092 -0.082779571 -0.30934781 0.026896713 -0.43912217 -0.34350124 0.067462601 -0.41944769 0.088522717 0.13628681 0.092854306 0.4727889
0.28209481 0.47508484 0.037740342 -0.10771479 -0.23419403 0.082055241 -0.30974647 -0.018604178 -0.4899168 -0.45876467 -0.047860254 -0.43114418 -0.085614115 0.097752236 -0.10012015 0.36261836
0.28209481 0.34856772 -0.18000664 -0.29125687 -0.46461439 -0.28714746 -0.18697028 0.23993523 -0.083906755 0.23449336 0.45287102 -0.10478304 0.31914684 0.087554805 0.081785969 0.41203645
0.28209481 0.39282495 -0.11322103 -0.26758546 -0.48105073 -0.20354266 -0.26458567 0.13864969 -0.18925811 0.12020759 0.2949248 -0.26879981 0.23620538 0.18310171 0.11603124 0.52969426
0.28209481 0.42735112 -0.038378522 -0.23373172 -0.45712167 -0.07505893 -0.30955395 0.041052084 -0.29288968 -0.040505305 0.094997764 -0.38741866 0.087032005 0.2118914 0.060867522 0.58318645
0.28209481 0.44766489 0.037740342 -0.19210477 -0.39356863 0.077319346 -0.30974647 -0.033179764 -0.37412438 -0.20310447 -0.080430292 -0.40626028 -0.085614115 0.17433697 -0.076456629 0.54836637
0.28209481 0.45319369 0.10800399 -0.14725156 -0.30540285 0.22400254 -0.26915991 -0.072782837 -0.42035094 -0.32171279 -0.17861018 -0.32035577 -0.22731538 0.1040899 -0.24583581 0.44279966
0.28209481 0.16928841 -0.18000664 -0.42151093 -0.32656178 -0.13945852 -0.18697028 0.34723756 0.34097549 0.43189806 0.31830776 -0.050889835 0.31914684 0.1267105 -0.33235714 -0.19551276
0.28209481 0.088732868 -0.18870172 -0.44187164 -0.17943616 -0.076628387 -0.17426407 0.38159379 0.42876139 0.25938079 0.18334925 -0.02110083 0.32488576 0.10507784 -0.43811169 -0.38362449
0.28209481 0.1330993 -0.11322103 -0.45628718 -0.27793509 -0.068965547 -0.26458567 0.23642568 0.43586755 0.40859646 0.17039771 -0.091076367 0.23620538 0.31222537 -0.26722369 -0.35787541
0.28209481 0 -0.19189261 -0.44934356 0 0 -0.16945086 0.39460817 0.46201533 0 0 0 0.32665172 0.09616375 -0.48007372 -0.45893651
0.28209481 0.045906276 -0.11715062 -0.47212368 -0.099187545 -0.024611946 -0.2609978 0.25312188 0.5052256 0.1547929 0.062920921 -0.030598298 0.24270698 0.31468859 -0.3204965 -0.51723552
0.28209481 0.090233319 -0.038378522 -0.47866216 -0.19766296 -0.015848365 -0.30955395 0.084071077 0.50564212 0.31001893 0.04107777 -0.08180175 0.087032005 0.43393508 -0.10508114 -0.49561617
0.28209481 -0.088732868 -0.18870172 -0.44187164 0.17943616 0.076628387 -0.17426407 0.38159379 0.42876139 -0.25938079 -0.18334925 0.02110083 0.32488576 0.10507784 -0.43811169 -0.38362449
0.28209481 -0.045906276 -0.11715062 -0.47212368 0.099187545 0.024611946 -0.2609978 0.25312188 0.5052256 -0.1547929 -0.062920921 0.030598298 0.24270698 0.31468859 -0.3204965 -0.51723552
0.28209481 1.1929028e-16 -0.039050207 -0.48703954 -2.658879e-16 -2.1318552e-17 -0.30934781 0.087039597 0.54278487 4.2940957e-16 5.6223155e-17 -1.0802203e-16 0.088522717 0.44103339 -0.11477423 -0.58439922
0.28209481 0.044366434 0.037740342 -0.48511824 -0.098498911 0.0076628388 -0.30974647 -0.083788179 0.53400683 0.1580067 -0.02012939 -0.040262979 -0.085614115 0.44024956 0.10913045 -0.56301951
0.28209481 -0.16928841 -0.18000664 -0.42151093 0.32656178 0.13945852 -0.18697028 0.34723756 0.34097549 -0.43189806 -0.31830776 0.050889835 0.31914684 0.1267105 -0.33235714 -0.19551276
0.28209481 -0.1330993 -0.11322103 -0.45628718 0.27793509 0.068965547 -0.26458567 0.23642568 0.43586755 -0.40859646 -0.17039771 0.091076367 0.23620538 0.31222537 -0.26722369 -0.35787541
0.28209481 -0.090233319 -0.038378522 -0.47866216 0.19766296 0.015848365 -0.30955395 0.084071077 0.50564212 -0.31001893 -0.04107777 0.08180175 0.087032005 0.43393508 -0.10508114 -0.49561617
0.28209481 -0.044366434 0.037740342 -0.48511824 0.098498911 -0.0076628388 -0.30974647 -0.083788179 0.53400683 -0.1580067 0.02012939 0.040262979 -0.085614115 0.44024956 0.10913045 -0.56301951
0.28209481 1.1671278e-16 0.10800399 -0.47651607 -2.5452194e-16 5.7688264e-17 -0.26915991 -0.23553021 0.51958233 4.0217191e-16 -1.4885326e-16 -8.2502491e-17 -0.22731538 0.336842 0.30386978 -0.5473305
