0.28209481 0 0.48860252 0 0 0 0.63078314 0 0 0 0 0 0.74635267 0 0 0 0 0 0 0 0.84628439 0 0 0 0
0.28209481 0 0.21850967 -0.43701938 0 0 -0.12615664 -0.43701935 0.43701938 0 0 0 -0.33377907 3.3592887e-08 0.51708829 -0.42220083 0 0 0 0 -0.16925685 0.42818981 0.15138792 -0.56644183 0.4005349
0.28209481 -0.41563013 0.21850967 -0.13504641 0.25687355 -0.4156301 -0.12615664 -0.13504641 -0.3535561 0.24816343 0.30393687 3.1948733e-08 -0.33377907 1.0380773e-08 -0.4183332 0.34156767 -0.38093132 0.33294615 0.08898358 0.4072327 -0.16925685 0.13231793 -0.12247539 0.45826107 0.12377208
0.28209481 -0.25687355 0.21850967 0.3535561 -0.41563013 -0.25687355 -0.12615664 0.3535561 0.13504642 -0.40153685 -0.49178019 1.9745404e-08 -0.33377907 -2.7177215e-08 0.15978907 -0.13046724 -0.2354285 -0.53871822 -0.14397846 0.25168365 -0.16925685 -0.34641284 0.046781436 -0.17504016 -0.32403952
0.28209481 0.25687355 0.21850967 0.3535561 0.41563013 0.25687355 -0.12615664 0.3535561 0.13504642 0.40153685 0.49178019 -1.9745404e-08 -0.33377907 -2.7177215e-08 0.15978907 -0.13046724 0.2354285 0.53871822 0.14397846 -0.25168365 -0.16925685 -0.34641284 0.046781436 -0.17504016 -0.32403952
0.28209481 0.41563013 0.21850967 -0.13504641 -0.25687355 0.4156301 -0.12615664 -0.13504641 -0.3535561 -0.24816343 -0.30393687 -3.1948733e-08 -0.33377907 1.0380773e-08 -0.4183332 0.34156767 0.38093132 -0.33294615 -0.08898358 -0.4072327 -0.16925685 0.13231793 -0.12247539 0.45826107 0.12377208
0.28209481 -0.25687355 -0.21850967 -0.3535561 0.41563013 0.25687355 -0.12615664 0.3535561 0.13504642 -0.40153685 -0.49178019 1.9745404e-08 0.33377907 2.7177215e-08 -0.15978907 0.13046724 0.2354285 0.53871822 0.14397846 -0.25168365 -0.16925685 -0.34641284 0.046781436 -0.17504016 -0.32403952
0.28209481 -0.41563013 -0.21850967 0.13504641 -0.25687355 0.4156301 -0.12615664 -0.13504641 -0.3535561 0.24816343 0.30393687 3.1948733e-08 0.33377907 -1.0380773e-08 0.4183332 -0.34156767 0.38093132 -0.33294615 -0.08898358 -0.4072327 -0.16925685 0.13231793 -0.12247539 0.45826107 0.12377208
0.28209481 -5.3519439e-17 -0.21850967 0.43701938 -1.0703888e-16 5.3519436e-17 -0.12615664 -0.43701935 0.43701938 -1.5511407e-16 1.266501e-16 4.113942e-24 0.33377907 -3.3592887e-08 -0.51708829 0.42220083 -1.9620551e-16 2.0810735e-16 -3.7079344e-17 -5.2438129e-17 -0.16925685 0.42818981 0.15138792 -0.56644183 0.4005349
0.28209481 0.41563013 -0.21850967 0.13504641 0.25687355 -0.4156301 -0.12615664 -0.13504641 -0.3535561 -0.24816343 -0.30393687 -3.1948733e-08 0.33377907 -1.0380773e-08 0.4183332 -0.34156767 -0.38093132 0.33294615 0.08898358 0.4072327 -0.16925685 0.13231793 -0.12247539 0.45826107 0.12377208
0.28209481 0.25687355 -0.21850967 -0.3535561 -0.41563013 -0.25687355 -0.12615664 0.3535561 0.13504642 0.40153685 0.49178019 -1.9745404e-08 0.33377907 2.7177215e-08 -0.15978907 0.13046724 -0.2354285 -0.53871822 -0.14397846 0.25168365 -0.16925685 -0.34641284 0.046781436 -0.17504016 -0.32403952
0.28209481 0 -0.48860252 0 0 0 0.63078314 0 0 0 0 0 -0.74635267 0 0 0 0 0 0 0 0.84628439 0 0 0 0
0.28209481 0 0.32126257 -0.36813417 0 0 0.093662038 -0.54124713 0.31010699 0 0 0 -0.20571247 -0.40001234 0.53946722 -0.25236866 0 0 0 0 -0.36264119 -0.0087053571 0.54417479 -0.49780712 0.20167966
0.28209481 -0.3501164 0.32126257 -0.11375972 0.18227632 -0.51475656 0.093662038 -0.16725455 -0.25088185 0.14833857 0.31709087 -0.38043436 -0.20571247 -0.12361062 -0.43643814 0.20417053 -0.19180876 0.2926037 0.31985793 -0.0082792863 -0.36264119 -0.0026901031 -0.44024667 0.40273443 0.062322445
0.28209481 0 0.41563013 -0.25687355 0 0 0.36926687 -0.48860252 0.15098648 0 0 0 0.19619039 -0.62906957 0.33981177 -0.085738353 0 0 0 0 -0.040406503 -0.6179359 0.53156418 -0.2188002 0.047809601
0.28209481 -0.24430126 0.41563013 -0.079378292 0.088747628 -0.4646886 0.36926687 -0.15098648 -0.12215063 0.050395742 0.19973634 -0.59828073 0.19619039 -0.19439319 -0.27491349 0.069363788 -0.045469631 0.12860754 0.31244558 -0.58769196 -0.040406503 -0.1909527 -0.43004444 0.17701308 0.014773979
0.28209481 0 0.4729422 -0.12271139 0 0 0.57110304 -0.26559645 0.034456335 0 0 0 0.60851252 -0.42294326 0.088241011 -0.0093469871 0 0 0 0 0.59411705 -0.5787642 0.1658652 -0.027142214 0.0024898723
0.28209481 -0.12843677 0.43701938 -0.17677805 0.10390753 -0.25687355 0.4415482 -0.3535561 0.033761606 -0.05019211 0.24589011 -0.36042479 0.33377904 -0.49608219 0.079894535 0.016308405 0.014714282 -0.13467956 0.41393819 -0.40898591 0.14809975 -0.56292081 0.13449667 0.043760043 -0.020252472
0.28209481 -0.11670547 0.4729422 -0.037919905 0.020252924 -0.25259724 0.57110304 -0.082073815 -0.027875761 0.0054940213 0.051866762 -0.40224293 0.60851252 -0.13069665 -0.071388476 0.0075618713 -0.0023680094 0.015953794 0.09749312 -0.55043745 0.59411705 -0.17884798 -0.13418776 0.021958513 0.0007694129
0.28209481 -0.12843677 0.3535561 -0.31182447 0.18328583 -0.20781507 0.18003193 -0.50454259 0.18474808 -0.17879964 0.3508977 -0.19439319 -0.10314342 -0.47195634 0.35369718 -0.075312763 0.14202926 -0.3881419 0.4230552 -0.084659539 -0.32925341 -0.20554017 0.42643037 -0.16349049 0.0011286315
0.28209481 -0.25687355 0.3535561 -0.21850969 0.25687355 -0.41563013 0.18003193 -0.3535561 -0.041731637 -0.10038421 0.49178019 -0.38878638 -0.10314342 -0.33072144 -0.079894535 0.1660251 -0.044962842 -0.2179161 0.59290832 -0.16931908 -0.32925341 -0.14403141 -0.096323796 0.36041066 -0.13472907
0.28209481 -0.11670547 0.24542277 -0.40605408 0.21687245 -0.13107967 -0.076671109 -0.45606634 0.34611681 -0.28396901 0.28821233 -0.02854776 -0.32587209 -0.099326402 0.45997143 -0.25473613 0.31484443 -0.42790896 0.14388745 0.099044293 -0.24765164 0.34460542 0.22963665 -0.38385832 0.15259863
0.28209481 -0.24430126 0.25687352 -0.33625183 0.37594098 -0.28719336 -0.053875331 -0.39528772 0.12215063 -0.34541756 0.5229165 -0.087287955 -0.31744274 -0.12014157 0.16990587 0.11223297 0.19261244 -0.54479021 0.30433145 0.18734436 -0.27695012 0.25785738 0.098883286 0.17701308 -0.26510829
0.28209481 -0.3501164 0.24542277 -0.2364711 0.37889585 -0.39323902 -0.076671109 -0.26559642 -0.15253995 -0.080005616 0.50353312 -0.085643277 -0.32587209 -0.05784408 -0.20271775 0.37299865 -0.24242219 -0.12055935 0.25138444 0.29713288 -0.24765164 0.20068565 -0.10120504 0.5620665 -0.25227928
0.28209481 -0.21638384 0.32126257 0.2978268 -0.2949293 -0.31813705 0.093662038 0.4378781 0.095828332 -0.24001685 -0.51306379 -0.23512137 -0.20571247 0.3236168 0.16670454 -0.077986203 -0.11854433 -0.4734427 -0.51754099 -0.0051168804 -0.36264119 0.0070427814 0.16815926 -0.15383086 -0.16316228
0.28209481 -0.15098648 0.41563013 0.20781507 -0.14359668 -0.28719336 0.36926687 0.39528775 0.046657391 -0.081542023 -0.3231802 -0.36975783 0.19619039 0.508928 0.10500761 -0.026494609 -0.028101778 -0.20809136 -0.50554758 -0.36321363 -0.040406503 0.49992067 0.16426237 -0.067612983 -0.038678776
0.28209481 -0.20781507 0.43701938 0.067523211 -0.064218387 -0.41563013 0.4415482 0.13504641 -0.088389032 0.031020429 -0.15196843 -0.58317959 0.33377904 0.18948653 -0.20916662 -0.042695958 0.023808207 0.083236545 -0.25582787 -0.66175312 0.14809975 0.21501662 -0.35211685 -0.11456528 0.0077357558
0.28209481 -0.072127946 0.4729422 0.099275604 -0.032769922 -0.15611367 0.57110304 0.21487203 0.010647593 -0.0088895131 -0.083922185 -0.24859981 0.60851252 0.34216827 0.027267972 -0.0028883778 -0.0014635102 -0.025813781 -0.15774718 -0.34018907 0.59411705 0.4682301 0.051255163 -0.0083874054 -0.002014349
0.28209481 -0.33625183 0.3535561 0.025791571 -0.039689146 -0.54406691 0.18003193 0.041731637 -0.25719705 0.18891968 -0.075984217 -0.50892794 -0.10314342 0.039036371 -0.49239954 -0.044166487 0.042816058 0.41011068 -0.091609374 -0.22164154 -0.32925341 0.017000601 -0.59365505 -0.095877506 0.13542661
0.28209481 -0.28719336 0.3535561 0.17677805 -0.23234431 -0.4646886 0.18003193 0.28603289 -0.11722488 -0.016374569 -0.44481936 -0.43467638 -0.10314342 0.26755926 -0.22442511 -0.1933215 0.11424068 -0.035546247 -0.53629065 -0.18930447 -0.32925341 0.11652385 -0.2705752 -0.41966623 -0.084395781
0.28209481 -0.42224434 0.24542277 -0.014484115 0.027988853 -0.47425073 -0.076671109 -0.016268073 -0.40748879 0.37946591 0.037195746 -0.10328677 -0.32587209 -0.0035430135 -0.54153168 0.039173063 -0.047837641 0.57181185 0.018569646 0.3583456 -0.24765164 0.012292217 -0.2703549 0.059029344 0.34659043
0.28209481 -0.39528775 0.25687352 0.12843677 -0.23234431 -0.4646886 -0.053875331 0.15098648 -0.31979451 0.21347979 -0.32318017 -0.14123489 -0.31744274 0.045889996 -0.44481936 -0.29382971 0.31165349 0.33669889 -0.18808718 0.30312955 -0.27695012 -0.098492756 -0.25887981 -0.46342626 0.10126235
0.28209481 -0.33308929 0.24542277 0.25990689 -0.39619392 -0.37411475 -0.076671109 0.29191872 -0.099301986 -0.15451722 -0.52652133 -0.081478216 -0.32587209 0.063576795 -0.13196723 -0.34878838 0.16501927 -0.23283984 -0.2628611 0.28268251 -0.24765164 -0.22057487 -0.065883473 -0.52558434 -0.30851579
0.28209481 0.21638384 0.32126257 0.2978268 0.2949293 0.31813705 0.093662038 0.4378781 0.095828332 0.24001685 0.51306379 0.23512137 -0.20571247 0.3236168 0.16670454 -0.077986203 0.11854433 0.4734427 0.51754099 0.0051168804 -0.36264119 0.0070427814 0.16815926 -0.15383086 -0.16316228
0.28209481 0.15098648 0.41563013 0.20781507 0.14359668 0.28719336 0.36926687 0.39528775 0.046657391 0.081542023 0.3231802 0.36975783 0.19619039 0.508928 0.10500761 -0.026494609 0.028101778 0.20809136 0.50554758 0.36321363 -0.040406503 0.49992067 0.16426237 -0.067612983 -0.038678776
0.28209481 -2.675972e-17 0.43701938 0.21850969 -2.675972e-17 -5.3519439e-17 0.4415482 0.43701938 0.10925484 -1.9389259e-17 -6.3325057e-17 -7.5094275e-17 0.33377904 0.61319131 0.25854415 0.052775107 -1.2262844e-17 -5.2026841e-17 -1.0660315e-16 -8.5211951e-17 0.14809975 0.69580841 0.43524036 0.14161047 0.025033431
0.28209481 0.072127946 0.4729422 0.099275604 0.032769922 0.15611367 0.57110304 0.21487203 0.010647593 0.0088895131 0.083922185 0.24859981 0.60851252 0.34216827 0.027267972 -0.0028883778 0.0014635102 0.025813781 0.15774718 0.34018907 0.59411705 0.4682301 0.051255163 -0.0083874054 -0.002014349
0.28209481 -0.079378292 0.3535561 0.32776454 -0.11906744 -0.12843677 0.18003193 0.53033417 0.23140548 -0.12687883 -0.22795266 -0.1201416 -0.10314342 0.49608216 0.44302198 0.14677565 -0.11556747 -0.27543113 -0.27482814 -0.05232247 -0.32925341 0.21604711 0.53412366 0.31862354 0.082569614
0.28209481 0.079378292 0.3535561 0.32776454 0.11906744 0.12843677 0.18003193 0.53033417 0.23140548 0.12687883 0.22795266 0.1201416 -0.10314342 0.49608216 0.44302198 0.14677565 0.11556747 0.27543113 0.27482814 0.05232247 -0.32925341 0.21604711 0.53412366 0.31862354 0.082569614
0.28209481 -0.14425589 0.24542277 0.39710242 -0.26215938 -0.1620234 -0.076671109 0.44601214 0.31321394 -0.33001971 -0.3483963 -0.03528697 -0.32587209 0.097136699 0.41624519 0.19135278 -0.3444097 -0.49730211 -0.17393377 0.12242547 -0.24765164 -0.33700842 0.20780674 0.28834686 0.061606031
0.28209481 -5.090001e-17 0.25687352 0.41563013 -9.6817573e-17 -5.9836551e-17 -0.053875331 0.48860249 0.39528775 -1.3343513e-16 -1.3466876e-16 -1.818639e-17 -0.31744274 0.14850314 0.54982698 0.36319351 -1.6052272e-16 -2.1045299e-16 -7.8375687e-17 3.9033078e-17 -0.27695012 -0.31872925 0.31999302 0.57282633 0.32769185
0.28209481 0.14425589 0.24542277 0.39710242 0.26215938 0.1620234 -0.076671109 0.44601214 0.31321394 0.33001971 0.3483963 0.03528697 -0.32587209 0.097136699 0.41624519 0.19135278 0.3444097 0.49730211 0.17393377 -0.12242547 -0.24765164 -0.33700842 0.20780674 0.28834686 0.061606031
0.28209481 0.3501164 0.32126257 -0.11375972 -0.18227632 0.51475656 0.093662038 -0.16725455 -0.25088185 -0.14833857 -0.31709087 0.38043436 -0.20571247 -0.12361062 -0.43643814 0.20417053 0.19180876 -0.2926037 -0.31985793 0.0082792863 -0.36264119 -0.0026901031 -0.44024667 0.40273443 0.062322445
0.28209481 0.24430126 0.41563013 -0.079378292 -0.088747628 0.4646886 0.36926687 -0.15098648 -0.12215063 -0.050395742 -0.19973634 0.59828073 0.19619039 -0.19439319 -0.27491349 0.069363788 0.045469631 -0.12860754 -0.31244558 0.58769196 -0.040406503 -0.1909527 -0.43004444 0.17701308 0.014773979
0.28209481 0.20781507 0.43701938 0.067523211 0.064218387 0.41563013 0.4415482 0.13504641 -0.088389032 -0.031020429 0.15196843 0.58317959 0.33377904 0.18948653 -0.20916662 -0.042695958 -0.023808207 -0.083236545 0.25582787 0.66175312 0.14809975 0.21501662 -0.35211685 -0.11456528 0.0077357558
0.28209481 0.11670547 0.4729422 -0.037919905 -0.020252924 0.25259724 0.57110304 -0.082073815 -0.027875761 -0.0054940213 -0.051866762 0.40224293 0.60851252 -0.13069665 -0.071388476 0.0075618713 0.0023680094 -0.015953794 -0.09749312 0.55043745 0.59411705 -0.17884798 -0.13418776 0.021958513 0.0007694129
0.28209481 0.28719336 0.3535561 0.17677805 0.23234431 0.4646886 0.18003193 0.28603289 -0.11722488 0.016374569 0.44481936 0.43467638 -0.10314342 0.26755926 -0.22442511 -0.1933215 -0.11424068 0.035546247 0.53629065 0.18930447 -0.32925341 0.11652385 -0.2705752 -0.41966623 -0.084395781
0.28209481 0.33625183 0.3535561 0.025791571 0.039689146 0.54406691 0.18003193 0.041731637 -0.25719705 -0.18891968 0.075984217 0.50892794 -0.10314342 0.039036371 -0.49239954 -0.044166487 -0.042816058 -0.41011068 0.091609374 0.22164154 -0.32925341 0.017000601 -0.59365505 -0.095877506 0.13542661
0.28209481 0.33308929 0.24542277 0.25990689 0.39619392 0.37411475 -0.076671109 0.29191872 -0.099301986 0.15451722 0.52652133 0.081478216 -0.32587209 0.063576795 -0.13196723 -0.34878838 -0.16501927 0.23283984 0.2628611 -0.28268251 -0.24765164 -0.22057487 -0.065883473 -0.52558434 -0.30851579
0.28209481 0.39528775 0.25687352 0.12843677 0.23234431 0.4646886 -0.053875331 0.15098648 -0.31979451 -0.21347979 0.32318017 0.14123489 -0.31744274 0.045889996 -0.44481936 -0.29382971 -0.31165349 -0.33669889 0.18808718 -0.30312955 -0.27695012 -0.098492756 -0.25887981 -0.46342626 0.10126235
0.28209481 0.42224434 0.24542277 -0.014484115 -0.027988853 0.47425073 -0.076671109 -0.016268073 -0.40748879 -0.37946591 -0.037195746 0.10328677 -0.32587209 -0.0035430135 -0.54153168 0.039173063 0.047837641 -0.57181185 -0.018569646 -0.3583456 -0.24765164 0.012292217 -0.2703549 0.059029344 0.34659043
0.28209481 0.12843677 0.43701938 -0.17677805 -0.10390753 0.25687355 0.4415482 -0.3535561 0.033761606 0.05019211 -0.24589011 0.36042479 0.33377904 -0.49608219 0.079894535 0.016308405 -0.014714282 0.13467956 -0.41393819 0.40898591 0.14809975 -0.56292081 0.13449667 0.043760043 -0.020252472
0.28209481 0.25687355 0.3535561 -0.21850969 -0.25687355 0.41563013 0.18003193 -0.3535561 -0.041731637 0.10038421 -0.49178019 0.38878638 -0.10314342 -0.33072144 -0.079894535 0.1660251 0.044962842 0.2179161 -0.59290832 0.16931908 -0.32925341 -0.14403141 -0.096323796 0.36041066 -0.13472907
0.28209481 0.12843677 0.3535561 -0.31182447 -0.18328583 0.20781507 0.18003193 -0.50454259 0.18474808 0.17879964 -0.3508977 0.19439319 -0.10314342 -0.47195634 0.35369718 -0.075312763 -0.14202926 0.3881419 -0.4230552 0.084659539 -0.32925341 -0.20554017 0.42643037 -0.16349049 0.0011286315
0.28209481 0.3501164 0.24542277 -0.2364711 -0.37889585 0.39323902 -0.076671109 -0.26559642 -0.15253995 0.080005616 -0.50353312 0.085643277 -0.32587209 -0.05784408 -0.20271775 0.37299865 0.24242219 0.12055935 -0.25138444 -0.29713288 -0.24765164 0.20068565 -0.10120504 0.5620665 -0.25227928
0.28209481 0.24430126 0.25687352 -0.33625183 -0.37594098 0.28719336 -0.053875331 -0.39528772 0.12215063 0.34541756 -0.5229165 0.087287955 -0.31744274 -0.12014157 0.16990587 0.11223297 -0.19261244 0.54479021 -0.30433145 -0.18734436 -0.27695012 0.25785738 0.098883286 0.17701308 -0.26510829
0.28209481 0.11670547 0.24542277 -0.40605408 -0.21687245 0.13107967 -0.076671109 -0.45606634 0.34611681 0.28396901 -0.28821233 0.02854776 -0.32587209 -0.099326402 0.45997143 -0.25473613 -0.31484443 0.42790896 -0.14388745 -0.099044293 -0.24765164 0.34460542 0.22963665 -0.38385832 0.15259863
0.28209481 -0.3501164 -0.32126257 0.11375972 -0.18227632 0.51475656 0.093662038 -0.16725455 -0.25088185 0.14833857 0.31709087 -0.38043436 0.20571247 0.12361062 0.43643814 -0.20417053 0.19180876 -0.2926037 -0.31985793 0.0082792863 -0.36264119 -0.0026901031 -0.44024667 0.40273443 0.062322445
0.28209481 -0.21638384 -0.32126257 -0.2978268 0.2949293 0.31813705 0.093662038 0.4378781 0.095828332 -0.24001685 -0.51306379 -0.23512137 0.20571247 -0.3236168 -0.16670454 0.077986203 0.11854433 0.4734427 0.51754099 0.0051168804 -0.36264119 0.0070427814 0.16815926 -0.15383086 -0.16316228
0.28209481 -0.24430126 -0.41563013 0.079378292 -0.088747628 0.4646886 0.36926687 -0.15098648 -0.12215063 0.050395742 0.19973634 -0.59828073 -0.19619039 0.19439319 0.27491349 -0.069363788 0.045469631 -0.12860754 -0.31244558 0.58769196 -0.040406503 -0.1909527 -0.43004444 0.17701308 0.014773979
0.28209481 -0.15098648 -0.41563013 -0.20781507 0.14359668 0.28719336 0.36926687 0.39528775 0.046657391 -0.081542023 -0.3231802 -0.36975783 -0.19619039 -0.508928 -0.10500761 0.026494609 0.028101778 0.20809136 0.50554758 0.36321363 -0.040406503 0.49992067 0.16426237 -0.067612983 -0.038678776
0.28209481 -0.11670547 -0.4729422 0.037919905 -0.020252924 0.25259724 0.57110304 -0.082073815 -0.027875761 0.0054940213 0.051866762 -0.40224293 -0.60851252 0.13069665 0.071388476 -0.0075618713 0.0023680094 -0.015953794 -0.09749312 0.55043745 0.59411705 -0.17884798 -0.13418776 0.021958513 0.0007694129
0.28209481 -0.20781507 -0.43701938 -0.067523211 0.064218387 0.41563013 0.4415482 0.13504641 -0.088389032 0.031020429 -0.15196843 -0.58317959 -0.33377904 -0.18948653 0.20916662 0.042695958 -0.023808207 -0.083236545 0.25582787 0.66175312 0.14809975 0.21501662 -0.35211685 -0.11456528 0.0077357558
0.28209481 -0.072127946 -0.4729422 -0.099275604 0.032769922 0.15611367 0.57110304 0.21487203 0.010647593 -0.0088895131 -0.083922185 -0.24859981 -0.60851252 -0.34216827 -0.027267972 0.0028883778 0.0014635102 0.025813781 0.15774718 0.34018907 0.59411705 0.4682301 0.051255163 -0.0083874054 -0.002014349
0.28209481 -0.33625183 -0.3535561 -0.025791571 0.039689146 0.54406691 0.18003193 0.041731637 -0.25719705 0.18891968 -0.075984217 -0.50892794 0.10314342 -0.039036371 0.49239954 0.044166487 -0.042816058 -0.41011068 0.091609374 0.22164154 -0.32925341 0.017000601 -0.59365505 -0.095877506 0.13542661
0.28209481 -0.28719336 -0.3535561 -0.17677805 0.23234431 0.4646886 0.18003193 0.28603289 -0.11722488 -0.016374569 -0.44481936 -0.43467638 0.10314342 -0.26755926 0.22442511 0.1933215 -0.11424068 0.035546247 0.53629065 0.18930447 -0.32925341 0.11652385 -0.2705752 -0.41966623 -0.084395781
0.28209481 -0.42224434 -0.24542277 0.014484115 -0.027988853 0.47425073 -0.076671109 -0.016268073 -0.40748879 0.37946591 0.037195746 -0.10328677 0.32587209 0.0035430135 0.54153168 -0.039173063 0.047837641 -0.57181185 -0.018569646 -0.3583456 -0.24765164 0.012292217 -0.2703549 0.059029344 0.34659043
0.28209481 -0.39528775 -0.25687352 -0.12843677 0.23234431 0.4646886 -0.053875331 0.15098648 -0.31979451 0.21347979 -0.32318017 -0.14123489 0.31744274 -0.045889996 0.44481936 0.29382971 -0.31165349 -0.33669889 0.18808718 -0.30312955 -0.27695012 -0.098492756 -0.25887981 -0.46342626 0.10126235
0.28209481 -0.33308929 -0.24542277 -0.25990689 0.39619392 0.37411475 -0.076671109 0.29191872 -0.099301986 -0.15451722 -0.52652133 -0.081478216 0.32587209 -0.063576795 0.13196723 0.34878838 -0.16501927 0.23283984 0.2628611 -0.28268251 -0.24765164 -0.22057487 -0.065883473 -0.52558434 -0.30851579
0.28209481 -4.5083434e-17 -0.32126257 0.36813417 -7.5954311e-17 6.628365e-17 0.093662038 -0.54124713 0.31010699 -9.2718741e-17 1.3213136e-16 -4.8987386e-17 0.20571247 0.40001234 -0.53946722 0.25236866 -9.8794541e-17 1.8289137e-16 -1.3328438e-16 1.0660987e-18 -0.36264119 -0.0087053571 0.54417479 -0.49780712 0.20167966
0.28209481 -3.1457937e-17 -0.41563013 0.25687355 -3.6981022e-17 5.9836551e-17 0.36926687 -0.48860252 0.15098648 -3.1499762e-17 8.3229881e-17 -7.7038805e-17 -0.19619039 0.62906957 -0.33981177 0.085738353 -2.341995e-17 8.0385888e-17 -1.3019567e-16 7.5675326e-17 -0.040406503 -0.6179359 0.53156418 -0.2188002 0.047809601
0.28209481 -1.502781e-17 -0.4729422 0.12271139 -8.4393681e-18 3.2526184e-17 0.57110304 -0.26559645 0.034456335 -3.4340273e-18 2.1612813e-17 -5.1795611e-17 -0.60851252 0.42294326 -0.088241011 0.0093469871 -1.2196857e-18 9.9718881e-18 -4.0625255e-17 7.0878175e-17 0.59411705 -0.5787642 0.1658652 -0.027142214 0.0024898723
0.28209481 -0.12843677 -0.43701938 0.17677805 -0.10390753 0.25687355 0.4415482 -0.3535561 0.033761606 -0.05019211 0.24589011 -0.36042479 -0.33377904 0.49608219 -0.079894535 -0.016308405 -0.014714282 0.13467956 -0.41393819 0.40898591 0.14809975 -0.56292081 0.13449667 0.043760043 -0.020252472
0.28209481 -0.12843677 -0.3535561 0.31182447 -0.18328583 0.20781507 0.18003193 -0.50454259 0.18474808 -0.17879964 0.3508977 -0.19439319 0.10314342 0.47195634 -0.35369718 0.075312763 -0.14202926 0.3881419 -0.4230552 0.084659539 -0.32925341 -0.20554017 0.42643037 -0.16349049 0.0011286315
0.28209481 -0.25687355 -0.3535561 0.21850969 -0.25687355 0.41563013 0.18003193 -0.3535561 -0.041731637 -0.10038421 0.49178019 -0.38878638 0.10314342 0.33072144 0.079894535 -0.1660251 0.044962842 0.2179161 -0.59290832 0.16931908 -0.32925341 -0.14403141 -0.096323796 0.36041066 -0.13472907
0.28209481 -0.11670547 -0.24542277 0.40605408 -0.21687245 0.13107967 -0.076671109 -0.45606634 0.34611681 -0.28396901 0.28821233 -0.02854776 0.32587209 0.099326402 -0.45997143 0.25473613 -0.31484443 0.42790896 -0.14388745 -0.099044293 -0.24765164 0.34460542 0.22963665 -0.38385832 0.15259863
0.28209481 -0.24430126 -0.25687352 0.33625183 -0.37594098 0.28719336 -0.053875331 -0.39528772 0.12215063 -0.34541756 0.5229165 -0.087287955 0.31744274 0.12014157 -0.16990587 -0.11223297 -0.19261244 0.54479021 -0.30433145 -0.18734436 -0.27695012 0.25785738 0.098883286 0.17701308 -0.26510829
0.28209481 -0.3501164 -0.24542277 0.2364711 -0.37889585 0.39323902 -0.076671109 -0.26559642 -0.15253995 -0.080005616 0.50353312 -0.085643277 0.32587209 0.05784408 0.20271775 -0.37299865 0.24242219 0.12055935 -0.25138444 -0.29713288 -0.24765164 0.20068565 -0.10120504 0.5620665 -0.25227928
0.28209481 0.3501164 -0.32126257 0.11375972 0.18227632 -0.51475656 0.093662038 -0.16725455 -0.25088185 -0.14833857 -0.31709087 0.38043436 0.20571247 0.12361062 0.43643814 -0.20417053 -0.19180876 0.2926037 0.31985793 -0.0082792863 -0.36264119 -0.0026901031 -0.44024667 0.40273443 0.062322445
0.28209481 0.24430126 -0.41563013 0.079378292 0.088747628 -0.4646886 0.36926687 -0.15098648 -0.12215063 -0.050395742 -0.19973634 0.59828073 -0.19619039 0.19439319 0.27491349 -0.069363788 -0.045469631 0.12860754 0.31244558 -0.58769196 -0.040406503 -0.1909527 -0.43004444 0.17701308 0.014773979
0.28209481 0.11670547 -0.4729422 0.037919905 0.020252924 -0.25259724 0.57110304 -0.082073815 -0.027875761 -0.0054940213 -0.051866762 0.40224293 -0.60851252 0.13069665 0.071388476 -0.0075618713 -0.0023680094 0.015953794 0.09749312 -0.55043745 0.59411705 -0.17884798 -0.13418776 0.021958513 0.0007694129
0.28209481 0.12843677 -0.43701938 0.17677805 0.10390753 -0.25687355 0.4415482 -0.3535561 0.033761606 0.05019211 -0.24589011 0.36042479 -0.33377904 0.49608219 -0.079894535 -0.016308405 0.014714282 -0.13467956 0.41393819 -0.40898591 0.14809975 -0.56292081 0.13449667 0.043760043 -0.020252472
0.28209481 0.25687355 -0.3535561 0.21850969 0.25687355 -0.41563013 0.18003193 -0.3535561 -0.041731637 0.10038421 -0.49178019 0.38878638 0.10314342 0.33072144 0.079894535 -0.1660251 -0.044962842 -0.2179161 0.59290832 -0.16931908 -0.32925341 -0.14403141 -0.096323796 0.36041066 -0.13472907
0.28209481 0.12843677 -0.3535561 0.31182447 0.18328583 -0.20781507 0.18003193 -0.50454259 0.18474808 0.17879964 -0.3508977 0.19439319 0.10314342 0.47195634 -0.35369718 0.075312763 0.14202926 -0.3881419 0.4230552 -0.084659539 -0.32925341 -0.20554017 0.42643037 -0.16349049 0.0011286315
0.28209481 0.3501164 -0.24542277 0.2364711 0.37889585 -0.39323902 -0.076671109 -0.26559642 -0.15253995 0.080005616 -0.50353312 0.085643277 0.32587209 0.05784408 0.20271775 -0.37299865 -0.24242219 -0.12055935 0.25138444 0.29713288 -0.24765164 0.20068565 -0.10120504 0.5620665 -0.25227928
0.28209481 0.24430126 -0.25687352 0.33625183 0.37594098 -0.28719336 -0.053875331 -0.39528772 0.12215063 0.34541756 -0.5229165 0.087287955 0.31744274 0.12014157 -0.16990587 -0.11223297 0.19261244 -0.54479021 0.30433145 0.18734436 -0.27695012 0.25785738 0.098883286 0.17701308 -0.26510829
0.28209481 0.11670547 -0.24542277 0.40605408 0.21687245 -0.13107967 -0.076671109 -0.45606634 0.34611681 0.28396901 -0.28821233 0.02854776 0.32587209 0.099326402 -0.45997143 0.25473613 0.31484443 -0.42790896 0.14388745 0.099044293 -0.24765164 0.34460542 0.22963665 -0.38385832 0.15259863
0.28209481 0.21638384 -0.32126257 -0.2978268 -0.2949293 -0.31813705 0.093662038 0.4378781 0.095828332 0.24001685 0.51306379 0.23512137 0.20571247 -0.3236168 -0.16670454 0.077986203 -0.11854433 -0.4734427 -0.51754099 -0.0051168804 -0.36264119 0.0070427814 0.16815926 -0.15383086 -0.16316228
0.28209481 0.15098648 -0.41563013 -0.20781507 -0.14359668 -0.28719336 0.36926687 0.39528775 0.046657391 0.081542023 0.3231802 0.36975783 -0.19619039 -0.508928 -0.10500761 0.026494609 -0.028101778 -0.20809136 -0.50554758 -0.36321363 -0.040406503 0.49992067 0.16426237 -0.067612983 -0.038678776
0.28209481 0.072127946 -0.4729422 -0.099275604 -0.032769922 -0.15611367 0.57110304 0.21487203 0.010647593 0.0088895131 0.083922185 0.24859981 -0.60851252 -0.34216827 -0.027267972 0.0028883778 -0.0014635102 -0.025813781 -0.15774718 -0.34018907 0.59411705 0.4682301 0.051255163 -0.0083874054 -0.002014349
0.28209481 0.20781507 -0.43701938 -0.067523211 -0.064218387 -0.41563013 0.4415482 0.13504641 -0.088389032 -0.031020429 0.15196843 0.58317959 -0.33377904 -0.18948653 0.20916662 0.042695958 0.023808207 0.083236545 -0.25582787 -0.66175312 0.14809975 0.21501662 -0.35211685 -0.11456528 0.0077357558
0.28209481 0.28719336 -0.3535561 -0.17677805 -0.23234431 -0.4646886 0.18003193 0.28603289 -0.11722488 0.016374569 0.44481936 0.43467638 0.10314342 -0.26755926 0.22442511 0.1933215 0.11424068 -0.035546247 -0.53629065 -0.18930447 -0.32925341 0.11652385 -0.2705752 -0.41966623 -0.084395781
0.28209481 0.33625183 -0.3535561 -0.025791571 -0.039689146 -0.54406691 0.18003193 0.041731637 -0.25719705 -0.18891968 0.075984217 0.50892794 0.10314342 -0.039036371 0.49239954 0.044166487 0.042816058 0.41011068 -0.091609374 -0.22164154 -0.32925341 0.017000601 -0.59365505 -0.095877506 0.13542661
0.28209481 0.33308929 -0.24542277 -0.25990689 -0.39619392 -0.37411475 -0.076671109 0.29191872 -0.099301986 0.15451722 0.52652133 0.081478216 0.32587209 -0.063576795 0.13196723 0.34878838 0.16501927 -0.23283984 -0.2628611 0.28268251 -0.24765164 -0.22057487 -0.065883473 -0.52558434 -0.30851579
0.28209481 0.39528775 -0.25687352 -0.12843677 -0.23234431 -0.4646886 -0.053875331 0.15098648 -0.31979451 -0.21347979 0.32318017 0.14123489 0.31744274 -0.045889996 0.44481936 0.29382971 0.31165349 0.33669889 -0.18808718 0.30312955 -0.27695012 -0.098492756 -0.25887981 -0.46342626 0.10126235
0.28209481 0.42224434 -0.24542277 0.014484115 0.027988853 -0.47425073 -0.076671109 -0.016268073 -0.40748879 -0.37946591 -0.037195746 0.10328677 0.32587209 0.0035430135 0.54153168 -0.039173063 -0.047837641 0.57181185 0.018569646 0.3583456 -0.24765164 0.012292217 -0.2703549 0.059029344 0.34659043
0.28209481 5.3519439e-17 -0.43701938 -0.21850969 -5.3519439e-17 -1.0703888e-16 0.4415482 0.43701938 0.10925484 3.8778518e-17 1.2665011e-16 1.5018855e-16 -0.33377904 -0.61319131 -0.25854415 -0.052775107 -2.4525688e-17 -1.0405368e-16 -2.1320629e-16 -1.704239e-16 0.14809975 0.69580841 0.43524036 0.14161047 0.025033431
0.28209481 -0.079378292 -0.3535561 -0.32776454 0.11906744 0.12843677 0.18003193 0.53033417 0.23140548 -0.12687883 -0.22795266 -0.1201416 0.10314342 -0.49608216 -0.44302198 -0.14677565 0.11556747 0.27543113 0.27482814 0.05232247 -0.32925341 0.21604711 0.53412366 0.31862354 0.082569614
0.28209481 0.079378292 -0.3535561 -0.32776454 -0.11906744 -0.12843677 0.18003193 0.53033417 0.23140548 0.12687883 0.22795266 0.1201416 0.10314342 -0.49608216 -0.44302198 -0.14677565 -0.11556747 -0.27543113 -0.27482814 -0.05232247 -0.32925341 0.21604711 0.53412366 0.31862354 0.082569614
0.28209481 -0.14425589 -0.24542277 -0.39710242 0.26215938 0.1620234 -0.076671109 0.44601214 0.31321394 -0.33001971 -0.3483963 -0.03528697 0.32587209 -0.097136699 -0.41624519 -0.19135278 0.3444097 0.49730211 0.17393377 -0.12242547 -0.24765164 -0.33700842 0.20780674 0.28834686 0.061606031
0.28209481 0 -0.25687352 -0.41563013 0 0 -0.053875331 0.48860249 0.39528775 0 0 0 0.31744274 -0.14850314 -0.54982698 -0.36319351 0 0 0 0 -0.27695012 -0.31872925 0.31999302 0.57282633 0.32769185
0.28209481 0.14425589 -0.24542277 -0.39710242 -0.26215938 -0.1620234 -0.076671109 0.44601214 0.31321394 0.33001971 0.3483963 0.03528697 0.32587209 -0.097136699 -0.41624519 -0.19135278 -0.3444097 -0.49730211 -0.17393377 0.12242547 -0.24765164 -0.33700842 0.20780674 0.28834686 0.061606031
0.28209481 -0.21638383 -0.12271138 -0.42053819 0.41644683 0.12151754 -0.25571147 0.23616721 0.29753923 -0.52947986 -0.2767182 0.1385738 0.25160933 0.26931575 -0.19770716 -0.077403829 0.51972395 0.3989329 -0.2014156 -0.19038627 0.13191374 -0.37001234 -0.14390562 0.058319371 -0.17804851
0.28209481 -0.15098648 2.9918276e-17 -0.4646886 0.32109192 -2.067302e-17 -0.31539157 -6.3625012e-17 0.44194514 -0.4773553 5.2018672e-17 0.14123492 -6.8551382e-17 0.43467638 7.1597558e-17 -0.34681892 0.59520513 -8.7688742e-17 -0.27807376 3.7978764e-17 0.31735665 1.1688662e-16 -0.3827357 -6.3709603e-17 0.19339387
0.28209481 -0.072127946 0.12271138 -0.46740976 0.15428747 -0.040505845 -0.25571147 -0.2624895 0.48800915 -0.2372337 0.10252006 0.046191264 -0.25160933 0.29933265 0.32426953 -0.47964618 0.31581122 -0.17874207 -0.074621536 0.063462086 0.13191374 0.41125253 -0.2360269 -0.36138606 0.44953033
0.28209481 -0.20781507 0.13504641 -0.42107931 0.40047023 -0.12843676 -0.24311025 -0.2602413 0.30689871 -0.51376981 0.29285091 0.1201416 -0.27003291 0.24343348 0.22442509 -0.10170031 0.51550663 -0.42600742 -0.16135597 0.19389452 0.096525222 0.39287323 -0.12365448 -0.084327824 -0.1388125
0.28209481 -0.28719336 2.9918276e-17 -0.39528772 0.51953763 -3.9322419e-17 -0.31539157 -5.4122669e-17 0.16880801 -0.5611648 8.4167977e-17 0.26864478 -6.8551382e-17 0.36975783 2.7347835e-17 0.1823335 0.36785701 -1.030843e-16 -0.44993281 7.22399e-17 0.31735665 9.942969e-17 -0.14619203 3.3494121e-17 -0.50631177
0.28209481 -0.33625183 0.13504641 -0.32776454 0.50437772 -0.20781505 -0.24311025 -0.2025696 -0.012895785 -0.35587057 0.36883512 0.1943932 -0.27003291 0.18948653 -0.0094302706 0.3842636 -0.027281778 -0.2950806 -0.20322201 0.31372795 0.096525222 0.30580914 0.0051959218 0.31862351 -0.53317136
0.28209481 -0.33308929 -0.12271138 -0.33574671 0.51180172 0.18705738 -0.25571147 0.18854973 0.0040670186 -0.38286138 -0.3400791 0.21331283 0.25160933 0.21501465 -0.0027024292 0.37384146 0.0087306555 0.28846425 -0.24753425 -0.29307008 0.13191374 -0.29540819 -0.0019670241 -0.28166825 -0.54930687
0.28209481 -0.39528772 2.9918276e-17 -0.28719336 0.51953763 -5.4122669e-17 -0.31539157 -3.9322419e-17 -0.16880801 -0.1823335 8.4167977e-17 0.36975783 -6.8551382e-17 0.26864478 -2.7347835e-17 0.5611648 -0.36785701 -3.3494121e-17 -0.44993281 9.942969e-17 0.31735665 7.22399e-17 0.14619203 1.030843e-16 -0.50631177
0.28209481 -0.42224434 0.12271138 -0.21303532 0.41166577 -0.23712535 -0.25571147 -0.11963706 -0.3041198 0.090002865 0.2735413 0.27040836 -0.25160933 0.13642937 -0.20207979 0.52748436 -0.52511978 0.067812033 -0.19910322 0.37151352 0.13191374 0.18744005 0.14708833 0.39742944 -0.1614418
0.28209481 -0.46682188 -0.12271138 0.07583981 -0.1620234 0.26215935 -0.25571147 -0.042590369 -0.4854956 0.47385505 0.10766038 0.29895616 0.25160933 -0.048568372 0.32259932 -0.24859945 0.32993773 -0.35702276 0.078363039 -0.41073525 0.13191374 0.066727988 0.23481122 0.18730552 0.43926683
0.28209481 -0.48860252 2.9918276e-17 -2.9918276e-17 6.6899297e-17 -6.6899297e-17 -0.31539157 -4.0964005e-33 -0.54627424 0.5900436 1.0838057e-32 0.45704579 -6.8551382e-17 2.7985985e-17 -8.8499452e-17 1.0838925e-16 -1.5328554e-16 1.0838925e-16 -5.7936491e-17 1.2290186e-16 0.31735665 7.5255685e-33 0.47308734 1.9910782e-32 0.62583572
0.28209481 -0.46682188 0.12271138 -0.07583981 0.1620234 -0.26215935 -0.25571147 -0.042590369 -0.4854956 0.47385505 0.10766038 0.29895616 -0.25160933 0.048568372 -0.32259932 0.24859945 -0.32993773 0.35702276 -0.078363039 0.41073525 0.13191374 0.066727988 0.23481122 0.18730552 0.43926683
0.28209481 -0.4646886 0.13504641 0.067523204 -0.14359668 -0.28719333 -0.24311025 0.041731633 -0.48367676 0.47542647 -0.1050076 0.26864481 -0.27003291 -0.039036375 -0.35369718 -0.21970904 0.29131883 0.39421391 0.057857439 0.43356133 0.096525222 -0.06300015 0.19488125 -0.18217824 0.44738051
0.28209481 -0.4646886 2.9918276e-17 0.15098648 -0.32109192 -6.3625012e-17 -0.31539157 2.067302e-17 -0.44194514 0.34681892 -5.2018672e-17 0.43467638 -6.8551382e-17 -0.14123492 -7.1597558e-17 -0.4773553 0.59520513 6.3709603e-17 0.27807376 1.1688662e-16 0.31735665 -3.7978764e-17 0.3827357 -8.7688742e-17 0.19339387
0.28209481 -0.41563013 0.13504641 0.21850969 -0.41563013 -0.25687352 -0.24311025 0.13504641 -0.28603289 0.062040854 -0.30393687 0.24028321 -0.27003291 -0.12632436 -0.2091666 -0.52005124 0.49864554 0.051443011 0.16746414 0.38778904 0.096525222 -0.20387277 0.11524731 -0.43121588 -0.19070552
0.28209481 -0.42224434 -0.12271138 0.21303532 -0.41166577 0.23712535 -0.25571147 -0.11963706 -0.3041198 0.090002865 0.2735413 0.27040836 0.25160933 -0.13642937 0.20207979 -0.52748436 0.52511978 -0.067812033 0.19910322 -0.37151352 0.13191374 0.18744005 0.14708833 0.39742944 -0.1614418
0.28209481 -0.39528772 2.9918276e-17 0.28719336 -0.51953763 -5.4122669e-17 -0.31539157 3.9322419e-17 -0.16880801 -0.1823335 -8.4167977e-17 0.36975783 -6.8551382e-17 -0.26864478 -2.7347835e-17 -0.5611648 0.36785701 -3.3494121e-17 0.44993281 9.942969e-17 0.31735665 -7.22399e-17 0.14619203 -1.030843e-16 -0.50631177
0.28209481 -0.33308929 0.12271138 0.33574671 -0.51180172 -0.18705738 -0.25571147 0.18854973 0.0040670186 -0.38286138 -0.3400791 0.21331283 -0.25160933 -0.21501465 0.0027024292 -0.37384146 -0.0087306555 -0.28846425 0.24753425 0.29307008 0.13191374 -0.29540819 -0.0019670241 -0.28166825 -0.54930687
0.28209481 -0.072127946 -0.12271138 0.46740976 -0.15428747 0.040505845 -0.25571147 -0.2624895 0.48800915 -0.2372337 0.10252006 0.046191264 0.25160933 -0.29933265 -0.32426953 0.47964618 -0.31581122 0.17874207 0.074621536 -0.063462086 0.13191374 0.41125253 -0.2360269 -0.36138606 0.44953033
0.28209481 -0.15098648 2.9918276e-17 0.4646886 -0.32109192 -2.067302e-17 -0.31539157 6.3625012e-17 0.44194514 -0.4773553 -5.2018672e-17 0.14123492 -6.8551382e-17 -0.43467638 7.1597558e-17 0.34681892 -0.59520513 -8.7688742e-17 0.27807376 3.7978764e-17 0.31735665 -1.1688662e-16 -0.3827357 6.3709603e-17 0.19339387
0.28209481 -0.21638383 0.12271138 0.42053819 -0.41644683 -0.12151754 -0.25571147 0.23616721 0.29753923 -0.52947986 -0.2767182 0.1385738 -0.25160933 -0.26931575 0.19770716 0.077403829 -0.51972395 -0.3989329 0.2014156 0.19038627 0.13191374 -0.37001234 -0.14390562 0.058319371 -0.17804851
0.28209481 -0.079378292 0.13504641 0.46281093 -0.16812591 -0.049058478 -0.24311025 0.28603289 0.47570673 -0.25548634 -0.12294504 0.045890011 -0.27003291 -0.26755929 0.34786895 0.45719701 -0.33546168 -0.21184406 0.067740671 0.074061118 0.096525222 -0.43180946 -0.19166999 0.37909842 0.41530886
0.28209481 -5.9836551e-17 2.9918276e-17 0.48860252 -1.3379859e-16 -8.1928011e-33 -0.31539157 6.6899297e-17 0.54627424 -2.167785e-16 -2.1676114e-32 5.597197e-17 -6.8551382e-17 -0.45704579 8.8499452e-17 0.5900436 -3.0657108e-16 -3.9821564e-32 1.1587298e-16 1.5051137e-32 0.31735665 -1.2290186e-16 -0.47308734 1.0838925e-16 0.62583572
0.28209481 0.079378292 0.13504641 0.46281093 0.16812591 0.049058478 -0.24311025 0.28603289 0.47570673 0.25548634 0.12294504 -0.045890011 -0.27003291 -0.26755929 0.34786895 0.45719701 0.33546168 0.21184406 -0.067740671 -0.074061118 0.096525222 -0.43180946 -0.19166999 0.37909842 0.41530886
0.28209481 0.072127946 -0.12271138 0.46740976 0.15428747 -0.040505845 -0.25571147 -0.2624895 0.48800915 0.2372337 -0.10252006 -0.046191264 0.25160933 -0.29933265 -0.32426953 0.47964618 0.31581122 -0.17874207 -0.074621536 0.063462086 0.13191374 0.41125253 -0.2360269 -0.36138606 0.44953033
0.28209481 0.15098648 2.9918276e-17 0.4646886 0.32109192 2.067302e-17 -0.31539157 6.3625012e-17 0.44194514 0.4773553 5.2018672e-17 -0.14123492 -6.8551382e-17 -0.43467638 7.1597558e-17 0.34681892 0.59520513 8.7688742e-17 -0.27807376 -3.7978764e-17 0.31735665 -1.1688662e-16 -0.3827357 6.3709603e-17 0.19339387
0.28209481 0.21638383 0.12271138 0.42053819 0.41644683 0.12151754 -0.25571147 0.23616721 0.29753923 0.52947986 0.2767182 -0.1385738 -0.25160933 -0.26931575 0.19770716 0.077403829 0.51972395 0.3989329 -0.2014156 -0.19038627 0.13191374 -0.37001234 -0.14390562 0.058319371 -0.17804851
0.28209481 0.42224434 -0.12271138 0.21303532 0.41166577 -0.23712535 -0.25571147 -0.11963706 -0.3041198 -0.090002865 -0.2735413 -0.27040836 0.25160933 -0.13642937 0.20207979 -0.52748436 -0.52511978 0.067812033 -0.19910322 0.37151352 0.13191374 0.18744005 0.14708833 0.39742944 -0.1614418
0.28209481 0.39528772 2.9918276e-17 0.28719336 0.51953763 5.4122669e-17 -0.31539157 3.9322419e-17 -0.16880801 0.1823335 8.4167977e-17 -0.36975783 -6.8551382e-17 -0.26864478 -2.7347835e-17 -0.5611648 -0.36785701 3.3494121e-17 -0.44993281 -9.942969e-17 0.31735665 -7.22399e-17 0.14619203 -1.030843e-16 -0.50631177
0.28209481 0.33308929 0.12271138 0.33574671 0.51180172 0.18705738 -0.25571147 0.18854973 0.0040670186 0.38286138 0.3400791 -0.21331283 -0.25160933 -0.21501465 0.0027024292 -0.37384146 0.0087306555 0.28846425 -0.24753425 -0.29307008 0.13191374 -0.29540819 -0.0019670241 -0.28166825 -0.54930687
0.28209481 0.41563013 0.13504641 0.21850969 0.41563013 0.25687352 -0.24311025 0.13504641 -0.28603289 -0.062040854 0.30393687 -0.24028321 -0.27003291 -0.12632436 -0.2091666 -0.52005124 -0.49864554 -0.051443011 -0.16746414 -0.38778904 0.096525222 -0.20387277 0.11524731 -0.43121588 -0.19070552
0.28209481 0.4646886 2.9918276e-17 0.15098648 0.32109192 6.3625012e-17 -0.31539157 2.067302e-17 -0.44194514 -0.34681892 5.2018672e-17 -0.43467638 -6.8551382e-17 -0.14123492 -7.1597558e-17 -0.4773553 -0.59520513 -6.3709603e-17 -0.27807376 -1.1688662e-16 0.31735665 -3.7978764e-17 0.3827357 -8.7688742e-17 0.19339387
0.28209481 0.4646886 0.13504641 0.067523204 0.14359668 0.28719333 -0.24311025 0.041731633 -0.48367676 -0.47542647 0.1050076 -0.26864481 -0.27003291 -0.039036375 -0.35369718 -0.21970904 -0.29131883 -0.39421391 -0.057857439 -0.43356133 0.096525222 -0.06300015 0.19488125 -0.18217824 0.44738051
0.28209481 0.46682188 -0.12271138 0.07583981 0.1620234 -0.26215935 -0.25571147 -0.042590369 -0.4854956 -0.47385505 -0.10766038 -0.29895616 0.25160933 -0.048568372 0.32259932 -0.24859945 -0.32993773 0.35702276 -0.078363039 0.41073525 0.13191374 0.066727988 0.23481122 0.18730552 0.43926683
0.28209481 0.48860252 2.9918276e-17 8.9754827e-17 2.0069789e-16 6.6899297e-17 -0.31539157 1.2289201e-32 -0.54627424 -0.5900436 3.2514171e-32 -0.45704579 -6.8551382e-17 -8.3957952e-17 -8.8499452e-17 -3.2516774e-16 -4.5985662e-16 -1.0838925e-16 -1.7380947e-16 -1.2290186e-16 0.31735665 -2.2576705e-32 0.47308734 -5.9732346e-32 0.62583572
0.28209481 0.46682188 0.12271138 -0.07583981 -0.1620234 0.26215935 -0.25571147 -0.042590369 -0.4854956 -0.47385505 -0.10766038 -0.29895616 -0.25160933 0.048568372 -0.32259932 0.24859945 0.32993773 -0.35702276 0.078363039 -0.41073525 0.13191374 0.066727988 0.23481122 0.18730552 0.43926683
0.28209481 0.33308929 -0.12271138 -0.33574671 -0.51180172 -0.18705738 -0.25571147 0.18854973 0.0040670186 0.38286138 0.3400791 -0.21331283 0.25160933 0.21501465 -0.0027024292 0.37384146 -0.0087306555 -0.28846425 0.24753425 0.29307008 0.13191374 -0.29540819 -0.0019670241 -0.28166825 -0.54930687
0.28209481 0.39528772 2.9918276e-17 -0.28719336 -0.51953763 5.4122669e-17 -0.31539157 -3.9322419e-17 -0.16880801 0.1823335 -8.4167977e-17 -0.36975783 -6.8551382e-17 0.26864478 -2.7347835e-17 0.5611648 0.36785701 3.3494121e-17 0.44993281 -9.942969e-17 0.31735665 7.22399e-17 0.14619203 1.030843e-16 -0.50631177
0.28209481 0.42224434 0.12271138 -0.21303532 -0.41166577 0.23712535 -0.25571147 -0.11963706 -0.3041198 -0.090002865 -0.2735413 -0.27040836 -0.25160933 0.13642937 -0.20207979 0.52748436 0.52511978 -0.067812033 0.19910322 -0.37151352 0.13191374 0.18744005 0.14708833 0.39742944 -0.1614418
0.28209481 0.33625183 0.13504641 -0.32776454 -0.50437772 0.20781505 -0.24311025 -0.2025696 -0.012895785 0.35587057 -0.36883512 -0.1943932 -0.27003291 0.18948653 -0.0094302706 0.3842636 0.027281778 0.2950806 0.20322201 -0.31372795 0.096525222 0.30580914 0.0051959218 0.31862351 -0.53317136
0.28209481 0.28719336 2.9918276e-17 -0.39528772 -0.51953763 3.9322419e-17 -0.31539157 -5.4122669e-17 0.16880801 0.5611648 -8.4167977e-17 -0.26864478 -6.8551382e-17 0.36975783 2.7347835e-17 0.1823335 -0.36785701 1.030843e-16 0.44993281 -7.22399e-17 0.31735665 9.942969e-17 -0.14619203 3.3494121e-17 -0.50631177
0.28209481 0.20781507 0.13504641 -0.42107931 -0.40047023 0.12843676 -0.24311025 -0.2602413 0.30689871 0.51376981 -0.29285091 -0.1201416 -0.27003291 0.24343348 0.22442509 -0.10170031 -0.51550663 0.42600742 0.16135597 -0.19389452 0.096525222 0.39287323 -0.12365448 -0.084327824 -0.1388125
0.28209481 0.21638383 -0.12271138 -0.42053819 -0.41644683 -0.12151754 -0.25571147 0.23616721 0.29753923 0.52947986 0.2767182 -0.1385738 0.25160933 0.26931575 -0.19770716 -0.077403829 -0.51972395 -0.3989329 0.2014156 0.19038627 0.13191374 -0.37001234 -0.14390562 0.058319371 -0.17804851
0.28209481 0.15098648 2.9918276e-17 -0.4646886 -0.32109192 2.067302e-17 -0.31539157 -6.3625012e-17 0.44194514 0.4773553 -5.2018672e-17 -0.14123492 -6.8551382e-17 0.43467638 7.1597558e-17 -0.34681892 -0.59520513 8.7688742e-17 0.27807376 -3.7978764e-17 0.31735665 1.1688662e-16 -0.3827357 -6.3709603e-17 0.19339387
0.28209481 0.072127946 0.12271138 -0.46740976 -0.15428747 0.040505845 -0.25571147 -0.2624895 0.48800915 0.2372337 -0.10252006 -0.046191264 -0.25160933 0.29933265 0.32426953 -0.47964618 -0.31581122 0.17874207 0.074621536 -0.063462086 0.13191374 0.41125253 -0.2360269 -0.36138606 0.44953033
0.28209481 -0.41563013 -0.13504641 -0.21850969 0.41563013 0.25687352 -0.24311025 0.13504641 -0.28603289 0.062040854 -0.30393687 0.24028321 0.27003291 0.12632436 0.2091666 0.52005124 -0.49864554 -0.051443011 -0.16746414 -0.38778904 0.096525222 -0.20387277 0.11524731 -0.43121588 -0.19070552
0.28209481 -0.4646886 -0.13504641 -0.067523204 0.14359668 0.28719333 -0.24311025 0.041731633 -0.48367676 0.47542647 -0.1050076 0.26864481 0.27003291 0.039036375 0.35369718 0.21970904 -0.29131883 -0.39421391 -0.057857439 -0.43356133 0.096525222 -0.06300015 0.19488125 -0.18217824 0.44738051
0.28209481 -0.4646886 2.9918276e-17 -0.15098648 0.32109192 -6.3625012e-17 -0.31539157 -2.067302e-17 -0.44194514 0.34681892 5.2018672e-17 0.43467638 -6.8551382e-17 0.14123492 -7.1597558e-17 0.4773553 -0.59520513 6.3709603e-17 -0.27807376 1.1688662e-16 0.31735665 3.7978764e-17 0.3827357 8.7688742e-17 0.19339387
0.28209481 -0.33625183 -0.13504641 0.32776454 -0.50437772 0.20781505 -0.24311025 -0.2025696 -0.012895785 -0.35587057 0.36883512 0.1943932 0.27003291 -0.18948653 0.0094302706 -0.3842636 0.027281778 0.2950806 0.20322201 -0.31372795 0.096525222 0.30580914 0.0051959218 0.31862351 -0.53317136
0.28209481 -0.20781507 -0.13504641 0.42107931 -0.40047023 0.12843676 -0.24311025 -0.2602413 0.30689871 -0.51376981 0.29285091 0.1201416 0.27003291 -0.24343348 -0.22442509 0.10170031 -0.51550663 0.42600742 0.16135597 -0.19389452 0.096525222 0.39287323 -0.12365448 -0.084327824 -0.1388125
0.28209481 -0.28719336 2.9918276e-17 0.39528772 -0.51953763 -3.9322419e-17 -0.31539157 5.4122669e-17 0.16880801 -0.5611648 -8.4167977e-17 0.26864478 -6.8551382e-17 -0.36975783 2.7347835e-17 -0.1823335 -0.36785701 -1.030843e-16 0.44993281 7.22399e-17 0.31735665 -9.942969e-17 -0.14619203 -3.3494121e-17 -0.50631177
0.28209481 0.20781507 -0.13504641 0.42107931 0.40047023 -0.12843676 -0.24311025 -0.2602413 0.30689871 0.51376981 -0.29285091 -0.1201416 0.27003291 -0.24343348 -0.22442509 0.10170031 0.51550663 -0.42600742 -0.16135597 0.19389452 0.096525222 0.39287323 -0.12365448 -0.084327824 -0.1388125
0.28209481 0.33625183 -0.13504641 0.32776454 0.50437772 -0.20781505 -0.24311025 -0.2025696 -0.012895785 0.35587057 -0.36883512 -0.1943932 0.27003291 -0.18948653 0.0094302706 -0.3842636 -0.027281778 -0.2950806 -0.20322201 0.31372795 0.096525222 0.30580914 0.0051959218 0.31862351 -0.53317136
0.28209481 0.28719336 2.9918276e-17 0.39528772 0.51953763 3.9322419e-17 -0.31539157 5.4122669e-17 0.16880801 0.5611648 8.4167977e-17 -0.26864478 -6.8551382e-17 -0.36975783 2.7347835e-17 -0.1823335 0.36785701 1.030843e-16 -0.44993281 -7.22399e-17 0.31735665 -9.942969e-17 -0.14619203 -3.3494121e-17 -0.50631177
0.28209481 0.4646886 -0.13504641 -0.067523204 -0.14359668 -0.28719333 -0.24311025 0.041731633 -0.48367676 -0.47542647 0.1050076 -0.26864481 0.27003291 0.039036375 0.35369718 0.21970904 0.29131883 0.39421391 0.057857439 0.43356133 0.096525222 -0.06300015 0.19488125 -0.18217824 0.44738051
0.28209481 0.41563013 -0.13504641 -0.21850969 -0.41563013 -0.25687352 -0.24311025 0.13504641 -0.28603289 -0.062040854 0.30393687 -0.24028321 0.27003291 0.12632436 0.2091666 0.52005124 0.49864554 0.051443011 0.16746414 0.38778904 0.096525222 -0.20387277 0.11524731 -0.43121588 -0.19070552
0.28209481 0.4646886 2.9918276e-17 -0.15098648 -0.32109192 6.3625012e-17 -0.31539157 -2.067302e-17 -0.44194514 -0.34681892 -5.2018672e-17 -0.43467638 -6.8551382e-17 0.14123492 -7.1597558e-17 0.4773553 0.59520513 -6.3709603e-17 0.27807376 -1.1688662e-16 0.31735665 3.7978764e-17 0.3827357 8.7688742e-17 0.19339387
0.28209481 0.079378292 -0.13504641 -0.46281093 -0.16812591 -0.049058478 -0.24311025 0.28603289 0.47570673 0.25548634 0.12294504 -0.045890011 0.27003291 0.26755929 -0.34786895 -0.45719701 -0.33546168 -0.21184406 0.067740671 0.074061118 0.096525222 -0.43180946 -0.19166999 0.37909842 0.41530886
0.28209481 -0.079378292 -0.13504641 -0.46281093 0.16812591 0.049058478 -0.24311025 0.28603289 0.47570673 -0.25548634 -0.12294504 0.045890011 0.27003291 0.26755929 -0.34786895 -0.45719701 0.33546168 0.21184406 -0.067740671 -0.074061118 0.096525222 -0.43180946 -0.19166999 0.37909842 0.41530886
0.28209481 1.196731e-16 2.9918276e-17 -0.48860252 -2.6759719e-16 1.6385602e-32 -0.31539157 -6.6899297e-17 0.54627424 4.3355699e-16 -4.3352229e-32 -1.1194394e-16 -6.8551382e-17 0.45704579 8.8499452e-17 -0.5900436 -6.1314216e-16 7.9643128e-32 2.3174596e-16 -3.0102274e-32 0.31735665 1.2290186e-16 -0.47308734 -1.0838925e-16 0.62583572
