0.28209481 0 0.48860252 0 0 0 0.63078314 0 0 0 0 0 0.74635267 0 0 0 0 0 0 0 0.84628439 0 0 0 0
0.28209481 0 0.21850967 -0.43701938 0 0 -0.12615664 -0.43701935 0.43701938 0 0 0 -0.33377907 3.3592887e-08 0.51708829 -0.42220083 0 0 0 0 -0.16925685 0.42818981 0.15138792 -0.56644183 0.4005349
0.28209481 -0.41563013 0.21850967 -0.13504641 0.25687355 -0.4156301 -0.12615664 -0.13504641 -0.3535561 0.24816343 0.30393687 3.1948733e-08 -0.33377907 1.0380773e-08 -0.4183332 0.34156767 -0.38093132 0.33294615 0.08898358 0.4072327 -0.16925685 0.13231793 -0.12247539 0.45826107 0.12377208
0.28209481 -0.25687355 0.21850967 0.3535561 -0.41563013 -0.25687355 -0.12615664 0.3535561 0.13504642 -0.40153685 -0.49178019 1.9745404e-08 -0.33377907 -2.7177215e-08 0.15978907 -0.13046724 -0.2354285 -0.53871822 -0.14397846 0.25168365 -0.16925685 -0.34641284 0.046781436 -0.17504016 -0.32403952
0.28209481 0.25687355 0.21850967 0.3535561 0.41563013 0.25687355 -0.12615664 0.3535561 0.13504642 0.40153685 0.49178019 -1.9745404e-08 -0.33377907 -2.7177215e-08 0.15978907 -0.13046724 0.2354285 0.53871822 0.14397846 -0.25168365 -0.16925685 -0.34641284 0.046781436 -0.17504016 -0.32403952
0.28209481 0.41563013 0.21850967 -0.13504641 -0.25687355 0.4156301 -0.12615664 -0.13504641 -0.3535561 -0.24816343 -0.30393687 -3.1948733e-08 -0.33377907 1.0380773e-08 -0.4183332 0.34156767 0.38093132 -0.33294615 -0.08898358 -0.4072327 -0.16925685 0.13231793 -0.12247539 0.45826107 0.12377208
0.28209481 -0.25687355 -0.21850967 -0.3535561 0.41563013 0.25687355 -0.12615664 0.3535561 0.13504642 -0.40153685 -0.49178019 1.9745404e-08 0.33377907 2.7177215e-08 -0.15978907 0.13046724 0.2354285 0.53871822 0.14397846 -0.25168365 -0.16925685 -0.34641284 0.046781436 -0.17504016 -0.32403952
0.28209481 -0.41563013 -0.21850967 0.13504641 -0.25687355 0.4156301 -0.12615664 -0.13504641 -0.3535561 0.24816343 0.30393687 3.1948733e-08 0.33377907 -1.0380773e-08 0.4183332 -0.34156767 0.38093132 -0.33294615 -0.08898358 -0.4072327 -0.16925685 0.13231793 -0.12247539 0.45826107 0.12377208
0.28209481 -5.3519439e-17 -0.21850967 0.43701938 -1.0703888e-16 5.3519436e-17 -0.12615664 -0.43701935 0.43701938 -1.5511407e-16 1.266501e-16 4.113942e-24 0.33377907 -3.3592887e-08 -0.51708829 0.42220083 -1.9620551e-16 2.0810735e-16 -3.7079344e-17 -5.2438129e-17 -0.16925685 0.42818981 0.15138792 -0.56644183 0.4005349
0.28209481 0.41563013 -0.21850967 0.13504641 0.25687355 -0.4156301 -0.12615664 -0.13504641 -0.3535561 -0.24816343 -0.30393687 -3.1948733e-08 0.33377907 -1.0380773e-08 0.4183332 -0.34156767 -0.38093132 0.33294615 0.08898358 0.4072327 -0.16925685 0.13231793 -0.12247539 0.45826107 0.12377208
0.28209481 0.25687355 -0.21850967 -0.3535561 -0.41563013 -0.25687355 -0.12615664 0.3535561 0.13504642 0.40153685 0.49178019 -1.9745404e-08 0.33377907 2.7177215e-08 -0.15978907 0.13046724 -0.2354285 -0.53871822 -0.14397846 0.25168365 -0.16925685 -0.34641284 0.046781436 -0.17504016 -0.32403952
0.28209481 0 -0.48860252 0 0 0 0.63078314 0 0 0 0 0 -0.74635267 0 0 0 0 0 0 0 0.84628439 0 0 0 0
0.28209481 0 0.30038831 -0.38535604 0 0 0.042231869 -0.52975434 0.33980024 0 0 0 -0.25469923 -0.32075787 0.55271339 -0.28946999 0 0 0 0 -0.35321218 0.1149135 0.48431107 -0.53389043 0.24215101
0.28209481 -0.36649537 0.30038831 -0.11908156 0.19972956 -0.50382632 0.042231869 -0.16370308 -0.27490416 0.1701462 0.32487679 -0.30505884 -0.25469923 -0.099119626 -0.44715455 0.23418614 -0.23029929 0.31381291 0.28467089 0.10928923 -0.35321218 0.035510223 -0.39181587 0.43192643 0.074828781
0.28209481 0 0.38097942 -0.30592009 0 0 0.2598668 -0.53338253 0.21414864 0 0 0 0.011614757 -0.58374661 0.44178417 -0.14482416 0 0 0 0 -0.24351518 -0.41020748 0.60383004 -0.33877245 0.096176639
0.28209481 -0.29094729 0.38097942 -0.094534509 0.12587342 -0.50727695 0.2598668 -0.16482428 -0.17324989 0.085125506 0.25967422 -0.55517602 0.011614757 -0.18038763 -0.35741091 0.11716521 -0.091469415 0.19912545 0.35492238 -0.39013049 -0.24351518 -0.12676108 -0.48850876 0.27407268 0.029720215
0.28209481 0 0.44400242 -0.20394672 0 0 0.46593145 -0.4144111 0.095177174 0 0 0 0.38280767 -0.59690571 0.22882921 -0.042910863 0 0 0 0 0.22143799 -0.70559114 0.39402789 -0.11698175 0.018997854
0.28209481 -0.19396487 0.44400242 -0.063023008 0.055943739 -0.39412838 0.46593145 -0.12806007 -0.076999947 0.025222372 0.13450244 -0.56769109 0.38280767 -0.18445401 -0.18512672 0.034715615 -0.018068032 0.068760149 0.23160379 -0.67105705 0.22143799 -0.21803965 -0.31877527 0.094640225 0.0058706598
0.28209481 0 0.47901067 -0.09633901 0 0 0.59399867 -0.21119161 0.021237515 0 0 0 0.66058499 -0.3429502 0.055086121 -0.0045229685 0 0 0 0 0.68737531 -0.48211649 0.10534812 -0.013302532 0.00094590237
0.28209481 -0.10004011 0.45800099 -0.13769341 0.063040055 -0.20968622 0.51597548 -0.28860834 0.020482956 -0.02371864 0.15634225 -0.31754205 0.48738414 -0.43705913 0.050798677 0.0077066533 0.0054159942 -0.066699378 0.28119493 -0.40455982 0.38736105 -0.55682886 0.09136577 0.021671942 -0.0074544763
0.28209481 -0.091623843 0.47901067 -0.029770391 0.012483098 -0.20085517 0.59399867 -0.065261796 -0.01718151 0.0026585343 0.032378808 -0.32616502 0.66058499 -0.10597744 -0.044565607 0.0036591585 -0.00089960662 0.0078190323 0.06192207 -0.45852005 0.68737531 -0.1489822 -0.085228413 0.010761974 0.00029229993
0.28209481 -0.10340652 0.40621537 -0.25105491 0.11880808 -0.1922355 0.33860078 -0.46671784 0.11975593 -0.093313023 0.26133385 -0.23756199 0.14146905 -0.57676345 0.26341876 -0.039304677 0.059677683 -0.23273633 0.39493334 -0.2164128 -0.10732576 -0.52541655 0.39808413 -0.09803161 0.0004742271
0.28209481 -0.20681304 0.40621537 -0.17592569 0.16650853 -0.384471 0.33860078 -0.32705057 -0.02705095 -0.052389115 0.36625719 -0.47512397 0.14146905 -0.40416458 -0.059502088 0.086646169 -0.018892435 -0.13066612 0.55349576 -0.4328256 -0.10732576 -0.36818343 -0.089920841 0.21610823 -0.056610305
0.28209481 -0.10004011 0.327981 -0.3480702 0.1593567 -0.15015927 0.11094961 -0.52245009 0.25432473 -0.17886274 0.28301686 -0.11725189 -0.18713002 -0.40795523 0.45167974 -0.16044991 0.16999176 -0.36019203 0.29728931 -0.014175716 -0.36089751 -0.049321659 0.4744578 -0.32311246 0.082391515
0.28209481 -0.20681304 0.33901775 -0.28465372 0.26941645 -0.3208704 0.14012566 -0.44164023 0.087538712 -0.20955646 0.49458379 -0.2722218 -0.15350564 -0.37468117 0.16070001 0.068089023 0.098922074 -0.43620339 0.55297488 -0.072704569 -0.3523483 -0.10006925 0.17967242 0.14173107 -0.13615456
0.28209481 -0.30012032 0.327981 -0.2027034 0.27841061 -0.45047781 0.11094961 -0.3042559 -0.11208552 -0.050392903 0.49445614 -0.35175568 -0.18713002 -0.23757827 -0.19906345 0.23493958 -0.13088933 -0.10148074 0.51939142 -0.042527147 -0.36089751 -0.028723137 -0.20910215 0.47311902 -0.1362114
0.28209481 -0.091623843 0.24084751 -0.41512644 0.17406771 -0.10099038 -0.085488752 -0.45756403 0.37512073 -0.23572062 0.22701456 -0.018418856 -0.32836848 -0.083451577 0.48922268 -0.30898929 0.27387869 -0.34858227 0.10565402 0.080343068 -0.2351658 0.36401585 0.22768733 -0.45693156 0.23156397
0.28209481 -0.19396487 0.25493339 -0.3689431 0.32750034 -0.22629716 -0.057810813 -0.43044278 0.22538278 -0.36375022 0.45209721 -0.065529622 -0.31909448 -0.12464475 0.31112921 -0.043394521 0.30960035 -0.56937128 0.25685996 0.15165482 -0.27219898 0.28846464 0.17676871 -0.067924619 -0.11840574
0.28209481 -0.29094729 0.25493339 -0.29848123 0.39743003 -0.33944574 -0.057810813 -0.34823552 0.010161377 -0.26877347 0.54863149 -0.098294437 -0.31909448 -0.10083972 0.014027252 0.24891391 0.016938781 -0.42070594 0.31170613 0.22748224 -0.27219898 0.23337279 0.0079696123 0.38962021 -0.33103681
0.28209481 -0.36649537 0.24084751 -0.21542057 0.36131418 -0.40396151 -0.085488752 -0.23744261 -0.20116462 -0.0090826368 0.4712165 -0.073675424 -0.32836848 -0.04330533 -0.26235366 0.38853067 -0.30486357 -0.013431351 0.21930715 0.32137227 -0.2351658 0.18889788 -0.12210105 0.57455689 -0.18891691
0.28209481 -0.22650661 0.30038831 0.31175959 -0.32316923 -0.31138176 0.042231869 0.42858025 0.10500404 -0.27530232 -0.52566171 -0.18853673 -0.25469923 0.25949857 0.17079784 -0.089451149 -0.14233279 -0.50775993 -0.4606072 0.06754446 -0.35321218 -0.092966974 0.14966035 -0.16498122 -0.19590428
0.28209481 -0.17981532 0.38097942 0.24749455 -0.20366746 -0.31351441 0.2598668 0.43151554 0.066175565 -0.13773596 -0.42016172 -0.34311765 0.011614757 0.47226092 0.13651882 -0.044753127 -0.056531209 -0.32219175 -0.57427651 -0.2411139 -0.24351518 0.3318648 0.18659374 -0.10468645 -0.077808537
0.28209481 -0.11987688 0.44400242 0.16499637 -0.090518869 -0.24358474 0.46593145 0.33526564 0.029411364 -0.040810656 -0.21762951 -0.35085237 0.38280767 0.48290688 0.070712112 -0.013260186 -0.011166658 -0.11125626 -0.37474281 -0.41473606 0.22143799 0.57083523 0.12176131 -0.036149349 -0.015369587
0.28209481 -0.1618683 0.45800099 0.0525942 -0.038960896 -0.33927944 0.51597548 0.11023857 -0.053625077 0.014658926 -0.096624821 -0.51379383 0.48738414 0.16694173 -0.13299266 -0.02017628 0.008763263 0.041222483 -0.17378801 -0.65459156 0.38736105 0.21268968 -0.23919868 -0.056737877 0.0028473567
0.28209481 -0.056626651 0.47901067 0.077939898 -0.020198077 -0.12413532 0.59399867 0.17085761 0.0065627526 -0.0043015988 -0.052390013 -0.20158106 0.66058499 0.27745253 0.017022546 -0.0013976742 -0.00055598747 -0.012651459 -0.10019201 -0.28338096 0.68737531 0.39004046 0.032554358 -0.0041107084 -0.00076525111
0.28209481 -0.27072179 0.40621537 0.02076521 -0.025726981 -0.50327909 0.33860078 0.038603082 -0.16671821 0.098594531 -0.056589849 -0.62194532 0.14146905 0.047705159 -0.36671844 -0.023049869 0.017990401 0.24590918 -0.085519798 -0.56657606 -0.10732576 0.04345816 -0.55419284 -0.057489745 0.056903396
0.28209481 -0.23122402 0.40621537 0.14232686 -0.15060838 -0.42985165 0.33860078 0.26458946 -0.075986579 -0.0085456576 -0.33128273 -0.53120476 0.14146905 0.32697603 -0.16714238 -0.10089178 0.048001517 -0.021314122 -0.50064164 -0.48391372 -0.10732576 0.29786667 -0.25258917 -0.25163886 -0.035461321
0.28209481 -0.36194852 0.327981 -0.012415806 0.020566057 -0.54328132 0.11094961 -0.018636009 -0.29942057 0.23901308 0.036525238 -0.42422131 -0.18713002 -0.01455193 -0.53176969 0.024673823 -0.025828643 0.4813222 0.038367193 -0.051288221 -0.36089751 -0.0017593238 -0.55858672 0.049687903 0.18713215
0.28209481 -0.33463052 0.33901775 0.10872805 -0.16650853 -0.51917922 0.14012566 0.16869156 -0.22917932 0.12951301 -0.30566958 -0.44046414 -0.15350564 0.14311548 -0.4207181 -0.17825937 0.16005927 0.26958853 -0.34175727 -0.11763847 -0.3523483 0.038223054 -0.4703885 -0.37105677 0.052006412
0.28209481 -0.28552467 0.327981 0.2227926 -0.29112113 -0.42856985 0.11094961 0.33440959 -0.072966553 -0.097325303 -0.51703 -0.33464885 -0.18713002 0.26112381 -0.12958832 -0.21969031 0.089097708 -0.19599274 -0.54310364 -0.04045894 -0.36089751 0.031569783 -0.13612342 -0.4424102 -0.16657479
0.28209481 -0.42312202 0.24084751 -0.04114167 0.079666704 -0.46637699 -0.085488752 -0.045347504 -0.40579349 0.37232134 0.10389923 -0.085058905 -0.32836848 -0.0082705822 -0.52922529 0.11142448 -0.13559724 0.55058664 0.048355363 0.37102702 -0.2351658 0.036076285 -0.2463048 0.16477388 0.33203131
0.28209481 -0.41082418 0.25493339 0.070461862 -0.13247667 -0.47930509 -0.057810813 0.082207255 -0.37483838 0.31978676 -0.18287717 -0.13879398 -0.31909448 0.02380503 -0.51744491 -0.1787001 0.20828232 0.50055611 -0.10390204 0.32121009 -0.27219898 -0.055091843 -0.29398739 -0.27971587 0.25785804
0.28209481 -0.37378019 0.25493339 0.18447155 -0.31555495 -0.43608618 -0.057810813 0.21522139 -0.24182422 0.071134359 -0.43560719 -0.12627892 -0.31909448 0.062322374 -0.33382577 -0.35935667 0.3200691 0.11134525 -0.24749112 0.29224658 -0.27219898 -0.14423232 -0.18966381 -0.56249416 -0.086186267
0.28209481 -0.31813043 0.24084751 0.28198919 -0.41055089 -0.35065231 -0.085488752 0.31081641 -0.049629543 -0.2210246 -0.53542978 -0.063952774 -0.32836848 0.056687411 -0.064725555 -0.31966656 0.08546263 -0.32684988 -0.2491924 0.27896205 -0.2351658 -0.24727054 -0.030123685 -0.47272107 -0.34832105
0.28209481 0.22650661 0.30038831 0.31175959 0.32316923 0.31138176 0.042231869 0.42858025 0.10500404 0.27530232 0.52566171 0.18853673 -0.25469923 0.25949857 0.17079784 -0.089451149 0.14233279 0.50775993 0.4606072 -0.06754446 -0.35321218 -0.092966974 0.14966035 -0.16498122 -0.19590428
0.28209481 0.17981532 0.38097942 0.24749455 0.20366746 0.31351441 0.2598668 0.43151554 0.066175565 0.13773596 0.42016172 0.34311765 0.011614757 0.47226092 0.13651882 -0.044753127 0.056531209 0.32219175 0.57427651 0.2411139 -0.24351518 0.3318648 0.18659374 -0.10468645 -0.077808537
0.28209481 0.11987688 0.44400242 0.16499637 0.090518869 0.24358474 0.46593145 0.33526564 0.029411364 0.040810656 0.21762951 0.35085237 0.38280767 0.48290688 0.070712112 -0.013260186 0.011166658 0.11125626 0.37474281 0.41473606 0.22143799 0.57083523 0.12176131 -0.036149349 -0.015369587
0.28209481 -2.0843294e-17 0.45800099 0.17019841 -1.6234956e-17 -4.3687991e-17 0.51597548 0.35673952 0.066284239 -9.1625332e-18 -4.026344e-17 -6.6159679e-17 0.48738414 0.5402348 0.16438797 0.024939254 -4.5136756e-18 -2.5766033e-17 -7.2417241e-17 -8.4289777e-17 0.38736105 0.68827826 0.29566583 0.070131876 0.0092142401
0.28209481 0.056626651 0.47901067 0.077939898 0.020198077 0.12413532 0.59399867 0.17085761 0.0065627526 0.0043015988 0.052390013 0.20158106 0.66058499 0.27745253 0.017022546 -0.0013976742 0.00055598747 0.012651459 0.10019201 0.28338096 0.68737531 0.39004046 0.032554358 -0.0041107084 -0.00076525111
0.28209481 -0.063908748 0.40621537 0.26388854 -0.077180944 -0.11880808 0.33860078 0.49057585 0.14999981 -0.066216283 -0.16976954 -0.14682138 0.14146905 0.60624689 0.32994413 0.076600149 -0.048559003 -0.16515309 -0.2565594 -0.13375047 -0.10732576 0.55227518 0.49861869 0.19105197 0.034694005
0.28209481 0.063908748 0.40621537 0.26388854 0.077180944 0.11880808 0.33860078 0.49057585 0.14999981 0.066216283 0.16976954 0.14682138 0.14146905 0.60624689 0.32994413 0.076600149 0.048559003 0.16515309 0.2565594 0.13375047 -0.10732576 0.55227518 0.49861869 0.19105197 0.034694005
0.28209481 -0.12365638 0.327981 0.34039682 -0.19263327 -0.18560706 0.11094961 0.51093239 0.23014788 -0.20786855 -0.34211594 -0.1449313 -0.18713002 0.39896166 0.40874174 0.12052682 -0.18595473 -0.41860366 -0.35936874 -0.017522149 -0.36089751 0.048234336 0.42935446 0.24271573 0.033262514
0.28209481 -4.3089363e-17 0.33901775 0.35185137 -6.938389e-17 -6.6853141e-17 0.14012566 0.54589736 0.28328124 -8.0951859e-17 -1.2737213e-16 -5.671724e-17 -0.15350564 0.4631314 0.52003616 0.2203407 -8.2441406e-17 -1.6850578e-16 -1.4240981e-16 -1.514795e-17 -0.3523483 0.1236924 0.58143216 0.45865139 0.16829629
0.28209481 0.12365638 0.327981 0.34039682 0.19263327 0.18560706 0.11094961 0.51093239 0.23014788 0.20786855 0.34211594 0.1449313 -0.18713002 0.39896166 0.40874174 0.12052682 0.18595473 0.41860366 0.35936874 0.017522149 -0.36089751 0.048234336 0.42935446 0.24271573 0.033262514
0.28209481 -0.16987996 0.24084751 0.38969949 -0.30297115 -0.18724646 -0.085488752 0.42953771 0.2814669 -0.36670795 -0.39512706 -0.03415044 -0.32836848 0.078340076 0.36708179 0.12870069 -0.35768241 -0.54228556 -0.18389463 0.14896424 -0.2351658 -0.34171948 0.1708422 0.19032182 -0.026357329
0.28209481 -0.059938438 0.25493339 0.41249093 -0.11314858 -0.069929667 -0.057810813 0.48124966 0.38111845 -0.15367565 -0.15619574 -0.020249767 -0.31909448 0.13935708 0.52611423 0.33253738 -0.18087479 -0.24054556 -0.088742934 0.046863921 -0.27219898 -0.32251325 0.29891288 0.52051443 0.27777079
0.28209481 0.059938438 0.25493339 0.41249093 0.11314858 0.069929667 -0.057810813 0.48124966 0.38111845 0.15367565 0.15619574 0.020249767 -0.31909448 0.13935708 0.52611423 0.33253738 0.18087479 0.24054556 0.088742934 -0.046863921 -0.27219898 -0.32251325 0.29891288 0.52051443 0.27777079
0.28209481 0.16987996 0.24084751 0.38969949 0.30297115 0.18724646 -0.085488752 0.42953771 0.2814669 0.36670795 0.39512706 0.03415044 -0.32836848 0.078340076 0.36708179 0.12870069 0.35768241 0.54228556 0.18389463 -0.14896424 -0.2351658 -0.34171948 0.1708422 0.19032182 -0.026357329
0.28209481 0.36649537 0.30038831 -0.11908156 -0.19972956 0.50382632 0.042231869 -0.16370308 -0.27490416 -0.1701462 -0.32487679 0.30505884 -0.25469923 -0.099119626 -0.44715455 0.23418614 0.23029929 -0.31381291 -0.28467089 -0.10928923 -0.35321218 0.035510223 -0.39181587 0.43192643 0.074828781
0.28209481 0.29094729 0.38097942 -0.094534509 -0.12587342 0.50727695 0.2598668 -0.16482428 -0.17324989 -0.085125506 -0.25967422 0.55517602 0.011614757 -0.18038763 -0.35741091 0.11716521 0.091469415 -0.19912545 -0.35492238 0.39013049 -0.24351518 -0.12676108 -0.48850876 0.27407268 0.029720215
0.28209481 0.19396487 0.44400242 -0.063023008 -0.055943739 0.39412838 0.46593145 -0.12806007 -0.076999947 -0.025222372 -0.13450244 0.56769109 0.38280767 -0.18445401 -0.18512672 0.034715615 0.018068032 -0.068760149 -0.23160379 0.67105705 0.22143799 -0.21803965 -0.31877527 0.094640225 0.0058706598
0.28209481 0.1618683 0.45800099 0.0525942 0.038960896 0.33927944 0.51597548 0.11023857 -0.053625077 -0.014658926 0.096624821 0.51379383 0.48738414 0.16694173 -0.13299266 -0.02017628 -0.008763263 -0.041222483 0.17378801 0.65459156 0.38736105 0.21268968 -0.23919868 -0.056737877 0.0028473567
0.28209481 0.091623843 0.47901067 -0.029770391 -0.012483098 0.20085517 0.59399867 -0.065261796 -0.01718151 -0.0026585343 -0.032378808 0.32616502 0.66058499 -0.10597744 -0.044565607 0.0036591585 0.00089960662 -0.0078190323 -0.06192207 0.45852005 0.68737531 -0.1489822 -0.085228413 0.010761974 0.00029229993
0.28209481 0.23122402 0.40621537 0.14232686 0.15060838 0.42985165 0.33860078 0.26458946 -0.075986579 0.0085456576 0.33128273 0.53120476 0.14146905 0.32697603 -0.16714238 -0.10089178 -0.048001517 0.021314122 0.50064164 0.48391372 -0.10732576 0.29786667 -0.25258917 -0.25163886 -0.035461321
0.28209481 0.27072179 0.40621537 0.02076521 0.025726981 0.50327909 0.33860078 0.038603082 -0.16671821 -0.098594531 0.056589849 0.62194532 0.14146905 0.047705159 -0.36671844 -0.023049869 -0.017990401 -0.24590918 0.085519798 0.56657606 -0.10732576 0.04345816 -0.55419284 -0.057489745 0.056903396
0.28209481 0.28552467 0.327981 0.2227926 0.29112113 0.42856985 0.11094961 0.33440959 -0.072966553 0.097325303 0.51703 0.33464885 -0.18713002 0.26112381 -0.12958832 -0.21969031 -0.089097708 0.19599274 0.54310364 0.04045894 -0.36089751 0.031569783 -0.13612342 -0.4424102 -0.16657479
0.28209481 0.33463052 0.33901775 0.10872805 0.16650853 0.51917922 0.14012566 0.16869156 -0.22917932 -0.12951301 0.30566958 0.44046414 -0.15350564 0.14311548 -0.4207181 -0.17825937 -0.16005927 -0.26958853 0.34175727 0.11763847 -0.3523483 0.038223054 -0.4703885 -0.37105677 0.052006412
0.28209481 0.36194852 0.327981 -0.012415806 -0.020566057 0.54328132 0.11094961 -0.018636009 -0.29942057 -0.23901308 -0.036525238 0.42422131 -0.18713002 -0.01455193 -0.53176969 0.024673823 0.025828643 -0.4813222 -0.038367193 0.051288221 -0.36089751 -0.0017593238 -0.55858672 0.049687903 0.18713215
0.28209481 0.31813043 0.24084751 0.28198919 0.41055089 0.35065231 -0.085488752 0.31081641 -0.049629543 0.2210246 0.53542978 0.063952774 -0.32836848 0.056687411 -0.064725555 -0.31966656 -0.08546263 0.32684988 0.2491924 -0.27896205 -0.2351658 -0.24727054 -0.030123685 -0.47272107 -0.34832105
0.28209481 0.37378019 0.25493339 0.18447155 0.31555495 0.43608618 -0.057810813 0.21522139 -0.24182422 -0.071134359 0.43560719 0.12627892 -0.31909448 0.062322374 -0.33382577 -0.35935667 -0.3200691 -0.11134525 0.24749112 -0.29224658 -0.27219898 -0.14423232 -0.18966381 -0.56249416 -0.086186267
0.28209481 0.41082418 0.25493339 0.070461862 0.13247667 0.47930509 -0.057810813 0.082207255 -0.37483838 -0.31978676 0.18287717 0.13879398 -0.31909448 0.02380503 -0.51744491 -0.1787001 -0.20828232 -0.50055611 0.10390204 -0.32121009 -0.27219898 -0.055091843 -0.29398739 -0.27971587 0.25785804
0.28209481 0.42312202 0.24084751 -0.04114167 -0.079666704 0.46637699 -0.085488752 -0.045347504 -0.40579349 -0.37232134 -0.10389923 0.085058905 -0.32836848 -0.0082705822 -0.52922529 0.11142448 0.13559724 -0.55058664 -0.048355363 -0.37102702 -0.2351658 0.036076285 -0.2463048 0.16477388 0.33203131
0.28209481 0.10004011 0.45800099 -0.13769341 -0.063040055 0.20968622 0.51597548 -0.28860834 0.020482956 0.02371864 -0.15634225 0.31754205 0.48738414 -0.43705913 0.050798677 0.0077066533 -0.0054159942 0.066699378 -0.28119493 0.40455982 0.38736105 -0.55682886 0.09136577 0.021671942 -0.0074544763
0.28209481 0.20681304 0.40621537 -0.17592569 -0.16650853 0.384471 0.33860078 -0.32705057 -0.02705095 0.052389115 -0.36625719 0.47512397 0.14146905 -0.40416458 -0.059502088 0.086646169 0.018892435 0.13066612 -0.55349576 0.4328256 -0.10732576 -0.36818343 -0.089920841 0.21610823 -0.056610305
0.28209481 0.10340652 0.40621537 -0.25105491 -0.11880808 0.1922355 0.33860078 -0.46671784 0.11975593 0.093313023 -0.26133385 0.23756199 0.14146905 -0.57676345 0.26341876 -0.039304677 -0.059677683 0.23273633 -0.39493334 0.2164128 -0.10732576 -0.52541655 0.39808413 -0.09803161 0.0004742271
0.28209481 0.30012032 0.327981 -0.2027034 -0.27841061 0.45047781 0.11094961 -0.3042559 -0.11208552 0.050392903 -0.49445614 0.35175568 -0.18713002 -0.23757827 -0.19906345 0.23493958 0.13088933 0.10148074 -0.51939142 0.042527147 -0.36089751 -0.028723137 -0.20910215 0.47311902 -0.1362114
0.28209481 0.20681304 0.33901775 -0.28465372 -0.26941645 0.3208704 0.14012566 -0.44164023 0.087538712 0.20955646 -0.49458379 0.2722218 -0.15350564 -0.37468117 0.16070001 0.068089023 -0.098922074 0.43620339 -0.55297488 0.072704569 -0.3523483 -0.10006925 0.17967242 0.14173107 -0.13615456
0.28209481 0.10004011 0.327981 -0.3480702 -0.1593567 0.15015927 0.11094961 -0.52245009 0.25432473 0.17886274 -0.28301686 0.11725189 -0.18713002 -0.40795523 0.45167974 -0.16044991 -0.16999176 0.36019203 -0.29728931 0.014175716 -0.36089751 -0.049321659 0.4744578 -0.32311246 0.082391515
0.28209481 0.36649537 0.24084751 -0.21542057 -0.36131418 0.40396151 -0.085488752 -0.23744261 -0.20116462 0.0090826368 -0.4712165 0.073675424 -0.32836848 -0.04330533 -0.26235366 0.38853067 0.30486357 0.013431351 -0.21930715 -0.32137227 -0.2351658 0.18889788 -0.12210105 0.57455689 -0.18891691
0.28209481 0.29094729 0.25493339 -0.29848123 -0.39743003 0.33944574 -0.057810813 -0.34823552 0.010161377 0.26877347 -0.54863149 0.098294437 -0.31909448 -0.10083972 0.014027252 0.24891391 -0.016938781 0.42070594 -0.31170613 -0.22748224 -0.27219898 0.23337279 0.0079696123 0.38962021 -0.33103681
0.28209481 0.19396487 0.25493339 -0.3689431 -0.32750034 0.22629716 -0.057810813 -0.43044278 0.22538278 0.36375022 -0.45209721 0.065529622 -0.31909448 -0.12464475 0.31112921 -0.043394521 -0.30960035 0.56937128 -0.25685996 -0.15165482 -0.27219898 0.28846464 0.17676871 -0.067924619 -0.11840574
0.28209481 0.091623843 0.24084751 -0.41512644 -0.17406771 0.10099038 -0.085488752 -0.45756403 0.37512073 0.23572062 -0.22701456 0.018418856 -0.32836848 -0.083451577 0.48922268 -0.30898929 -0.27387869 0.34858227 -0.10565402 -0.080343068 -0.2351658 0.36401585 0.22768733 -0.45693156 0.23156397
0.28209481 -0.36649537 -0.30038831 0.11908156 -0.19972956 0.50382632 0.042231869 -0.16370308 -0.27490416 0.1701462 0.32487679 -0.30505884 0.25469923 0.099119626 0.44715455 -0.23418614 0.23029929 -0.31381291 -0.28467089 -0.10928923 -0.35321218 0.035510223 -0.39181587 0.43192643 0.074828781
0.28209481 -0.22650661 -0.30038831 -0.31175959 0.32316923 0.31138176 0.042231869 0.42858025 0.10500404 -0.27530232 -0.52566171 -0.18853673 0.25469923 -0.25949857 -0.17079784 0.089451149 0.14233279 0.50775993 0.4606072 -0.06754446 -0.35321218 -0.092966974 0.14966035 -0.16498122 -0.19590428
0.28209481 -0.29094729 -0.38097942 0.094534509 -0.12587342 0.50727695 0.2598668 -0.16482428 -0.17324989 0.085125506 0.25967422 -0.55517602 -0.011614757 0.18038763 0.35741091 -0.11716521 0.091469415 -0.19912545 -0.35492238 0.39013049 -0.24351518 -0.12676108 -0.48850876 0.27407268 0.029720215
0.28209481 -0.17981532 -0.38097942 -0.24749455 0.20366746 0.31351441 0.2598668 0.43151554 0.066175565 -0.13773596 -0.42016172 -0.34311765 -0.011614757 -0.47226092 -0.13651882 0.044753127 0.056531209 0.32219175 0.57427651 0.2411139 -0.24351518 0.3318648 0.18659374 -0.10468645 -0.077808537
0.28209481 -0.19396487 -0.44400242 0.063023008 -0.055943739 0.39412838 0.46593145 -0.12806007 -0.076999947 0.025222372 0.13450244 -0.56769109 -0.38280767 0.18445401 0.18512672 -0.034715615 0.018068032 -0.068760149 -0.23160379 0.67105705 0.22143799 -0.21803965 -0.31877527 0.094640225 0.0058706598
0.28209481 -0.11987688 -0.44400242 -0.16499637 0.090518869 0.24358474 0.46593145 0.33526564 0.029411364 -0.040810656 -0.21762951 -0.35085237 -0.38280767 -0.48290688 -0.070712112 0.013260186 0.011166658 0.11125626 0.37474281 0.41473606 0.22143799 0.57083523 0.12176131 -0.036149349 -0.015369587
0.28209481 -0.091623843 -0.47901067 0.029770391 -0.012483098 0.20085517 0.59399867 -0.065261796 -0.01718151 0.0026585343 0.032378808 -0.32616502 -0.66058499 0.10597744 0.044565607 -0.0036591585 0.00089960662 -0.0078190323 -0.06192207 0.45852005 0.68737531 -0.1489822 -0.085228413 0.010761974 0.00029229993
0.28209481 -0.1618683 -0.45800099 -0.0525942 0.038960896 0.33927944 0.51597548 0.11023857 -0.053625077 0.014658926 -0.096624821 -0.51379383 -0.48738414 -0.16694173 0.13299266 0.02017628 -0.008763263 -0.041222483 0.17378801 0.65459156 0.38736105 0.21268968 -0.23919868 -0.056737877 0.0028473567
0.28209481 -0.056626651 -0.47901067 -0.077939898 0.020198077 0.12413532 0.59399867 0.17085761 0.0065627526 -0.0043015988 -0.052390013 -0.20158106 -0.66058499 -0.27745253 -0.017022546 0.0013976742 0.00055598747 0.012651459 0.10019201 0.28338096 0.68737531 0.39004046 0.032554358 -0.0041107084 -0.00076525111
0.28209481 -0.27072179 -0.40621537 -0.02076521 0.025726981 0.50327909 0.33860078 0.038603082 -0.16671821 0.098594531 -0.056589849 -0.62194532 -0.14146905 -0.047705159 0.36671844 0.023049869 -0.017990401 -0.24590918 0.085519798 0.56657606 -0.10732576 0.04345816 -0.55419284 -0.057489745 0.056903396
0.28209481 -0.23122402 -0.40621537 -0.14232686 0.15060838 0.42985165 0.33860078 0.26458946 -0.075986579 -0.0085456576 -0.33128273 -0.53120476 -0.14146905 -0.32697603 0.16714238 0.10089178 -0.048001517 0.021314122 0.50064164 0.48391372 -0.10732576 0.29786667 -0.25258917 -0.25163886 -0.035461321
0.28209481 -0.36194852 -0.327981 0.012415806 -0.020566057 0.54328132 0.11094961 -0.018636009 -0.29942057 0.23901308 0.036525238 -0.42422131 0.18713002 0.01455193 0.53176969 -0.024673823 0.025828643 -0.4813222 -0.038367193 0.051288221 -0.36089751 -0.0017593238 -0.55858672 0.049687903 0.18713215
0.28209481 -0.33463052 -0.33901775 -0.10872805 0.16650853 0.51917922 0.14012566 0.16869156 -0.22917932 0.12951301 -0.30566958 -0.44046414 0.15350564 -0.14311548 0.4207181 0.17825937 -0.16005927 -0.26958853 0.34175727 0.11763847 -0.3523483 0.038223054 -0.4703885 -0.37105677 0.052006412
0.28209481 -0.28552467 -0.327981 -0.2227926 0.29112113 0.42856985 0.11094961 0.33440959 -0.072966553 -0.097325303 -0.51703 -0.33464885 0.18713002 -0.26112381 0.12958832 0.21969031 -0.089097708 0.19599274 0.54310364 0.04045894 -0.36089751 0.031569783 -0.13612342 -0.4424102 -0.16657479
0.28209481 -0.42312202 -0.24084751 0.04114167 -0.079666704 0.46637699 -0.085488752 -0.045347504 -0.40579349 0.37232134 0.10389923 -0.085058905 0.32836848 0.0082705822 0.52922529 -0.11142448 0.13559724 -0.55058664 -0.048355363 -0.37102702 -0.2351658 0.036076285 -0.2463048 0.16477388 0.33203131
0.28209481 -0.41082418 -0.25493339 -0.070461862 0.13247667 0.47930509 -0.057810813 0.082207255 -0.37483838 0.31978676 -0.18287717 -0.13879398 0.31909448 -0.02380503 0.51744491 0.1787001 -0.20828232 -0.50055611 0.10390204 -0.32121009 -0.27219898 -0.055091843 -0.29398739 -0.27971587 0.25785804
0.28209481 -0.37378019 -0.25493339 -0.18447155 0.31555495 0.43608618 -0.057810813 0.21522139 -0.24182422 0.071134359 -0.43560719 -0.12627892 0.31909448 -0.062322374 0.33382577 0.35935667 -0.3200691 -0.11134525 0.24749112 -0.29224658 -0.27219898 -0.14423232 -0.18966381 -0.56249416 -0.086186267
0.28209481 -0.31813043 -0.24084751 -0.28198919 0.41055089 0.35065231 -0.085488752 0.31081641 -0.049629543 -0.2210246 -0.53542978 -0.063952774 0.32836848 -0.056687411 0.064725555 0.31966656 -0.08546263 0.32684988 0.2491924 -0.27896205 -0.2351658 -0.24727054 -0.030123685 -0.47272107 -0.34832105
0.28209481 -4.7192504e-17 -0.30038831 0.38535604 -8.3227055e-17 6.4876192e-17 0.042231869 -0.52975434 0.33980024 -1.0634955e-16 1.3537574e-16 -3.9281507e-17 0.25469923 0.32075787 -0.55271339 0.28946999 -1.1861979e-16 1.9614816e-16 -1.18622e-16 -1.4072845e-17 -0.35321218 0.1149135 0.48431107 -0.53389043 0.24215101
0.28209481 -3.7464406e-17 -0.38097942 0.30592009 -5.2451288e-17 6.5320527e-17 0.2598668 -0.53338253 0.21414864 -5.3207533e-17 1.0820591e-16 -7.1488343e-17 -0.011614757 0.58374661 -0.44178417 0.14482416 -4.7112965e-17 1.2446298e-16 -1.478957e-16 5.0235926e-17 -0.24351518 -0.41020748 0.60383004 -0.33877245 0.096176639
0.28209481 -2.497627e-17 -0.44400242 0.20394672 -2.3311683e-17 5.0750723e-17 0.46593145 -0.4144111 0.095177174 -1.5765196e-17 5.6046992e-17 -7.309987e-17 -0.38280767 0.59690571 -0.22882921 0.042910863 -9.3062641e-18 4.2978399e-17 -9.6509002e-17 8.6409993e-17 0.22143799 -0.70559114 0.39402789 -0.11698175 0.018997854
0.28209481 -1.1798126e-17 -0.47901067 0.09633901 -5.201691e-18 2.5863514e-17 0.59399867 -0.21119161 0.021237515 -1.6617117e-18 1.3492208e-17 -4.1999285e-17 -0.66058499 0.3429502 -0.055086121 0.0045229685 -4.6335856e-19 4.8872709e-18 -2.5802847e-17 5.9042246e-17 0.68737531 -0.48211649 0.10534812 -0.013302532 0.00094590237
0.28209481 -0.10004011 -0.45800099 0.13769341 -0.063040055 0.20968622 0.51597548 -0.28860834 0.020482956 -0.02371864 0.15634225 -0.31754205 -0.48738414 0.43705913 -0.050798677 -0.0077066533 -0.0054159942 0.066699378 -0.28119493 0.40455982 0.38736105 -0.55682886 0.09136577 0.021671942 -0.0074544763
0.28209481 -0.10340652 -0.40621537 0.25105491 -0.11880808 0.1922355 0.33860078 -0.46671784 0.11975593 -0.093313023 0.26133385 -0.23756199 -0.14146905 0.57676345 -0.26341876 0.039304677 -0.059677683 0.23273633 -0.39493334 0.2164128 -0.10732576 -0.52541655 0.39808413 -0.09803161 0.0004742271
0.28209481 -0.20681304 -0.40621537 0.17592569 -0.16650853 0.384471 0.33860078 -0.32705057 -0.02705095 -0.052389115 0.36625719 -0.47512397 -0.14146905 0.40416458 0.059502088 -0.086646169 0.018892435 0.13066612 -0.55349576 0.4328256 -0.10732576 -0.36818343 -0.089920841 0.21610823 -0.056610305
0.28209481 -0.10004011 -0.327981 0.3480702 -0.1593567 0.15015927 0.11094961 -0.52245009 0.25432473 -0.17886274 0.28301686 -0.11725189 0.18713002 0.40795523 -0.45167974 0.16044991 -0.16999176 0.36019203 -0.29728931 0.014175716 -0.36089751 -0.049321659 0.4744578 -0.32311246 0.082391515
0.28209481 -0.20681304 -0.33901775 0.28465372 -0.26941645 0.3208704 0.14012566 -0.44164023 0.087538712 -0.20955646 0.49458379 -0.2722218 0.15350564 0.37468117 -0.16070001 -0.068089023 -0.098922074 0.43620339 -0.55297488 0.072704569 -0.3523483 -0.10006925 0.17967242 0.14173107 -0.13615456
0.28209481 -0.30012032 -0.327981 0.2027034 -0.27841061 0.45047781 0.11094961 -0.3042559 -0.11208552 -0.050392903 0.49445614 -0.35175568 0.18713002 0.23757827 0.19906345 -0.23493958 0.13088933 0.10148074 -0.51939142 0.042527147 -0.36089751 -0.028723137 -0.20910215 0.47311902 -0.1362114
0.28209481 -0.091623843 -0.24084751 0.41512644 -0.17406771 0.10099038 -0.085488752 -0.45756403 0.37512073 -0.23572062 0.22701456 -0.018418856 0.32836848 0.083451577 -0.48922268 0.30898929 -0.27387869 0.34858227 -0.10565402 -0.080343068 -0.2351658 0.36401585 0.22768733 -0.45693156 0.23156397
0.28209481 -0.19396487 -0.25493339 0.3689431 -0.32750034 0.22629716 -0.057810813 -0.43044278 0.22538278 -0.36375022 0.45209721 -0.065529622 0.31909448 0.12464475 -0.31112921 0.043394521 -0.30960035 0.56937128 -0.25685996 -0.15165482 -0.27219898 0.28846464 0.17676871 -0.067924619 -0.11840574
0.28209481 -0.29094729 -0.25493339 0.29848123 -0.39743003 0.33944574 -0.057810813 -0.34823552 0.010161377 -0.26877347 0.54863149 -0.098294437 0.31909448 0.10083972 -0.014027252 -0.24891391 -0.016938781 0.42070594 -0.31170613 -0.22748224 -0.27219898 0.23337279 0.0079696123 0.38962021 -0.33103681
0.28209481 -0.36649537 -0.24084751 0.21542057 -0.36131418 0.40396151 -0.085488752 -0.23744261 -0.20116462 -0.0090826368 0.4712165 -0.073675424 0.32836848 0.04330533 0.26235366 -0.38853067 0.30486357 0.013431351 -0.21930715 -0.32137227 -0.2351658 0.18889788 -0.12210105 0.57455689 -0.18891691
0.28209481 0.36649537 -0.30038831 0.11908156 0.19972956 -0.50382632 0.042231869 -0.16370308 -0.27490416 -0.1701462 -0.32487679 0.30505884 0.25469923 0.099119626 0.44715455 -0.23418614 -0.23029929 0.31381291 0.28467089 0.10928923 -0.35321218 0.035510223 -0.39181587 0.43192643 0.074828781
0.28209481 0.29094729 -0.38097942 0.094534509 0.12587342 -0.50727695 0.2598668 -0.16482428 -0.17324989 -0.085125506 -0.25967422 0.55517602 -0.011614757 0.18038763 0.35741091 -0.11716521 -0.091469415 0.19912545 0.35492238 -0.39013049 -0.24351518 -0.12676108 -0.48850876 0.27407268 0.029720215
0.28209481 0.19396487 -0.44400242 0.063023008 0.055943739 -0.39412838 0.46593145 -0.12806007 -0.076999947 -0.025222372 -0.13450244 0.56769109 -0.38280767 0.18445401 0.18512672 -0.034715615 -0.018068032 0.068760149 0.23160379 -0.67105705 0.22143799 -0.21803965 -0.31877527 0.094640225 0.0058706598
0.28209481 0.091623843 -0.47901067 0.029770391 0.012483098 -0.20085517 0.59399867 -0.065261796 -0.01718151 -0.0026585343 -0.032378808 0.32616502 -0.66058499 0.10597744 0.044565607 -0.0036591585 -0.00089960662 0.0078190323 0.06192207 -0.45852005 0.68737531 -0.1489822 -0.085228413 0.010761974 0.00029229993
0.28209481 0.10004011 -0.45800099 0.13769341 0.063040055 -0.20968622 0.51597548 -0.28860834 0.020482956 0.02371864 -0.15634225 0.31754205 -0.48738414 0.43705913 -0.050798677 -0.0077066533 0.0054159942 -0.066699378 0.28119493 -0.40455982 0.38736105 -0.55682886 0.09136577 0.021671942 -0.0074544763
0.28209481 0.20681304 -0.40621537 0.17592569 0.16650853 -0.384471 0.33860078 -0.32705057 -0.02705095 0.052389115 -0.36625719 0.47512397 -0.14146905 0.40416458 0.059502088 -0.086646169 -0.018892435 -0.13066612 0.55349576 -0.4328256 -0.10732576 -0.36818343 -0.089920841 0.21610823 -0.056610305
0.28209481 0.10340652 -0.40621537 0.25105491 0.11880808 -0.1922355 0.33860078 -0.46671784 0.11975593 0.093313023 -0.26133385 0.23756199 -0.14146905 0.57676345 -0.26341876 0.039304677 0.059677683 -0.23273633 0.39493334 -0.2164128 -0.10732576 -0.52541655 0.39808413 -0.09803161 0.0004742271
0.28209481 0.30012032 -0.327981 0.2027034 0.27841061 -0.45047781 0.11094961 -0.3042559 -0.11208552 0.050392903 -0.49445614 0.35175568 0.18713002 0.23757827 0.19906345 -0.23493958 -0.13088933 -0.10148074 0.51939142 -0.042527147 -0.36089751 -0.028723137 -0.20910215 0.47311902 -0.1362114
0.28209481 0.20681304 -0.33901775 0.28465372 0.26941645 -0.3208704 0.14012566 -0.44164023 0.087538712 0.20955646 -0.49458379 0.2722218 0.15350564 0.37468117 -0.16070001 -0.068089023 0.098922074 -0.43620339 0.55297488 -0.072704569 -0.3523483 -0.10006925 0.17967242 0.14173107 -0.13615456
0.28209481 0.10004011 -0.327981 0.3480702 0.1593567 -0.15015927 0.11094961 -0.52245009 0.25432473 0.17886274 -0.28301686 0.11725189 0.18713002 0.40795523 -0.45167974 0.16044991 0.16999176 -0.36019203 0.29728931 -0.014175716 -0.36089751 -0.049321659 0.4744578 -0.32311246 0.082391515
0.28209481 0.36649537 -0.24084751 0.21542057 0.36131418 -0.40396151 -0.085488752 -0.23744261 -0.20116462 0.0090826368 -0.4712165 0.073675424 0.32836848 0.04330533 0.26235366 -0.38853067 -0.30486357 -0.013431351 0.21930715 0.32137227 -0.2351658 0.18889788 -0.12210105 0.57455689 -0.18891691
0.28209481 0.29094729 -0.25493339 0.29848123 0.39743003 -0.33944574 -0.057810813 -0.34823552 0.010161377 0.26877347 -0.54863149 0.098294437 0.31909448 0.10083972 -0.014027252 -0.24891391 0.016938781 -0.42070594 0.31170613 0.22748224 -0.27219898 0.23337279 0.0079696123 0.38962021 -0.33103681
0.28209481 0.19396487 -0.25493339 0.3689431 0.32750034 -0.22629716 -0.057810813 -0.43044278 0.22538278 0.36375022 -0.45209721 0.065529622 0.31909448 0.12464475 -0.31112921 0.043394521 0.30960035 -0.56937128 0.25685996 0.15165482 -0.27219898 0.28846464 0.17676871 -0.067924619 -0.11840574
0.28209481 0.091623843 -0.24084751 0.41512644 0.17406771 -0.10099038 -0.085488752 -0.45756403 0.37512073 0.23572062 -0.22701456 0.018418856 0.32836848 0.083451577 -0.48922268 0.30898929 0.27387869 -0.34858227 0.10565402 0.080343068 -0.2351658 0.36401585 0.22768733 -0.45693156 0.23156397
0.28209481 0.22650661 -0.30038831 -0.31175959 -0.32316923 -0.31138176 0.042231869 0.42858025 0.10500404 0.27530232 0.52566171 0.18853673 0.25469923 -0.25949857 -0.17079784 0.089451149 -0.14233279 -0.50775993 -0.4606072 0.06754446 -0.35321218 -0.092966974 0.14966035 -0.16498122 -0.19590428
0.28209481 0.17981532 -0.38097942 -0.24749455 -0.20366746 -0.31351441 0.2598668 0.43151554 0.066175565 0.13773596 0.42016172 0.34311765 -0.011614757 -0.47226092 -0.13651882 0.044753127 -0.056531209 -0.32219175 -0.57427651 -0.2411139 -0.24351518 0.3318648 0.18659374 -0.10468645 -0.077808537
0.28209481 0.11987688 -0.44400242 -0.16499637 -0.090518869 -0.24358474 0.46593145 0.33526564 0.029411364 0.040810656 0.21762951 0.35085237 -0.38280767 -0.48290688 -0.070712112 0.013260186 -0.011166658 -0.11125626 -0.37474281 -0.41473606 0.22143799 0.57083523 0.12176131 -0.036149349 -0.015369587
0.28209481 0.056626651 -0.47901067 -0.077939898 -0.020198077 -0.12413532 0.59399867 0.17085761 0.0065627526 0.0043015988 0.052390013 0.20158106 -0.66058499 -0.27745253 -0.017022546 0.0013976742 -0.00055598747 -0.012651459 -0.10019201 -0.28338096 0.68737531 0.39004046 0.032554358 -0.0041107084 -0.00076525111
0.28209481 0.1618683 -0.45800099 -0.0525942 -0.038960896 -0.33927944 0.51597548 0.11023857 -0.053625077 -0.014658926 0.096624821 0.51379383 -0.48738414 -0.16694173 0.13299266 0.02017628 0.008763263 0.041222483 -0.17378801 -0.65459156 0.38736105 0.21268968 -0.23919868 -0.056737877 0.0028473567
0.28209481 0.23122402 -0.40621537 -0.14232686 -0.15060838 -0.42985165 0.33860078 0.26458946 -0.075986579 0.0085456576 0.33128273 0.53120476 -0.14146905 -0.32697603 0.16714238 0.10089178 0.048001517 -0.021314122 -0.50064164 -0.48391372 -0.10732576 0.29786667 -0.25258917 -0.25163886 -0.035461321
0.28209481 0.27072179 -0.40621537 -0.02076521 -0.025726981 -0.50327909 0.33860078 0.038603082 -0.16671821 -0.098594531 0.056589849 0.62194532 -0.14146905 -0.047705159 0.36671844 0.023049869 0.017990401 0.24590918 -0.085519798 -0.56657606 -0.10732576 0.04345816 -0.55419284 -0.057489745 0.056903396
0.28209481 0.28552467 -0.327981 -0.2227926 -0.29112113 -0.42856985 0.11094961 0.33440959 -0.072966553 0.097325303 0.51703 0.33464885 0.18713002 -0.26112381 0.12958832 0.21969031 0.089097708 -0.19599274 -0.54310364 -0.04045894 -0.36089751 0.031569783 -0.13612342 -0.4424102 -0.16657479
0.28209481 0.33463052 -0.33901775 -0.10872805 -0.16650853 -0.51917922 0.14012566 0.16869156 -0.22917932 -0.12951301 0.30566958 0.44046414 0.15350564 -0.14311548 0.4207181 0.17825937 0.16005927 0.26958853 -0.34175727 -0.11763847 -0.3523483 0.038223054 -0.4703885 -0.37105677 0.052006412
0.28209481 0.36194852 -0.327981 0.012415806 0.020566057 -0.54328132 0.11094961 -0.018636009 -0.29942057 -0.23901308 -0.036525238 0.42422131 0.18713002 0.01455193 0.53176969 -0.024673823 -0.025828643 0.4813222 0.038367193 -0.051288221 -0.36089751 -0.0017593238 -0.55858672 0.049687903 0.18713215
0.28209481 0.31813043 -0.24084751 -0.28198919 -0.41055089 -0.35065231 -0.085488752 0.31081641 -0.049629543 0.2210246 0.53542978 0.063952774 0.32836848 -0.056687411 0.064725555 0.31966656 0.08546263 -0.32684988 -0.2491924 0.27896205 -0.2351658 -0.24727054 -0.030123685 -0.47272107 -0.34832105
0.28209481 0.37378019 -0.25493339 -0.18447155 -0.31555495 -0.43608618 -0.057810813 0.21522139 -0.24182422 -0.071134359 0.43560719 0.12627892 0.31909448 -0.062322374 0.33382577 0.35935667 0.3200691 0.11134525 -0.24749112 0.29224658 -0.27219898 -0.14423232 -0.18966381 -0.56249416 -0.086186267
0.28209481 0.41082418 -0.25493339 -0.070461862 -0.13247667 -0.47930509 -0.057810813 0.082207255 -0.37483838 -0.31978676 0.18287717 0.13879398 0.31909448 -0.02380503 0.51744491 0.1787001 0.20828232 0.50055611 -0.10390204 0.32121009 -0.27219898 -0.055091843 -0.29398739 -0.27971587 0.25785804
0.28209481 0.42312202 -0.24084751 0.04114167 0.079666704 -0.46637699 -0.085488752 -0.045347504 -0.40579349 -0.37232134 -0.10389923 0.085058905 0.32836848 0.0082705822 0.52922529 -0.11142448 -0.13559724 0.55058664 0.048355363 0.37102702 -0.2351658 0.036076285 -0.2463048 0.16477388 0.33203131
0.28209481 4.1686588e-17 -0.45800099 -0.17019841 -3.2469913e-17 -8.7375981e-17 0.51597548 0.35673952 0.066284239 1.8325066e-17 8.052688e-17 1.3231936e-16 -0.48738414 -0.5402348 -0.16438797 -0.024939254 -9.0273512e-18 -5.1532065e-17 -1.4483448e-16 -1.6857955e-16 0.38736105 0.68827826 0.29566583 0.070131876 0.0092142401
0.28209481 -0.063908748 -0.40621537 -0.26388854 0.077180944 0.11880808 0.33860078 0.49057585 0.14999981 -0.066216283 -0.16976954 -0.14682138 -0.14146905 -0.60624689 -0.32994413 -0.076600149 0.048559003 0.16515309 0.2565594 0.13375047 -0.10732576 0.55227518 0.49861869 0.19105197 0.034694005
0.28209481 0.063908748 -0.40621537 -0.26388854 -0.077180944 -0.11880808 0.33860078 0.49057585 0.14999981 0.066216283 0.16976954 0.14682138 -0.14146905 -0.60624689 -0.32994413 -0.076600149 -0.048559003 -0.16515309 -0.2565594 -0.13375047 -0.10732576 0.55227518 0.49861869 0.19105197 0.034694005
0.28209481 -0.12365638 -0.327981 -0.34039682 0.19263327 0.18560706 0.11094961 0.51093239 0.23014788 -0.20786855 -0.34211594 -0.1449313 0.18713002 -0.39896166 -0.40874174 -0.12052682 0.18595473 0.41860366 0.35936874 0.017522149 -0.36089751 0.048234336 0.42935446 0.24271573 0.033262514
0.28209481 0 -0.33901775 -0.35185137 0 0 0.14012566 0.54589736 0.28328124 0 0 0 0.15350564 -0.4631314 -0.52003616 -0.2203407 0 0 0 0 -0.3523483 0.1236924 0.58143216 0.45865139 0.16829629
0.28209481 0.12365638 -0.327981 -0.34039682 -0.19263327 -0.18560706 0.11094961 0.51093239 0.23014788 0.20786855 0.34211594 0.1449313 0.18713002 -0.39896166 -0.40874174 -0.12052682 -0.18595473 -0.41860366 -0.35936874 -0.017522149 -0.36089751 0.048234336 0.42935446 0.24271573 0.033262514
0.28209481 -0.16987996 -0.24084751 -0.38969949 0.30297115 0.18724646 -0.085488752 0.42953771 0.2814669 -0.36670795 -0.39512706 -0.03415044 0.32836848 -0.078340076 -0.36708179 -0.12870069 0.35768241 0.54228556 0.18389463 -0.14896424 -0.2351658 -0.34171948 0.1708422 0.19032182 -0.026357329
0.28209481 -0.059938438 -0.25493339 -0.41249093 0.11314858 0.069929667 -0.057810813 0.48124966 0.38111845 -0.15367565 -0.15619574 -0.020249767 0.31909448 -0.13935708 -0.52611423 -0.33253738 0.18087479 0.24054556 0.088742934 -0.046863921 -0.27219898 -0.32251325 0.29891288 0.52051443 0.27777079
0.28209481 0.059938438 -0.25493339 -0.41249093 -0.11314858 -0.069929667 -0.057810813 0.48124966 0.38111845 0.15367565 0.15619574 0.020249767 0.31909448 -0.13935708 -0.52611423 -0.33253738 -0.18087479 -0.24054556 -0.088742934 0.046863921 -0.27219898 -0.32251325 0.29891288 0.52051443 0.27777079
0.28209481 0.16987996 -0.24084751 -0.38969949 -0.30297115 -0.18724646 -0.085488752 0.42953771 0.2814669 0.36670795 0.39512706 0.03415044 0.32836848 -0.078340076 -0.36708179 -0.12870069 -0.35768241 -0.54228556 -0.18389463 0.14896424 -0.2351658 -0.34171948 0.1708422 0.19032182 -0.026357329
0.28209481 -0.22650661 -0.14450851 -0.40809861 0.42303398 0.14979716 -0.23262656 0.26989064 0.26369363 -0.51368147 -0.33102593 0.11920941 0.28283837 0.21478046 -0.20634142 -0.026070083 0.46789011 0.4557775 -0.1420323 -0.21902648 0.06808427 -0.39462161 -0.088534288 0.023131372 -0.22948234
0.28209481 -0.17981532 -0.050986677 -0.45144129 0.37149867 0.041957799 -0.30508834 0.10533854 0.39235258 -0.52670854 -0.10256692 0.15904379 0.11470491 0.39929262 -0.10832447 -0.24388425 0.611368 0.16488937 -0.29720345 -0.075122878 0.28323761 -0.18860222 -0.31388685 0.076349474 0.033406839
0.28209481 -0.11987688 0.050986677 -0.47091645 0.25835007 -0.027971867 -0.30508834 -0.10988285 0.47455984 -0.39470959 0.071327768 0.10602919 -0.11470491 0.41651809 0.13102104 -0.42556521 0.51424319 -0.12356628 -0.20668322 0.05008192 0.28323761 0.19673853 -0.37965366 -0.13322581 0.33232641
0.28209481 -0.056626651 0.14450851 -0.46329594 0.12006286 -0.037449289 -0.23262656 -0.30639467 0.48381504 -0.18353042 0.093949705 0.029802352 -0.28283837 0.24383058 0.37858737 -0.48048401 0.24364471 -0.16284223 -0.040310718 0.054756619 0.06808427 0.44799611 -0.16243935 -0.42632216 0.46067402
0.28209481 -0.1618683 0.15778258 -0.43316939 0.32088459 -0.11688269 -0.21672316 -0.31278515 0.36939868 -0.43945572 0.27415821 0.072465666 -0.29869139 0.19392252 0.31560782 -0.23890625 0.49717945 -0.42573538 -0.075039878 0.16247909 0.02667593 0.4348039 -0.086385049 -0.23144731 0.070231847
0.28209481 -0.231224 0.054364022 -0.42698058 0.45182511 -0.057527278 -0.30367815 -0.10623045 0.29483336 -0.57718241 0.13300724 0.20290217 -0.12199351 0.37468117 0.086792365 -0.047341492 0.55874795 -0.19265941 -0.35738334 0.10263155 0.27863613 0.18952045 -0.23320645 -0.015802257 -0.24583167
0.28209481 -0.27072179 0.16309206 -0.37261656 0.46165195 -0.20206232 -0.20997094 -0.27811494 0.14999981 -0.47004226 0.40770012 0.11216157 -0.30429789 0.15437716 0.1324698 0.15272598 0.29045197 -0.47069034 -0.087986872 0.27470642 0.0097275227 0.37810096 -0.028588668 0.15293656 -0.39977285
0.28209481 -0.28552467 -0.052594196 -0.39299101 0.51351786 0.068724371 -0.3044284 0.094590977 0.16685207 -0.55143994 -0.14624691 0.25161061 0.11818126 0.34631228 -0.047518503 0.17917369 0.35938182 0.17807443 -0.40864933 -0.12284132 0.28108218 -0.16907656 -0.13277821 -0.057859894 -0.49464664
0.28209481 -0.33463052 0.054364022 -0.35185134 0.5388329 -0.083254255 -0.30367815 -0.087538704 0.02705095 -0.43912375 0.15862039 0.29364276 -0.12199351 0.30875427 0.0079631964 0.37755939 0.061137199 -0.1465764 -0.4262045 0.14852977 0.27863613 0.15617344 -0.021396684 0.12602666 -0.60736704
0.28209481 -0.36194852 0.15778258 -0.28780261 0.4767282 -0.26135764 -0.21672316 -0.20781797 -0.11023857 -0.21510158 0.40730828 0.16203815 -0.29869139 0.12884429 -0.094185919 0.45158482 -0.22043134 -0.20838585 -0.11148439 0.3633143 0.02667593 0.2888886 0.025779638 0.43748578 -0.45114291
0.28209481 -0.31813043 -0.14450851 -0.34152997 0.49723691 0.21039139 -0.23262656 0.22586636 0.035320513 -0.40025342 -0.38909003 0.16743062 0.28283837 0.17974569 -0.027638454 0.32302552 0.07366468 0.35513544 -0.1669457 -0.30762455 0.06808427 -0.33025134 -0.011858748 -0.28661296 -0.51590389
0.28209481 -0.37378019 -0.050986677 -0.31051755 0.53116781 0.087217234 -0.30508834 0.072455637 -0.099058472 -0.28276458 -0.1466499 0.33060262 0.11470491 0.27464783 0.027349014 0.50689799 -0.2206949 0.088521205 -0.42494071 -0.15615712 0.28323761 -0.12972739 0.079247989 -0.15868756 -0.57112223
0.28209481 -0.41082418 0.050986677 -0.25953087 0.48794886 -0.09586101 -0.30508834 -0.060558494 -0.23207261 -0.069185823 0.13471761 0.36336744 -0.11470491 0.22955093 -0.064072832 0.57629395 -0.47497106 -0.021659048 -0.39036506 0.17163329 0.28323761 0.10842628 0.18566091 0.18041238 -0.38637981
0.28209481 -0.42312202 0.14450851 -0.19702147 0.38151225 -0.27982619 -0.23262656 -0.13029756 -0.32084343 0.13394217 0.29853499 0.22268721 -0.28283837 0.10369151 -0.25106138 0.49659619 -0.51341736 0.11884375 -0.12809151 0.4091489 0.06808427 0.19051506 0.10772215 0.44061813 -0.089363791
0.28209481 -0.45811921 -0.14450851 0.089311175 -0.18724646 0.30297112 -0.23262656 -0.059064772 -0.46198577 0.43090063 0.14652117 0.24110609 0.28283837 -0.04700407 0.36150587 -0.28084326 0.36283666 -0.382328 0.062867396 -0.44299036 0.06808427 0.086361773 0.15511024 0.24918561 0.37407601
0.28209481 -0.48491216 -0.050986677 0.0315115 -0.069929674 0.11314858 -0.30508834 -0.0073528402 -0.53578132 0.56946772 0.019306855 0.42889708 0.11470491 -0.027871421 0.14792365 -0.112285 0.15715131 -0.17827539 0.055944592 -0.20258562 0.28323761 0.013164812 0.4286316 0.035151515 0.5917688
0.28209481 -0.48491216 0.050986677 -0.0315115 0.069929674 -0.11314858 -0.30508834 -0.0073528402 -0.53578132 0.56946772 0.019306855 0.42889708 -0.11470491 0.027871421 -0.14792365 0.112285 -0.15715131 0.17827539 -0.055944592 0.20258562 0.28323761 0.013164812 0.4286316 0.035151515 0.5917688
0.28209481 -0.45811921 0.14450851 -0.089311175 0.18724646 -0.30297112 -0.23262656 -0.059064772 -0.46198577 0.43090063 0.14652117 0.24110609 -0.28283837 0.04700407 -0.36150587 0.28084326 -0.36283666 0.382328 -0.062867396 0.44299036 0.06808427 0.086361773 0.15511024 0.24918561 0.37407601
0.28209481 -0.46198863 0.15778258 0.020089196 -0.042473998 -0.3335951 -0.21672316 0.014506109 -0.48746103 0.49595273 -0.036289047 0.20682439 -0.29869139 -0.0089935893 -0.41647825 -0.06502638 0.08684244 0.48046848 0.0099326791 0.46373188 0.02667593 -0.020165 0.1139943 -0.062996179 0.49454859
0.28209481 -0.47753483 0.054364022 0.087962836 -0.1922355 -0.11880807 -0.30367815 0.021884676 -0.50410134 0.49477702 -0.056589846 0.41904318 -0.12199351 -0.077188566 -0.14839619 -0.30095926 0.4064624 0.16515307 0.15205389 0.21195956 0.27863613 -0.039043359 0.39873263 -0.10045807 0.45543468
0.28209481 -0.43803704 0.16309206 0.14232686 -0.28531659 -0.3269437 -0.20997094 0.10623045 -0.39270461 0.29050207 -0.25197253 0.18148123 -0.30429789 -0.058966827 -0.34681043 -0.39984182 0.46996117 0.29090261 0.054378875 0.44448432 0.0097275227 -0.14442171 0.074846104 -0.40039313 0.15269963
0.28209481 -0.46198863 -0.052594196 0.1501092 -0.31737149 0.11119837 -0.3044284 -0.03613054 -0.43682438 0.34080863 0.090385564 0.40711454 0.11818126 -0.13227953 0.12440505 -0.46908283 0.58149201 -0.11005606 0.25255919 -0.19876143 0.28108218 0.064581506 0.34761786 0.15147917 0.1889382
0.28209481 -0.43803704 0.054364022 0.2095245 -0.42002481 -0.10898124 -0.30367815 0.052128553 -0.33860269 0.13333474 -0.12364594 0.38438338 -0.12199351 -0.18386054 -0.099677086 -0.56356245 0.59653276 0.044506196 0.33223003 0.194428 0.27863613 -0.092999958 0.267827 -0.18811315 -0.1295418
0.28209481 -0.38556477 0.15778258 0.2552976 -0.45047781 -0.27841058 -0.21672316 0.18434659 -0.19102892 -0.091414057 -0.38488039 0.17261074 -0.29869139 -0.11429236 -0.16321179 -0.49177331 0.36094537 -0.08856 0.10534566 0.38701966 0.02667593 -0.25626093 0.044672716 -0.47641957 -0.3490535
0.28209481 -0.42312202 -0.14450851 0.19702147 -0.38151225 0.27982619 -0.23262656 -0.13029756 -0.32084343 0.13394217 0.29853499 0.22268721 0.28283837 -0.10369151 0.25106138 -0.49659619 0.51341736 -0.11884375 0.12809151 -0.4091489 0.06808427 0.19051506 0.10772215 0.44061813 -0.089363791
0.28209481 -0.41082418 -0.050986677 0.25953087 -0.48794886 0.09586101 -0.30508834 -0.060558494 -0.23207261 -0.069185823 0.13471761 0.36336744 0.11470491 -0.22955093 0.064072832 -0.57629395 0.47497106 0.021659048 0.39036506 -0.17163329 0.28323761 0.10842628 0.18566091 0.18041238 -0.38637981
0.28209481 -0.37378019 0.050986677 0.31051755 -0.53116781 -0.087217234 -0.30508834 0.072455637 -0.099058472 -0.28276458 -0.1466499 0.33060262 -0.11470491 -0.27464783 -0.027349014 -0.50689799 0.2206949 -0.088521205 0.42494071 0.15615712 0.28323761 -0.12972739 0.079247989 -0.15868756 -0.57112223
0.28209481 -0.31813043 0.14450851 0.34152997 -0.49723691 -0.21039139 -0.23262656 0.22586636 0.035320513 -0.40025342 -0.38909003 0.16743062 -0.28283837 -0.17974569 0.027638454 -0.32302552 -0.07366468 -0.35513544 0.1669457 0.30762455 0.06808427 -0.33025134 -0.011858748 -0.28661296 -0.51590389
0.28209481 -0.056626651 -0.14450851 0.46329594 -0.12006286 0.037449289 -0.23262656 -0.30639467 0.48381504 -0.18353042 0.093949705 0.029802352 0.28283837 -0.24383058 -0.37858737 0.48048401 -0.24364471 0.16284223 0.040310718 -0.054756619 0.06808427 0.44799611 -0.16243935 -0.42632216 0.46067402
0.28209481 -0.11987688 -0.050986677 0.47091645 -0.25835007 0.027971867 -0.30508834 -0.10988285 0.47455984 -0.39470959 0.071327768 0.10602919 0.11470491 -0.41651809 -0.13102104 0.42556521 -0.51424319 0.12356628 0.20668322 -0.05008192 0.28323761 0.19673853 -0.37965366 -0.13322581 0.33232641
0.28209481 -0.17981532 0.050986677 0.45144129 -0.37149867 -0.041957799 -0.30508834 0.10533854 0.39235258 -0.52670854 -0.10256692 0.15904379 -0.11470491 -0.39929262 0.10832447 0.24388425 -0.611368 -0.16488937 0.29720345 0.075122878 0.28323761 -0.18860222 -0.31388685 0.076349474 0.033406839
0.28209481 -0.22650661 0.14450851 0.40809861 -0.42303398 -0.14979716 -0.23262656 0.26989064 0.26369363 -0.51368147 -0.33102593 0.11920941 -0.28283837 -0.21478046 0.20634142 0.026070083 -0.46789011 -0.4557775 0.1420323 0.21902648 0.06808427 -0.39462161 -0.088534288 0.023131372 -0.22948234
0.28209481 -0.12365638 0.15778258 0.44558519 -0.25216022 -0.089290425 -0.21672316 0.32175043 0.41932985 -0.36301261 -0.21544132 0.055358842 -0.29869139 -0.19948086 0.35826814 0.34412113 -0.44350785 -0.35167894 0.058968462 0.12412298 0.02667593 -0.44726658 -0.098061606 0.33337727 0.23541598
0.28209481 -0.063908741 0.054364022 0.48134461 -0.14078154 -0.015900148 -0.30367815 0.11975592 0.52081972 -0.22338362 -0.041442946 0.056080777 -0.12199351 -0.42238635 0.15331772 0.53430378 -0.30754033 -0.074563868 0.11135498 0.028366663 0.27863613 -0.21365058 -0.41195652 0.17834683 0.52730578
0.28209481 -5.6404711e-17 0.16309206 0.4605794 -1.1889105e-16 -4.2099556e-17 -0.20997094 0.34376895 0.48540959 -1.8157776e-16 -1.0499663e-16 2.336879e-17 -0.30429789 -0.19082066 0.42868128 0.49423167 -2.4206193e-16 -1.8182813e-16 2.2659609e-17 5.7234903e-17 0.0097275227 -0.46735847 -0.092514873 0.4949131 0.49414641
0.28209481 -5.9488884e-17 -0.052594196 0.48576358 -1.322483e-16 1.4318678e-17 -0.3044284 -0.11692088 0.53994465 -2.1302177e-16 3.7663548e-17 5.2422909e-17 0.11818126 -0.42806554 -0.1537731 0.57981825 -2.9950789e-16 6.8790325e-17 1.0524108e-16 -2.5593909e-17 0.28108218 0.20899013 -0.42967933 -0.18723854 0.61141688
0.28209481 0.063908741 0.054364022 0.48134461 0.14078154 0.015900148 -0.30367815 0.11975592 0.52081972 0.22338362 0.041442946 -0.056080777 -0.12199351 -0.42238635 0.15331772 0.53430378 0.30754033 0.074563868 -0.11135498 -0.028366663 0.27863613 -0.21365058 -0.41195652 0.17834683 0.52730578
0.28209481 0.12365638 0.15778258 0.44558519 0.25216022 0.089290425 -0.21672316 0.32175043 0.41932985 0.36301261 0.21544132 -0.055358842 -0.29869139 -0.19948086 0.35826814 0.34412113 0.44350785 0.35167894 -0.058968462 -0.12412298 0.02667593 -0.44726658 -0.098061606 0.33337727 0.23541598
0.28209481 0.056626651 -0.14450851 0.46329594 0.12006286 -0.037449289 -0.23262656 -0.30639467 0.48381504 0.18353042 -0.093949705 -0.029802352 0.28283837 -0.24383058 -0.37858737 0.48048401 0.24364471 -0.16284223 -0.040310718 0.054756619 0.06808427 0.44799611 -0.16243935 -0.42632216 0.46067402
0.28209481 0.11987688 -0.050986677 0.47091645 0.25835007 -0.027971867 -0.30508834 -0.10988285 0.47455984 0.39470959 -0.071327768 -0.10602919 0.11470491 -0.41651809 -0.13102104 0.42556521 0.51424319 -0.12356628 -0.20668322 0.05008192 0.28323761 0.19673853 -0.37965366 -0.13322581 0.33232641
0.28209481 0.17981532 0.050986677 0.45144129 0.37149867 0.041957799 -0.30508834 0.10533854 0.39235258 0.52670854 0.10256692 -0.15904379 -0.11470491 -0.39929262 0.10832447 0.24388425 0.611368 0.16488937 -0.29720345 -0.075122878 0.28323761 -0.18860222 -0.31388685 0.076349474 0.033406839
0.28209481 0.22650661 0.14450851 0.40809861 0.42303398 0.14979716 -0.23262656 0.26989064 0.26369363 0.51368147 0.33102593 -0.11920941 -0.28283837 -0.21478046 0.20634142 0.026070083 0.46789011 0.4557775 -0.1420323 -0.21902648 0.06808427 -0.39462161 -0.088534288 0.023131372 -0.22948234
0.28209481 0.42312202 -0.14450851 0.19702147 0.38151225 -0.27982619 -0.23262656 -0.13029756 -0.32084343 -0.13394217 -0.29853499 -0.22268721 0.28283837 -0.10369151 0.25106138 -0.49659619 -0.51341736 0.11884375 -0.12809151 0.4091489 0.06808427 0.19051506 0.10772215 0.44061813 -0.089363791
0.28209481 0.41082418 -0.050986677 0.25953087 0.48794886 -0.09586101 -0.30508834 -0.060558494 -0.23207261 0.069185823 -0.13471761 -0.36336744 0.11470491 -0.22955093 0.064072832 -0.57629395 -0.47497106 -0.021659048 -0.39036506 0.17163329 0.28323761 0.10842628 0.18566091 0.18041238 -0.38637981
0.28209481 0.37378019 0.050986677 0.31051755 0.53116781 0.087217234 -0.30508834 0.072455637 -0.099058472 0.28276458 0.1466499 -0.33060262 -0.11470491 -0.27464783 -0.027349014 -0.50689799 -0.2206949 0.088521205 -0.42494071 -0.15615712 0.28323761 -0.12972739 0.079247989 -0.15868756 -0.57112223
0.28209481 0.31813043 0.14450851 0.34152997 0.49723691 0.21039139 -0.23262656 0.22586636 0.035320513 0.40025342 0.38909003 -0.16743062 -0.28283837 -0.17974569 0.027638454 -0.32302552 0.07366468 0.35513544 -0.1669457 -0.30762455 0.06808427 -0.33025134 -0.011858748 -0.28661296 -0.51590389
0.28209481 0.38556477 0.15778258 0.2552976 0.45047781 0.27841058 -0.21672316 0.18434659 -0.19102892 0.091414057 0.38488039 -0.17261074 -0.29869139 -0.11429236 -0.16321179 -0.49177331 -0.36094537 0.08856 -0.10534566 -0.38701966 0.02667593 -0.25626093 0.044672716 -0.47641957 -0.3490535
0.28209481 0.43803704 0.054364022 0.2095245 0.42002481 0.10898124 -0.30367815 0.052128553 -0.33860269 -0.13333474 0.12364594 -0.38438338 -0.12199351 -0.18386054 -0.099677086 -0.56356245 -0.59653276 -0.044506196 -0.33223003 -0.194428 0.27863613 -0.092999958 0.267827 -0.18811315 -0.1295418
0.28209481 0.43803704 0.16309206 0.14232686 0.28531659 0.3269437 -0.20997094 0.10623045 -0.39270461 -0.29050207 0.25197253 -0.18148123 -0.30429789 -0.058966827 -0.34681043 -0.39984182 -0.46996117 -0.29090261 -0.054378875 -0.44448432 0.0097275227 -0.14442171 0.074846104 -0.40039313 0.15269963
0.28209481 0.46198863 -0.052594196 0.1501092 0.31737149 -0.11119837 -0.3044284 -0.03613054 -0.43682438 -0.34080863 -0.090385564 -0.40711454 0.11818126 -0.13227953 0.12440505 -0.46908283 -0.58149201 0.11005606 -0.25255919 0.19876143 0.28108218 0.064581506 0.34761786 0.15147917 0.1889382
0.28209481 0.47753483 0.054364022 0.087962836 0.1922355 0.11880807 -0.30367815 0.021884676 -0.50410134 -0.49477702 0.056589846 -0.41904318 -0.12199351 -0.077188566 -0.14839619 -0.30095926 -0.4064624 -0.16515307 -0.15205389 -0.21195956 0.27863613 -0.039043359 0.39873263 -0.10045807 0.45543468
0.28209481 0.46198863 0.15778258 0.020089196 0.042473998 0.3335951 -0.21672316 0.014506109 -0.48746103 -0.49595273 0.036289047 -0.20682439 -0.29869139 -0.0089935893 -0.41647825 -0.06502638 -0.08684244 -0.48046848 -0.0099326791 -0.46373188 0.02667593 -0.020165 0.1139943 -0.062996179 0.49454859
0.28209481 0.45811921 -0.14450851 0.089311175 0.18724646 -0.30297112 -0.23262656 -0.059064772 -0.46198577 -0.43090063 -0.14652117 -0.24110609 0.28283837 -0.04700407 0.36150587 -0.28084326 -0.36283666 0.382328 -0.062867396 0.44299036 0.06808427 0.086361773 0.15511024 0.24918561 0.37407601
0.28209481 0.48491216 -0.050986677 0.0315115 0.069929674 -0.11314858 -0.30508834 -0.0073528402 -0.53578132 -0.56946772 -0.019306855 -0.42889708 0.11470491 -0.027871421 0.14792365 -0.112285 -0.15715131 0.17827539 -0.055944592 0.20258562 0.28323761 0.013164812 0.4286316 0.035151515 0.5917688
0.28209481 0.48491216 0.050986677 -0.0315115 -0.069929674 0.11314858 -0.30508834 -0.0073528402 -0.53578132 -0.56946772 -0.019306855 -0.42889708 -0.11470491 0.027871421 -0.14792365 0.112285 0.15715131 -0.17827539 0.055944592 -0.20258562 0.28323761 0.013164812 0.4286316 0.035151515 0.5917688
0.28209481 0.45811921 0.14450851 -0.089311175 -0.18724646 0.30297112 -0.23262656 -0.059064772 -0.46198577 -0.43090063 -0.14652117 -0.24110609 -0.28283837 0.04700407 -0.36150587 0.28084326 0.36283666 -0.382328 0.062867396 -0.44299036 0.06808427 0.086361773 0.15511024 0.24918561 0.37407601
0.28209481 0.31813043 -0.14450851 -0.34152997 -0.49723691 -0.21039139 -0.23262656 0.22586636 0.035320513 0.40025342 0.38909003 -0.16743062 0.28283837 0.17974569 -0.027638454 0.32302552 -0.07366468 -0.35513544 0.1669457 0.30762455 0.06808427 -0.33025134 -0.011858748 -0.28661296 -0.51590389
0.28209481 0.37378019 -0.050986677 -0.31051755 -0.53116781 -0.087217234 -0.30508834 0.072455637 -0.099058472 0.28276458 0.1466499 -0.33060262 0.11470491 0.27464783 0.027349014 0.50689799 0.2206949 -0.088521205 0.42494071 0.15615712 0.28323761 -0.12972739 0.079247989 -0.15868756 -0.57112223
0.28209481 0.41082418 0.050986677 -0.25953087 -0.48794886 0.09586101 -0.30508834 -0.060558494 -0.23207261 0.069185823 -0.13471761 -0.36336744 -0.11470491 0.22955093 -0.064072832 0.57629395 0.47497106 0.021659048 0.39036506 -0.17163329 0.28323761 0.10842628 0.18566091 0.18041238 -0.38637981
0.28209481 0.42312202 0.14450851 -0.19702147 -0.38151225 0.27982619 -0.23262656 -0.13029756 -0.32084343 -0.13394217 -0.29853499 -0.22268721 -0.28283837 0.10369151 -0.25106138 0.49659619 0.51341736 -0.11884375 0.12809151 -0.4091489 0.06808427 0.19051506 0.10772215 0.44061813 -0.089363791
0.28209481 0.36194852 0.15778258 -0.28780261 -0.4767282 0.26135764 -0.21672316 -0.20781797 -0.11023857 0.21510158 -0.40730828 -0.16203815 -0.29869139 0.12884429 -0.094185919 0.45158482 0.22043134 0.20838585 0.11148439 -0.3633143 0.02667593 0.2888886 0.025779638 0.43748578 -0.45114291
0.28209481 0.33463052 0.054364022 -0.35185134 -0.5388329 0.083254255 -0.30367815 -0.087538704 0.02705095 0.43912375 -0.15862039 -0.29364276 -0.12199351 0.30875427 0.0079631964 0.37755939 -0.061137199 0.1465764 0.4262045 -0.14852977 0.27863613 0.15617344 -0.021396684 0.12602666 -0.60736704
0.28209481 0.27072179 0.16309206 -0.37261656 -0.46165195 0.20206232 -0.20997094 -0.27811494 0.14999981 0.47004226 -0.40770012 -0.11216157 -0.30429789 0.15437716 0.1324698 0.15272598 -0.29045197 0.47069034 0.087986872 -0.27470642 0.0097275227 0.37810096 -0.028588668 0.15293656 -0.39977285
0.28209481 0.28552467 -0.052594196 -0.39299101 -0.51351786 -0.068724371 -0.3044284 0.094590977 0.16685207 0.55143994 0.14624691 -0.25161061 0.11818126 0.34631228 -0.047518503 0.17917369 -0.35938182 -0.17807443 0.40864933 0.12284132 0.28108218 -0.16907656 -0.13277821 -0.057859894 -0.49464664
0.28209481 0.231224 0.054364022 -0.42698058 -0.45182511 0.057527278 -0.30367815 -0.10623045 0.29483336 0.57718241 -0.13300724 -0.20290217 -0.12199351 0.37468117 0.086792365 -0.047341492 -0.55874795 0.19265941 0.35738334 -0.10263155 0.27863613 0.18952045 -0.23320645 -0.015802257 -0.24583167
0.28209481 0.1618683 0.15778258 -0.43316939 -0.32088459 0.11688269 -0.21672316 -0.31278515 0.36939868 0.43945572 -0.27415821 -0.072465666 -0.29869139 0.19392252 0.31560782 -0.23890625 -0.49717945 0.42573538 0.075039878 -0.16247909 0.02667593 0.4348039 -0.086385049 -0.23144731 0.070231847
0.28209481 0.22650661 -0.14450851 -0.40809861 -0.42303398 -0.14979716 -0.23262656 0.26989064 0.26369363 0.51368147 0.33102593 -0.11920941 0.28283837 0.21478046 -0.20634142 -0.026070083 -0.46789011 -0.4557775 0.1420323 0.21902648 0.06808427 -0.39462161 -0.088534288 0.023131372 -0.22948234
0.28209481 0.17981532 -0.050986677 -0.45144129 -0.37149867 -0.041957799 -0.30508834 0.10533854 0.39235258 0.52670854 0.10256692 -0.15904379 0.11470491 0.39929262 -0.10832447 -0.24388425 -0.611368 -0.16488937 0.29720345 0.075122878 0.28323761 -0.18860222 -0.31388685 0.076349474 0.033406839
0.28209481 0.11987688 0.050986677 -0.47091645 -0.25835007 0.027971867 -0.30508834 -0.10988285 0.47455984 0.39470959 -0.071327768 -0.10602919 -0.11470491 0.41651809 0.13102104 -0.42556521 -0.51424319 0.12356628 0.20668322 -0.05008192 0.28323761 0.19673853 -0.37965366 -0.13322581 0.33232641
0.28209481 0.056626651 0.14450851 -0.46329594 -0.12006286 0.037449289 -0.23262656 -0.30639467 0.48381504 0.18353042 -0.093949705 -0.029802352 -0.28283837 0.24383058 0.37858737 -0.48048401 -0.24364471 0.16284223 0.040310718 -0.054756619 0.06808427 0.44799611 -0.16243935 -0.42632216 0.46067402
0.28209481 -0.38556477 -0.15778258 -0.2552976 0.45047781 0.27841058 -0.21672316 0.18434659 -0.19102892 -0.091414057 -0.38488039 0.17261074 0.29869139 0.11429236 0.16321179 0.49177331 -0.36094537 0.08856 -0.10534566 -0.38701966 0.02667593 -0.25626093 0.044672716 -0.47641957 -0.3490535
0.28209481 -0.43803704 -0.16309206 -0.14232686 0.28531659 0.3269437 -0.20997094 0.10623045 -0.39270461 0.29050207 -0.25197253 0.18148123 0.30429789 0.058966827 0.34681043 0.39984182 -0.46996117 -0.29090261 -0.054378875 -0.44448432 0.0097275227 -0.14442171 0.074846104 -0.40039313 0.15269963
0.28209481 -0.43803704 -0.054364022 -0.2095245 0.42002481 0.10898124 -0.30367815 0.052128553 -0.33860269 0.13333474 -0.12364594 0.38438338 0.12199351 0.18386054 0.099677086 0.56356245 -0.59653276 -0.044506196 -0.33223003 -0.194428 0.27863613 -0.092999958 0.267827 -0.18811315 -0.1295418
0.28209481 -0.46198863 -0.15778258 -0.020089196 0.042473998 0.3335951 -0.21672316 0.014506109 -0.48746103 0.49595273 -0.036289047 0.20682439 0.29869139 0.0089935893 0.41647825 0.06502638 -0.08684244 -0.48046848 -0.0099326791 -0.46373188 0.02667593 -0.020165 0.1139943 -0.062996179 0.49454859
0.28209481 -0.47753483 -0.054364022 -0.087962836 0.1922355 0.11880807 -0.30367815 0.021884676 -0.50410134 0.49477702 -0.056589846 0.41904318 0.12199351 0.077188566 0.14839619 0.30095926 -0.4064624 -0.16515307 -0.15205389 -0.21195956 0.27863613 -0.039043359 0.39873263 -0.10045807 0.45543468
0.28209481 -0.46198863 0.052594196 -0.1501092 0.31737149 -0.11119837 -0.3044284 -0.03613054 -0.43682438 0.34080863 0.090385564 0.40711454 -0.11818126 0.13227953 -0.12440505 0.46908283 -0.58149201 0.11005606 -0.25255919 0.19876143 0.28108218 0.064581506 0.34761786 0.15147917 0.1889382
0.28209481 -0.36194852 -0.15778258 0.28780261 -0.4767282 0.26135764 -0.21672316 -0.20781797 -0.11023857 -0.21510158 0.40730828 0.16203815 0.29869139 -0.12884429 0.094185919 -0.45158482 0.22043134 0.20838585 0.11148439 -0.3633143 0.02667593 0.2888886 0.025779638 0.43748578 -0.45114291
0.28209481 -0.27072179 -0.16309206 0.37261656 -0.46165195 0.20206232 -0.20997094 -0.27811494 0.14999981 -0.47004226 0.40770012 0.11216157 0.30429789 -0.15437716 -0.1324698 -0.15272598 -0.29045197 0.47069034 0.087986872 -0.27470642 0.0097275227 0.37810096 -0.028588668 0.15293656 -0.39977285
0.28209481 -0.33463052 -0.054364022 0.35185134 -0.5388329 0.083254255 -0.30367815 -0.087538704 0.02705095 -0.43912375 0.15862039 0.29364276 0.12199351 -0.30875427 -0.0079631964 -0.37755939 -0.061137199 0.1465764 0.4262045 -0.14852977 0.27863613 0.15617344 -0.021396684 0.12602666 -0.60736704
0.28209481 -0.1618683 -0.15778258 0.43316939 -0.32088459 0.11688269 -0.21672316 -0.31278515 0.36939868 -0.43945572 0.27415821 0.072465666 0.29869139 -0.19392252 -0.31560782 0.23890625 -0.49717945 0.42573538 0.075039878 -0.16247909 0.02667593 0.4348039 -0.086385049 -0.23144731 0.070231847
0.28209481 -0.231224 -0.054364022 0.42698058 -0.45182511 0.057527278 -0.30367815 -0.10623045 0.29483336 -0.57718241 0.13300724 0.20290217 0.12199351 -0.37468117 -0.086792365 0.047341492 -0.55874795 0.19265941 0.35738334 -0.10263155 0.27863613 0.18952045 -0.23320645 -0.015802257 -0.24583167
0.28209481 -0.28552467 0.052594196 0.39299101 -0.51351786 -0.068724371 -0.3044284 0.094590977 0.16685207 -0.55143994 -0.14624691 0.25161061 -0.11818126 -0.34631228 0.047518503 -0.17917369 -0.35938182 -0.17807443 0.40864933 0.12284132 0.28108218 -0.16907656 -0.13277821 -0.057859894 -0.49464664
0.28209481 0.1618683 -0.15778258 0.43316939 0.32088459 -0.11688269 -0.21672316 -0.31278515 0.36939868 0.43945572 -0.27415821 -0.072465666 0.29869139 -0.19392252 -0.31560782 0.23890625 0.49717945 -0.42573538 -0.075039878 0.16247909 0.02667593 0.4348039 -0.086385049 -0.23144731 0.070231847
0.28209481 0.27072179 -0.16309206 0.37261656 0.46165195 -0.20206232 -0.20997094 -0.27811494 0.14999981 0.47004226 -0.40770012 -0.11216157 0.30429789 -0.15437716 -0.1324698 -0.15272598 0.29045197 -0.47069034 -0.087986872 0.27470642 0.0097275227 0.37810096 -0.028588668 0.15293656 -0.39977285
0.28209481 0.231224 -0.054364022 0.42698058 0.45182511 -0.057527278 -0.30367815 -0.10623045 0.29483336 0.57718241 -0.13300724 -0.20290217 0.12199351 -0.37468117 -0.086792365 0.047341492 0.55874795 -0.19265941 -0.35738334 0.10263155 0.27863613 0.18952045 -0.23320645 -0.015802257 -0.24583167
0.28209481 0.36194852 -0.15778258 0.28780261 0.4767282 -0.26135764 -0.21672316 -0.20781797 -0.11023857 0.21510158 -0.40730828 -0.16203815 0.29869139 -0.12884429 0.094185919 -0.45158482 -0.22043134 -0.20838585 -0.11148439 0.3633143 0.02667593 0.2888886 0.025779638 0.43748578 -0.45114291
0.28209481 0.33463052 -0.054364022 0.35185134 0.5388329 -0.083254255 -0.30367815 -0.087538704 0.02705095 0.43912375 -0.15862039 -0.29364276 0.12199351 -0.30875427 -0.0079631964 -0.37755939 0.061137199 -0.1465764 -0.4262045 0.14852977 0.27863613 0.15617344 -0.021396684 0.12602666 -0.60736704
0.28209481 0.28552467 0.052594196 0.39299101 0.51351786 0.068724371 -0.3044284 0.094590977 0.16685207 0.55143994 0.14624691 -0.25161061 -0.11818126 -0.34631228 0.047518503 -0.17917369 0.35938182 0.17807443 -0.40864933 -0.12284132 0.28108218 -0.16907656 -0.13277821 -0.057859894 -0.49464664
0.28209481 0.46198863 -0.15778258 -0.020089196 -0.042473998 -0.3335951 -0.21672316 0.014506109 -0.48746103 -0.49595273 0.036289047 -0.20682439 0.29869139 0.0089935893 0.41647825 0.06502638 0.08684244 0.48046848 0.0099326791 0.46373188 0.02667593 -0.020165 0.1139943 -0.062996179 0.49454859
0.28209481 0.43803704 -0.16309206 -0.14232686 -0.28531659 -0.3269437 -0.20997094 0.10623045 -0.39270461 -0.29050207 0.25197253 -0.18148123 0.30429789 0.058966827 0.34681043 0.39984182 0.46996117 0.29090261 0.054378875 0.44448432 0.0097275227 -0.14442171 0.074846104 -0.40039313 0.15269963
0.28209481 0.47753483 -0.054364022 -0.087962836 -0.1922355 -0.11880807 -0.30367815 0.021884676 -0.50410134 -0.49477702 0.056589846 -0.41904318 0.12199351 0.077188566 0.14839619 0.30095926 0.4064624 0.16515307 0.15205389 0.21195956 0.27863613 -0.039043359 0.39873263 -0.10045807 0.45543468
0.28209481 0.38556477 -0.15778258 -0.2552976 -0.45047781 -0.27841058 -0.21672316 0.18434659 -0.19102892 0.091414057 0.38488039 -0.17261074 0.29869139 0.11429236 0.16321179 0.49177331 0.36094537 -0.08856 0.10534566 0.38701966 0.02667593 -0.25626093 0.044672716 -0.47641957 -0.3490535
0.28209481 0.43803704 -0.054364022 -0.2095245 -0.42002481 -0.10898124 -0.30367815 0.052128553 -0.33860269 -0.13333474 0.12364594 -0.38438338 0.12199351 0.18386054 0.099677086 0.56356245 0.59653276 0.044506196 0.33223003 0.194428 0.27863613 -0.092999958 0.267827 -0.18811315 -0.1295418
0.28209481 0.46198863 0.052594196 -0.1501092 -0.31737149 0.11119837 -0.3044284 -0.03613054 -0.43682438 -0.34080863 -0.090385564 -0.40711454 -0.11818126 0.13227953 -0.12440505 0.46908283 0.58149201 -0.11005606 0.25255919 -0.19876143 0.28108218 0.064581506 0.34761786 0.15147917 0.1889382
0.28209481 0.12365638 -0.15778258 -0.44558519 -0.25216022 -0.089290425 -0.21672316 0.32175043 0.41932985 0.36301261 0.21544132 -0.055358842 0.29869139 0.19948086 -0.35826814 -0.34412113 -0.44350785 -0.35167894 0.058968462 0.12412298 0.02667593 -0.44726658 -0.098061606 0.33337727 0.23541598
0.28209481 1.1280942e-16 -0.16309206 -0.4605794 -2.3778211e-16 -8.4199112e-17 -0.20997094 0.34376895 0.48540959 3.6315553e-16 2.0999326e-16 -4.6737581e-17 0.30429789 0.19082066 -0.42868128 -0.49423167 -4.8412385e-16 -3.6365626e-16 4.5319217e-17 1.1446981e-16 0.0097275227 -0.46735847 -0.092514873 0.4949131 0.49414641
0.28209481 0.063908741 -0.054364022 -0.48134461 -0.14078154 -0.015900148 -0.30367815 0.11975592 0.52081972 0.22338362 0.041442946 -0.056080777 0.12199351 0.42238635 -0.15331772 -0.53430378 -0.30754033 -0.074563868 0.11135498 0.028366663 0.27863613 -0.21365058 -0.41195652 0.17834683 0.52730578
0.28209481 -0.12365638 -0.15778258 -0.44558519 0.25216022 0.089290425 -0.21672316 0.32175043 0.41932985 -0.36301261 -0.21544132 0.055358842 0.29869139 0.19948086 -0.35826814 -0.34412113 0.44350785 0.35167894 -0.058968462 -0.12412298 0.02667593 -0.44726658 -0.098061606 0.33337727 0.23541598
0.28209481 -0.063908741 -0.054364022 -0.48134461 0.14078154 0.015900148 -0.30367815 0.11975592 0.52081972 -0.22338362 -0.041442946 0.056080777 0.12199351 0.42238635 -0.15331772 -0.53430378 0.30754033 0.074563868 -0.11135498 -0.028366663 0.27863613 -0.21365058 -0.41195652 0.17834683 0.52730578
0.28209481 1.1897777e-16 0.052594196 -0.48576358 -2.644966e-16 2.8637357e-17 -0.3044284 -0.11692088 0.53994465 4.2604354e-16 -7.5327097e-17 -1.0484582e-16 -0.11818126 0.42806554 0.1537731 -0.57981825 -5.9901577e-16 1.3758065e-16 2.1048217e-16 -5.1187819e-17 0.28108218 0.20899013 -0.42967933 -0.18723854 0.61141688
