0.28209481 0 0.48860252 0
0.28209481 0 0.21850967 -0.43701938
0.28209481 -0.41563013 0.21850967 -0.13504641
0.28209481 -0.25687355 0.21850967 0.3535561
0.28209481 0.25687355 0.21850967 0.3535561
0.28209481 0.41563013 0.21850967 -0.13504641
0.28209481 -0.25687355 -0.21850967 -0.3535561
0.28209481 -0.41563013 -0.21850967 0.13504641
0.28209481 -5.3519439e-17 -0.21850967 0.43701938
0.28209481 0.41563013 -0.21850967 0.13504641
0.28209481 0.25687355 -0.21850967 -0.3535561
0.28209481 0 -0.48860252 0
0.28209481 0 0.26331124 -0.41158184
0.28209481 -0.39143759 0.26331124 -0.12718579
0.28209481 0 0.30968592 -0.37792465
0.28209481 -0.35942772 0.30968592 -0.11678514
0.28209481 0 0.35525104 -0.3354536
0.28209481 -0.31903532 0.35525104 -0.10366086
0.28209481 0 0.39705542 -0.28474447
0.28209481 -0.27080807 0.39705542 -0.08799088
0.28209481 0 0.43225178 -0.22779557
0.28209481 -0.21664646 0.43225178 -0.070392706
0.28209481 0 0.4589119 -0.1677268
0.28209481 -0.15951766 0.4589119 -0.05183043
0.28209481 0 0.47652185 -0.10797847
0.28209481 -0.10269363 0.47652185 -0.033367183
0.28209481 0 0.48588637 -0.051447731
0.28209481 -0.05178557 0.48059368 -0.071276724
0.28209481 -0.048929699 0.48588637 -0.015898224
0.28209481 -0.054161616 0.46744812 -0.13149597
0.28209481 -0.10832323 0.46744812 -0.092145242
0.28209481 -0.055754472 0.44496399 -0.19398688
0.28209481 -0.11263498 0.44945729 -0.15502875
0.28209481 -0.1672634 0.44496399 -0.1129709
0.28209481 -0.05631749 0.41285998 -0.25516149
0.28209481 -0.11499333 0.42150444 -0.21873032
0.28209481 -0.17249 0.42150444 -0.17695653
0.28209481 -0.22526996 0.41285998 -0.13241036
0.28209481 -0.055754472 0.37250108 -0.31123433
0.28209481 -0.11499333 0.38414085 -0.27918589
0.28209481 -0.17434417 0.38827017 -0.23996417
0.28209481 -0.22998665 0.38414085 -0.19563834
0.28209481 -0.27877235 0.37250108 -0.14920235
0.28209481 -0.054161616 0.32666272 -0.35929152
0.28209481 -0.11263498 0.33966532 -0.33267587
0.28209481 -0.17249 0.34677726 -0.29786769
0.28209481 -0.22998665 0.34677726 -0.25609392
0.28209481 -0.28158745 0.33966532 -0.20992473
0.28209481 -0.32496971 0.32666272 -0.16253795
0.28209481 -0.05178557 0.27867988 -0.39798015
0.28209481 -0.10832323 0.29146636 -0.37688971
0.28209481 -0.1672634 0.30003816 -0.34746578
0.28209481 -0.22526996 0.30306801 -0.31005749
0.28209481 -0.27877235 0.30003816 -0.26644978
0.28209481 -0.32496971 0.29146636 -0.21948685
0.28209481 -0.362499 0.27867988 -0.17223364
0.28209481 -0.048929699 0.23151478 -0.42748007
0.28209481 -0.10269363 0.24295156 -0.41129184
0.28209481 -0.15951766 0.25159019 -0.38728401
0.28209481 -0.21664646 0.25626999 -0.35513717
0.28209481 -0.27080807 0.25626999 -0.31578645
0.28209481 -0.31903532 0.25159019 -0.27138767
0.28209481 -0.35942772 0.24295156 -0.22476362
0.28209481 -0.39143759 0.23151478 -0.17863351
0.28209481 -0.24192174 0.26331124 0.3329767
0.28209481 -0.22213854 0.30968592 0.30574748
0.28209481 -0.19717467 0.35525104 0.27138767
0.28209481 -0.16736859 0.39705542 0.23036312
0.28209481 -0.13389488 0.43225178 0.18429048
0.28209481 -0.098587334 0.4589119 0.13569383
0.28209481 -0.063468151 0.47652185 0.087356418
0.28209481 -0.083790816 0.48059368 0.027225286
0.28209481 -0.030240217 0.48588637 0.041622087
0.28209481 -0.14179695 0.46744812 0.010876271
0.28209481 -0.12110905 0.46744812 0.074547067
0.28209481 -0.20172156 0.44496399 -0.0069195912
0.28209481 -0.18224722 0.44945729 0.05921571
0.28209481 -0.15912895 0.44496399 0.12416703
0.28209481 -0.26007608 0.41285998 -0.025288127
0.28209481 -0.24355978 0.42150444 0.041773774
0.28209481 -0.22159801 0.42150444 0.10936516
0.28209481 -0.19554198 0.41285998 0.1733274
0.28209481 -0.31323051 0.37250108 -0.043151043
0.28209481 -0.30105644 0.38414085 0.023091974
0.28209481 -0.28209481 0.38827017 0.091658153
0.28209481 -0.25713289 0.38414085 0.15827474
0.28209481 -0.22804525 0.37250108 0.2190222
0.28209481 -0.35844341 0.32666272 -0.059516434
0.28209481 -0.35119969 0.33966532 0.0043197279
0.28209481 -0.33659133 0.34677726 0.072001554
0.28209481 -0.31462955 0.34677726 0.13959295
0.28209481 -0.28666559 0.33966532 0.20293526
0.28209481 -0.25500393 0.32666272 0.25883755
0.28209481 -0.39450425 0.27867988 -0.073731624
0.28209481 -0.39191714 0.29146636 -0.01344381
0.28209481 -0.38214684 0.30003816 0.051704127
0.28209481 -0.36449444 0.30306801 0.11843142
0.28209481 -0.33955419 0.30003816 0.18279074
0.28209481 -0.30916554 0.29146636 0.24123938
0.28209481 -0.27582228 0.27867988 0.29153392
0.28209481 -0.4216778 0.23151478 -0.085563697
0.28209481 -0.42289585 0.24295156 -0.029428722
0.28209481 -0.41762266 0.25159019 0.032032967
0.28209481 -0.40470296 0.25626999 0.096299611
0.28209481 -0.38401505 0.25626999 0.1599704
0.28209481 -0.35669234 0.25159019 0.21955723
0.28209481 -0.32483217 0.24295156 0.27238029
0.28209481 -0.29085144 0.23151478 0.31707847
0.28209481 0.24192174 0.26331124 0.3329767
0.28209481 0.22213854 0.30968592 0.30574748
0.28209481 0.19717467 0.35525104 0.27138767
0.28209481 0.16736859 0.39705542 0.23036312
0.28209481 0.13389488 0.43225178 0.18429048
0.28209481 0.098587334 0.4589119 0.13569383
0.28209481 0.063468151 0.47652185 0.087356418
0.28209481 -1.0789491e-17 0.48059368 0.088102877
0.28209481 0.030240217 0.48588637 0.041622087
0.28209481 -0.033473719 0.46744812 0.13821787
0.28209481 0.033473719 0.46744812 0.13821787
0.28209481 -0.068916313 0.44496399 0.18971033
0.28209481 -2.3467425e-17 0.44945729 0.19162607
0.28209481 0.068916313 0.44496399 0.18971033
0.28209481 -0.10441837 0.41285998 0.23953259
0.28209481 -0.035534892 0.42150444 0.24454792
0.28209481 0.035534892 0.42150444 0.24454792
0.28209481 0.10441837 0.41285998 0.23953259
0.28209481 -0.13783263 0.37250108 0.28456551
0.28209481 -0.071069784 0.38414085 0.29345751
0.28209481 -3.6324495e-17 0.38827017 0.29661202
0.28209481 0.071069784 0.38414085 0.29345751
0.28209481 0.13783263 0.37250108 0.28456551
0.28209481 -0.16736859 0.32666272 0.32250836
0.28209481 -0.10441837 0.33966532 0.33534563
0.28209481 -0.035534892 0.34677726 0.34236708
0.28209481 0.035534892 0.34677726 0.34236708
0.28209481 0.10441837 0.33966532 0.33534563
0.28209481 0.16736859 0.32666272 0.32250836
0.28209481 -0.19203146 0.27867988 0.35241151
0.28209481 -0.13389488 0.29146636 0.36858097
0.28209481 -0.068916313 0.30003816 0.37942067
0.28209481 -4.693485e-17 0.30306801 0.38325214
0.28209481 0.068916313 0.30003816 0.37942067
0.28209481 0.13389488 0.29146636 0.36858097
0.28209481 0.19203146 0.27867988 0.35241151
0.28209481 -0.21168151 0.23151478 0.3745988
0.28209481 -0.15867038 0.24295156 0.3931039
0.28209481 -0.098587334 0.25159019 0.40708148
0.28209481 -0.033473719 0.25626999 0.4146536
0.28209481 0.033473719 0.25626999 0.4146536
0.28209481 0.098587334 0.25159019 0.40708148
0.28209481 0.15867038 0.24295156 0.3931039
0.28209481 0.21168151 0.23151478 0.3745988
0.28209481 0.39143759 0.26331124 -0.12718579
0.28209481 0.35942772 0.30968592 -0.11678514
0.28209481 0.31903532 0.35525104 -0.10366086
0.28209481 0.27080807 0.39705542 -0.08799088
0.28209481 0.21664646 0.43225178 -0.070392706
0.28209481 0.15951766 0.4589119 -0.05183043
0.28209481 0.10269363 0.47652185 -0.033367183
0.28209481 0.083790816 0.48059368 0.027225286
0.28209481 0.048929699 0.48588637 -0.015898224
0.28209481 0.12110905 0.46744812 0.074547067
0.28209481 0.14179695 0.46744812 0.010876271
0.28209481 0.15912895 0.44496399 0.12416703
0.28209481 0.18224722 0.44945729 0.05921571
0.28209481 0.20172156 0.44496399 -0.0069195912
0.28209481 0.19554198 0.41285998 0.1733274
0.28209481 0.22159801 0.42150444 0.10936516
0.28209481 0.24355978 0.42150444 0.041773774
0.28209481 0.26007608 0.41285998 -0.025288127
0.28209481 0.22804525 0.37250108 0.2190222
0.28209481 0.25713289 0.38414085 0.15827474
0.28209481 0.28209481 0.38827017 0.091658153
0.28209481 0.30105644 0.38414085 0.023091974
0.28209481 0.31323051 0.37250108 -0.043151043
0.28209481 0.25500393 0.32666272 0.25883755
0.28209481 0.28666559 0.33966532 0.20293526
0.28209481 0.31462955 0.34677726 0.13959295
0.28209481 0.33659133 0.34677726 0.072001554
0.28209481 0.35119969 0.33966532 0.0043197279
0.28209481 0.35844341 0.32666272 -0.059516434
0.28209481 0.27582228 0.27867988 0.29153392
0.28209481 0.30916554 0.29146636 0.24123938
0.28209481 0.33955419 0.30003816 0.18279074
0.28209481 0.36449444 0.30306801 0.11843142
0.28209481 0.38214684 0.30003816 0.051704127
0.28209481 0.39191714 0.29146636 -0.01344381
0.28209481 0.39450425 0.27867988 -0.073731624
0.28209481 0.29085144 0.23151478 0.31707847
0.28209481 0.32483217 0.24295156 0.27238029
0.28209481 0.35669234 0.25159019 0.21955723
0.28209481 0.38401505 0.25626999 0.1599704
0.28209481 0.40470296 0.25626999 0.096299611
0.28209481 0.41762266 0.25159019 0.032032967
0.28209481 0.42289585 0.24295156 -0.029428722
0.28209481 0.4216778 0.23151478 -0.085563697
0.28209481 0.05178557 0.48059368 -0.071276724
0.28209481 0.10832323 0.46744812 -0.092145242
0.28209481 0.054161616 0.46744812 -0.13149597
0.28209481 0.1672634 0.44496399 -0.1129709
0.28209481 0.11263498 0.44945729 -0.15502875
0.28209481 0.055754472 0.44496399 -0.19398688
0.28209481 0.22526996 0.41285998 -0.13241036
0.28209481 0.17249 0.42150444 -0.17695653
0.28209481 0.11499333 0.42150444 -0.21873032
0.28209481 0.05631749 0.41285998 -0.25516149
0.28209481 0.27877235 0.37250108 -0.14920235
0.28209481 0.22998665 0.38414085 -0.19563834
0.28209481 0.17434417 0.38827017 -0.23996417
0.28209481 0.11499333 0.38414085 -0.27918589
0.28209481 0.055754472 0.37250108 -0.31123433
0.28209481 0.32496971 0.32666272 -0.16253795
0.28209481 0.28158745 0.33966532 -0.20992473
0.28209481 0.22998665 0.34677726 -0.25609392
0.28209481 0.17249 0.34677726 -0.29786769
0.28209481 0.11263498 0.33966532 -0.33267587
0.28209481 0.054161616 0.32666272 -0.35929152
0.28209481 0.362499 0.27867988 -0.17223364
0.28209481 0.32496971 0.29146636 -0.21948685
0.28209481 0.27877235 0.30003816 -0.26644978
0.28209481 0.22526996 0.30306801 -0.31005749
0.28209481 0.1672634 0.30003816 -0.34746578
0.28209481 0.10832323 0.29146636 -0.37688971
0.28209481 0.05178557 0.27867988 -0.39798015
0.28209481 0.39143759 0.23151478 -0.17863351
0.28209481 0.35942772 0.24295156 -0.22476362
0.28209481 0.31903532 0.25159019 -0.27138767
0.28209481 0.27080807 0.25626999 -0.31578645
0.28209481 0.21664646 0.25626999 -0.35513717
0.28209481 0.15951766 0.25159019 -0.38728401
0.28209481 0.10269363 0.24295156 -0.41129184
0.28209481 0.048929699 0.23151478 -0.42748007
0.28209481 -0.39143759 -0.26331124 0.12718579
0.28209481 -0.24192174 -0.26331124 -0.3329767
0.28209481 -0.35942772 -0.30968592 0.11678514
0.28209481 -0.22213854 -0.30968592 -0.30574748
0.28209481 -0.31903532 -0.35525104 0.10366086
0.28209481 -0.19717467 -0.35525104 -0.27138767
0.28209481 -0.27080807 -0.39705542 0.08799088
0.28209481 -0.16736859 -0.39705542 -0.23036312
0.28209481 -0.21664646 -0.43225178 0.070392706
0.28209481 -0.13389488 -0.43225178 -0.18429048
0.28209481 -0.15951766 -0.4589119 0.05183043
0.28209481 -0.098587334 -0.4589119 -0.13569383
0.28209481 -0.10269363 -0.47652185 0.033367183
0.28209481 -0.063468151 -0.47652185 -0.087356418
0.28209481 -0.048929699 -0.48588637 0.015898224
0.28209481 -0.083790816 -0.48059368 -0.027225286
0.28209481 -0.030240217 -0.48588637 -0.041622087
0.28209481 -0.14179695 -0.46744812 -0.010876271
0.28209481 -0.12110905 -0.46744812 -0.074547067
0.28209481 -0.20172156 -0.44496399 0.0069195912
0.28209481 -0.18224722 -0.44945729 -0.05921571
0.28209481 -0.15912895 -0.44496399 -0.12416703
0.28209481 -0.26007608 -0.41285998 0.025288127
0.28209481 -0.24355978 -0.42150444 -0.041773774
0.28209481 -0.22159801 -0.42150444 -0.10936516
0.28209481 -0.19554198 -0.41285998 -0.1733274
0.28209481 -0.31323051 -0.37250108 0.043151043
0.28209481 -0.30105644 -0.38414085 -0.023091974
0.28209481 -0.28209481 -0.38827017 -0.091658153
0.28209481 -0.25713289 -0.38414085 -0.15827474
0.28209481 -0.22804525 -0.37250108 -0.2190222
0.28209481 -0.35844341 -0.32666272 0.059516434
0.28209481 -0.35119969 -0.33966532 -0.0043197279
0.28209481 -0.33659133 -0.34677726 -0.072001554
0.28209481 -0.31462955 -0.34677726 -0.13959295
0.28209481 -0.28666559 -0.33966532 -0.20293526
0.28209481 -0.25500393 -0.32666272 -0.25883755
0.28209481 -0.39450425 -0.27867988 0.073731624
0.28209481 -0.39191714 -0.29146636 0.01344381
0.28209481 -0.38214684 -0.30003816 -0.051704127
0.28209481 -0.36449444 -0.30306801 -0.11843142
0.28209481 -0.33955419 -0.30003816 -0.18279074
0.28209481 -0.30916554 -0.29146636 -0.24123938
0.28209481 -0.27582228 -0.27867988 -0.29153392
0.28209481 -0.4216778 -0.23151478 0.085563697
0.28209481 -0.42289585 -0.24295156 0.029428722
0.28209481 -0.41762266 -0.25159019 -0.032032967
0.28209481 -0.40470296 -0.25626999 -0.096299611
0.28209481 -0.38401505 -0.25626999 -0.1599704
0.28209481 -0.35669234 -0.25159019 -0.21955723
0.28209481 -0.32483217 -0.24295156 -0.27238029
0.28209481 -0.29085144 -0.23151478 -0.31707847
0.28209481 -5.0404237e-17 -0.26331124 0.41158184
0.28209481 -4.6282423e-17 -0.30968592 0.37792465
0.28209481 -4.1081217e-17 -0.35525104 0.3354536
0.28209481 -3.4871139e-17 -0.39705542 0.28474447
0.28209481 -2.7896911e-17 -0.43225178 0.22779557
0.28209481 -2.0540609e-17 -0.4589119 0.1677268
0.28209481 -1.3223549e-17 -0.47652185 0.10797847
0.28209481 -6.3005297e-18 -0.48588637 0.051447731
0.28209481 -0.05178557 -0.48059368 0.071276724
0.28209481 -0.054161616 -0.46744812 0.13149597
0.28209481 -0.10832323 -0.46744812 0.092145242
0.28209481 -0.055754472 -0.44496399 0.19398688
0.28209481 -0.11263498 -0.44945729 0.15502875
0.28209481 -0.1672634 -0.44496399 0.1129709
0.28209481 -0.05631749 -0.41285998 0.25516149
0.28209481 -0.11499333 -0.42150444 0.21873032
0.28209481 -0.17249 -0.42150444 0.17695653
0.28209481 -0.22526996 -0.41285998 0.13241036
0.28209481 -0.055754472 -0.37250108 0.31123433
0.28209481 -0.11499333 -0.38414085 0.27918589
0.28209481 -0.17434417 -0.38827017 0.23996417
0.28209481 -0.22998665 -0.38414085 0.19563834
0.28209481 -0.27877235 -0.37250108 0.14920235
0.28209481 -0.054161616 -0.32666272 0.35929152
0.28209481 -0.11263498 -0.33966532 0.33267587
0.28209481 -0.17249 -0.34677726 0.29786769
0.28209481 -0.22998665 -0.34677726 0.25609392
0.28209481 -0.28158745 -0.33966532 0.20992473
0.28209481 -0.32496971 -0.32666272 0.16253795
0.28209481 -0.05178557 -0.27867988 0.39798015
0.28209481 -0.10832323 -0.29146636 0.37688971
0.28209481 -0.1672634 -0.30003816 0.34746578
0.28209481 -0.22526996 -0.30306801 0.31005749
0.28209481 -0.27877235 -0.30003816 0.26644978
0.28209481 -0.32496971 -0.29146636 0.21948685
0.28209481 -0.362499 -0.27867988 0.17223364
0.28209481 -0.048929699 -0.23151478 0.42748007
0.28209481 -0.10269363 -0.24295156 0.41129184
0.28209481 -0.15951766 -0.25159019 0.38728401
0.28209481 -0.21664646 -0.25626999 0.35513717
0.28209481 -0.27080807 -0.25626999 0.31578645
0.28209481 -0.31903532 -0.25159019 0.27138767
0.28209481 -0.35942772 -0.24295156 0.22476362
0.28209481 -0.39143759 -0.23151478 0.17863351
0.28209481 0.39143759 -0.26331124 0.12718579
0.28209481 0.35942772 -0.30968592 0.11678514
0.28209481 0.31903532 -0.35525104 0.10366086
0.28209481 0.27080807 -0.39705542 0.08799088
0.28209481 0.21664646 -0.43225178 0.070392706
0.28209481 0.15951766 -0.4589119 0.05183043
0.28209481 0.10269363 -0.47652185 0.033367183
0.28209481 0.048929699 -0.48588637 0.015898224
0.28209481 0.05178557 -0.48059368 0.071276724
0.28209481 0.10832323 -0.46744812 0.092145242
0.28209481 0.054161616 -0.46744812 0.13149597
0.28209481 0.1672634 -0.44496399 0.1129709
0.28209481 0.11263498 -0.44945729 0.15502875
0.28209481 0.055754472 -0.44496399 0.19398688
0.28209481 0.22526996 -0.41285998 0.13241036
0.28209481 0.17249 -0.42150444 0.17695653
0.28209481 0.11499333 -0.42150444 0.21873032
0.28209481 0.05631749 -0.41285998 0.25516149
0.28209481 0.27877235 -0.37250108 0.14920235
0.28209481 0.22998665 -0.38414085 0.19563834
0.28209481 0.17434417 -0.38827017 0.23996417
0.28209481 0.11499333 -0.38414085 0.27918589
0.28209481 0.055754472 -0.37250108 0.31123433
0.28209481 0.32496971 -0.32666272 0.16253795
0.28209481 0.28158745 -0.33966532 0.20992473
0.28209481 0.22998665 -0.34677726 0.25609392
0.28209481 0.17249 -0.34677726 0.29786769
0.28209481 0.11263498 -0.33966532 0.33267587
0.28209481 0.054161616 -0.32666272 0.35929152
0.28209481 0.362499 -0.27867988 0.17223364
0.28209481 0.32496971 -0.29146636 0.21948685
0.28209481 0.27877235 -0.30003816 0.26644978
0.28209481 0.22526996 -0.30306801 0.31005749
0.28209481 0.1672634 -0.30003816 0.34746578
0.28209481 0.10832323 -0.29146636 0.37688971
0.28209481 0.05178557 -0.27867988 0.39798015
0.28209481 0.39143759 -0.23151478 0.17863351
0.28209481 0.35942772 -0.24295156 0.22476362
0.28209481 0.31903532 -0.25159019 0.27138767
0.28209481 0.27080807 -0.25626999 0.31578645
0.28209481 0.21664646 -0.25626999 0.35513717
0.28209481 0.15951766 -0.25159019 0.38728401
0.28209481 0.10269363 -0.24295156 0.41129184
0.28209481 0.048929699 -0.23151478 0.42748007
0.28209481 0.24192174 -0.26331124 -0.3329767
0.28209481 0.22213854 -0.30968592 -0.30574748
0.28209481 0.19717467 -0.35525104 -0.27138767
0.28209481 0.16736859 -0.39705542 -0.23036312
0.28209481 0.13389488 -0.43225178 -0.18429048
0.28209481 0.098587334 -0.4589119 -0.13569383
0.28209481 0.063468151 -0.47652185 -0.087356418
0.28209481 0.030240217 -0.48588637 -0.041622087
0.28209481 0.083790816 -0.48059368 -0.027225286
0.28209481 0.12110905 -0.46744812 -0.074547067
0.28209481 0.14179695 -0.46744812 -0.010876271
0.28209481 0.15912895 -0.44496399 -0.12416703
0.28209481 0.18224722 -0.44945729 -0.05921571
0.28209481 0.20172156 -0.44496399 0.0069195912
0.28209481 0.19554198 -0.41285998 -0.1733274
0.28209481 0.22159801 -0.42150444 -0.10936516
0.28209481 0.24355978 -0.42150444 -0.041773774
0.28209481 0.26007608 -0.41285998 0.025288127
0.28209481 0.22804525 -0.37250108 -0.2190222
0.28209481 0.25713289 -0.38414085 -0.15827474
0.28209481 0.28209481 -0.38827017 -0.091658153
0.28209481 0.30105644 -0.38414085 -0.023091974
0.28209481 0.31323051 -0.37250108 0.043151043
0.28209481 0.25500393 -0.32666272 -0.25883755
0.28209481 0.28666559 -0.33966532 -0.20293526
0.28209481 0.31462955 -0.34677726 -0.13959295
0.28209481 0.33659133 -0.34677726 -0.072001554
0.28209481 0.35119969 -0.33966532 -0.0043197279
0.28209481 0.35844341 -0.32666272 0.059516434
0.28209481 0.27582228 -0.27867988 -0.29153392
0.28209481 0.30916554 -0.29146636 -0.24123938
0.28209481 0.33955419 -0.30003816 -0.18279074
0.28209481 0.36449444 -0.30306801 -0.11843142
0.28209481 0.38214684 -0.30003816 -0.051704127
0.28209481 0.39191714 -0.29146636 0.01344381
0.28209481 0.39450425 -0.27867988 0.073731624
0.28209481 0.29085144 -0.23151478 -0.31707847
0.28209481 0.32483217 -0.24295156 -0.27238029
0.28209481 0.35669234 -0.25159019 -0.21955723
0.28209481 0.38401505 -0.25626999 -0.1599704
0.28209481 0.40470296 -0.25626999 -0.096299611
0.28209481 0.41762266 -0.25159019 -0.032032967
0.28209481 0.42289585 -0.24295156 0.029428722
0.28209481 0.4216778 -0.23151478 0.085563697
0.28209481 2.1578982e-17 -0.48059368 -0.088102877
0.28209481 -0.033473719 -0.46744812 -0.13821787
0.28209481 0.033473719 -0.46744812 -0.13821787
0.28209481 -0.068916313 -0.44496399 -0.18971033
0.28209481 4.693485e-17 -0.44945729 -0.19162607
0.28209481 0.068916313 -0.44496399 -0.18971033
0.28209481 -0.10441837 -0.41285998 -0.23953259
0.28209481 -0.035534892 -0.42150444 -0.24454792
0.28209481 0.035534892 -0.42150444 -0.24454792
0.28209481 0.10441837 -0.41285998 -0.23953259
0.28209481 -0.13783263 -0.37250108 -0.28456551
0.28209481 -0.071069784 -0.38414085 -0.29345751
0.28209481 7.264899e-17 -0.38827017 -0.29661202
0.28209481 0.071069784 -0.38414085 -0.29345751
0.28209481 0.13783263 -0.37250108 -0.28456551
0.28209481 -0.16736859 -0.32666272 -0.32250836
0.28209481 -0.10441837 -0.33966532 -0.33534563
0.28209481 -0.035534892 -0.34677726 -0.34236708
0.28209481 0.035534892 -0.34677726 -0.34236708
0.28209481 0.10441837 -0.33966532 -0.33534563
0.28209481 0.16736859 -0.32666272 -0.32250836
0.28209481 -0.19203146 -0.27867988 -0.35241151
0.28209481 -0.13389488 -0.29146636 -0.36858097
0.28209481 -0.068916313 -0.30003816 -0.37942067
0.28209481 9.38697e-17 -0.30306801 -0.38325214
0.28209481 0.068916313 -0.30003816 -0.37942067
0.28209481 0.13389488 -0.29146636 -0.36858097
0.28209481 0.19203146 -0.27867988 -0.35241151
0.28209481 -0.21168151 -0.23151478 -0.3745988
0.28209481 -0.15867038 -0.24295156 -0.3931039
0.28209481 -0.098587334 -0.25159019 -0.40708148
0.28209481 -0.033473719 -0.25626999 -0.4146536
0.28209481 0.033473719 -0.25626999 -0.4146536
0.28209481 0.098587334 -0.25159019 -0.40708148
0.28209481 0.15867038 -0.24295156 -0.3931039
0.28209481 0.21168151 -0.23151478 -0.3745988
0.28209481 -0.24192174 -0.18006705 -0.38442445
0.28209481 -0.22213854 -0.13497308 -0.41372594
0.28209481 -0.19717467 -0.083863392 -0.43911445
0.28209481 -0.16736859 -0.028474445 -0.45815867
0.28209481 -0.13389488 0.028474445 -0.46903494
0.28209481 -0.098587334 0.083863392 -0.47114742
0.28209481 -0.063468151 0.13497308 -0.46528107
0.28209481 -0.030240217 0.18006705 -0.45320392
0.28209481 -0.083790816 0.19057699 -0.44203159
0.28209481 -0.12110905 0.14237222 -0.45143679
0.28209481 -0.14179695 0.19932112 -0.42296234
0.28209481 -0.15912893 0.087935574 -0.45351708
0.28209481 -0.18224722 0.14803927 -0.42848891
0.28209481 -0.20172156 0.205183 -0.39489335
0.28209481 -0.19554198 0.029607853 -0.44678757
0.28209481 -0.221598 0.090683348 -0.42591462
0.28209481 -0.24355978 0.15113892 -0.39568684
0.28209481 -0.26007608 0.20725498 -0.35796401
0.28209481 -0.22804525 -0.029311858 -0.43112481
0.28209481 -0.25713289 0.030227784 -0.41436863
0.28209481 -0.28209481 0.091658153 -0.38827017
0.28209481 -0.30105644 0.15113892 -0.35391307
0.28209481 -0.31323051 0.205183 -0.31387737
0.28209481 -0.25500393 -0.085423335 -0.40793169
0.28209481 -0.28666559 -0.029607853 -0.39456132
0.28209481 -0.31462955 0.030227784 -0.37259486
0.28209481 -0.33659133 0.090683348 -0.34236708
0.28209481 -0.35119969 0.14803927 -0.30573776
0.28209481 -0.35844341 0.19932112 -0.26555946
0.28209481 -0.27582228 -0.13612641 -0.37963679
0.28209481 -0.30916554 -0.085423335 -0.36858097
0.28209481 -0.33955419 -0.029311858 -0.3501088
0.28209481 -0.36449444 0.029607853 -0.32403642
0.28209481 -0.38214681 0.087935574 -0.2914851
0.28209481 -0.39191714 0.14237222 -0.2546832
0.28209481 -0.39450425 0.19057699 -0.21628506
0.28209481 -0.29085144 -0.18006705 -0.34887493
0.28209481 -0.32483217 -0.13497308 -0.33911464
0.28209481 -0.35669234 -0.083863392 -0.32321808
0.28209481 -0.38401505 -0.028474445 -0.3007558
0.28209481 -0.40470296 0.028474445 -0.27228138
0.28209481 -0.41762266 0.083863392 -0.23935468
0.28209481 -0.42289585 0.13497308 -0.20414156
0.28209481 -0.4216778 0.18006705 -0.16880788
0.28209481 -0.44036728 -0.18006705 0.11128756
0.28209481 -0.46212134 -0.13497308 0.08341796
0.28209481 -0.47855297 -0.083863392 0.05183043
0.28209481 -0.48745453 -0.028474445 0.017598176
0.28209481 -0.48745453 0.028474445 -0.017598176
0.28209481 -0.47855297 0.083863392 -0.05183043
0.28209481 -0.46212134 0.13497308 -0.08341796
0.28209481 -0.44036728 0.18006705 -0.11128756
0.28209481 -0.44628981 0.19057699 -0.056905475
0.28209481 -0.46676666 0.14237222 -0.024320081
0.28209481 -0.44607875 0.19932112 0.0041543655
0.28209481 -0.4804939 0.087935574 0.011196134
0.28209481 -0.46383464 0.14803927 0.04091705
0.28209481 -0.43790129 0.205183 0.069819853
0.28209481 -0.48534602 0.029607853 0.047906514
0.28209481 -0.47354642 0.090683348 0.07913737
0.28209481 -0.45158467 0.15113892 0.10936515
0.28209481 -0.42081192 0.20725498 0.13673007
0.28209481 -0.4804939 -0.029311858 0.083659038
0.28209481 -0.47354642 0.030227784 0.11650097
0.28209481 -0.45643896 0.091658153 0.14830601
0.28209481 -0.42962289 0.15113892 0.17695653
0.28209481 -0.39530867 0.205183 0.20090647
0.28209481 -0.46676666 -0.085423335 0.11646532
0.28209481 -0.46383464 -0.029607853 0.15070902
0.28209481 -0.45158467 0.030227784 0.18409234
0.28209481 -0.42962289 0.090683348 0.21432014
0.28209481 -0.39930055 0.14803927 0.23953258
0.28209481 -0.36332718 0.19932112 0.25883755
0.28209481 -0.44628981 -0.13612641 0.14500836
0.28209481 -0.44607875 -0.085423335 0.18013611
0.28209481 -0.43790129 -0.029311858 0.21474566
0.28209481 -0.42081192 0.029607853 0.24652204
0.28209481 -0.39530867 0.087935574 0.27336937
0.28209481 -0.36332718 0.14237222 0.29403391
0.28209481 -0.32760784 0.19057699 0.30836007
0.28209481 -0.4216778 -0.18006705 0.16880788
0.28209481 -0.42289585 -0.13497308 0.20414156
0.28209481 -0.41762266 -0.083863392 0.23935468
0.28209481 -0.40470296 -0.028474445 0.27228138
0.28209481 -0.38401505 0.028474445 0.3007558
0.28209481 -0.35669234 0.083863392 0.32321808
0.28209481 -0.32483217 0.13497308 0.33911464
0.28209481 -0.29085144 0.18006705 0.34887493
0.28209481 -0.030240217 -0.18006705 0.45320392
0.28209481 -0.063468151 -0.13497308 0.46528107
0.28209481 -0.098587334 -0.083863392 0.47114742
0.28209481 -0.13389488 -0.028474445 0.46903494
0.28209481 -0.16736859 0.028474445 0.45815867
0.28209481 -0.19717467 0.083863392 0.43911445
0.28209481 -0.22213854 0.13497308 0.41372594
0.28209481 -0.24192174 0.18006705 0.38442445
0.28209481 -0.19203146 0.19057699 0.40686208
0.28209481 -0.16736859 0.14237222 0.43640614
0.28209481 -0.13389488 0.19932112 0.42552987
0.28209481 -0.13783263 0.087935574 0.46043667
0.28209481 -0.10441837 0.14803927 0.45377705
0.28209481 -0.068916313 0.205183 0.4380444
0.28209481 -0.10441836 0.029607853 0.47639543
0.28209481 -0.071069784 0.090683348 0.47482422
0.28209481 -0.035534892 0.15113892 0.46327823
0.28209481 -5.4186683e-17 0.20725498 0.44246784
0.28209481 -0.068916313 -0.029311858 0.48282892
0.28209481 -0.035534892 0.030227784 0.48637021
0.28209481 -5.8774266e-17 0.091658153 0.47992831
0.28209481 0.035534892 0.15113892 0.46327823
0.28209481 0.068916313 0.205183 0.4380444
0.28209481 -0.033473719 -0.085423335 0.47991121
0.28209481 -5.9726589e-17 -0.029607853 0.4877046
0.28209481 0.035534892 0.030227784 0.48637021
0.28209481 0.071069784 0.090683348 0.47482422
0.28209481 0.10441837 0.14803927 0.45377705
0.28209481 0.13389488 0.19932112 0.42552987
0.28209481 -5.7467394e-17 -0.13612641 0.46925688
0.28209481 0.033473719 -0.085423335 0.47991121
0.28209481 0.068916313 -0.029311858 0.48282892
0.28209481 0.10441836 0.029607853 0.47639543
0.28209481 0.13783263 0.087935574 0.46043667
0.28209481 0.16736859 0.14237222 0.43640614
0.28209481 0.19203146 0.19057699 0.40686208
0.28209481 0.030240217 -0.18006705 0.45320392
0.28209481 0.063468151 -0.13497308 0.46528107
0.28209481 0.098587334 -0.083863392 0.47114742
0.28209481 0.13389488 -0.028474445 0.46903494
0.28209481 0.16736859 0.028474445 0.45815867
0.28209481 0.19717467 0.083863392 0.43911445
0.28209481 0.22213854 0.13497308 0.41372594
0.28209481 0.24192174 0.18006705 0.38442445
0.28209481 0.4216778 -0.18006705 0.16880788
0.28209481 0.42289585 -0.13497308 0.20414156
0.28209481 0.41762266 -0.083863392 0.23935468
0.28209481 0.40470296 -0.028474445 0.27228138
0.28209481 0.38401505 0.028474445 0.3007558
0.28209481 0.35669234 0.083863392 0.32321808
0.28209481 0.32483217 0.13497308 0.33911464
0.28209481 0.29085144 0.18006705 0.34887493
0.28209481 0.32760784 0.19057699 0.30836007
0.28209481 0.36332718 0.14237222 0.29403391
0.28209481 0.36332718 0.19932112 0.25883755
0.28209481 0.39530867 0.087935574 0.27336937
0.28209481 0.39930055 0.14803927 0.23953258
0.28209481 0.39530867 0.205183 0.20090647
0.28209481 0.42081192 0.029607853 0.24652204
0.28209481 0.42962289 0.090683348 0.21432014
0.28209481 0.42962289 0.15113892 0.17695653
0.28209481 0.42081192 0.20725498 0.13673007
0.28209481 0.43790129 -0.029311858 0.21474566
0.28209481 0.45158467 0.030227784 0.18409234
0.28209481 0.45643896 0.091658153 0.14830601
0.28209481 0.45158467 0.15113892 0.10936515
0.28209481 0.43790129 0.205183 0.069819853
0.28209481 0.44607875 -0.085423335 0.18013611
0.28209481 0.46383464 -0.029607853 0.15070902
0.28209481 0.47354642 0.030227784 0.11650097
0.28209481 0.47354642 0.090683348 0.07913737
0.28209481 0.46383464 0.14803927 0.04091705
0.28209481 0.44607875 0.19932112 0.0041543655
0.28209481 0.44628981 -0.13612641 0.14500836
0.28209481 0.46676666 -0.085423335 0.11646532
0.28209481 0.4804939 -0.029311858 0.083659038
0.28209481 0.48534602 0.029607853 0.047906514
0.28209481 0.4804939 0.087935574 0.011196134
0.28209481 0.46676666 0.14237222 -0.024320081
0.28209481 0.44628981 0.19057699 -0.056905475
0.28209481 0.44036728 -0.18006705 0.11128756
0.28209481 0.46212134 -0.13497308 0.08341796
0.28209481 0.47855297 -0.083863392 0.05183043
0.28209481 0.48745453 -0.028474445 0.017598176
0.28209481 0.48745453 0.028474445 -0.017598176
0.28209481 0.47855297 0.083863392 -0.05183043
0.28209481 0.46212134 0.13497308 -0.08341796
0.28209481 0.44036728 0.18006705 -0.11128756
0.28209481 0.29085144 -0.18006705 -0.34887493
0.28209481 0.32483217 -0.13497308 -0.33911464
0.28209481 0.35669234 -0.083863392 -0.32321808
0.28209481 0.38401505 -0.028474445 -0.3007558
0.28209481 0.40470296 0.028474445 -0.27228138
0.28209481 0.41762266 0.083863392 -0.23935468
0.28209481 0.42289585 0.13497308 -0.20414156
0.28209481 0.4216778 0.18006705 -0.16880788
0.28209481 0.39450425 0.19057699 -0.21628506
0.28209481 0.39191714 0.14237222 -0.2546832
0.28209481 0.35844341 0.19932112 -0.26555946
0.28209481 0.38214681 0.087935574 -0.2914851
0.28209481 0.35119969 0.14803927 -0.30573776
0.28209481 0.31323051 0.205183 -0.31387737
0.28209481 0.36449444 0.029607853 -0.32403642
0.28209481 0.33659133 0.090683348 -0.34236708
0.28209481 0.30105644 0.15113892 -0.35391307
0.28209481 0.26007608 0.20725498 -0.35796401
0.28209481 0.33955419 -0.029311858 -0.3501088
0.28209481 0.31462955 0.030227784 -0.37259486
0.28209481 0.28209481 0.091658153 -0.38827017
0.28209481 0.24355978 0.15113892 -0.39568684
0.28209481 0.20172156 0.205183 -0.39489335
0.28209481 0.30916554 -0.085423335 -0.36858097
0.28209481 0.28666559 -0.029607853 -0.39456132
0.28209481 0.25713289 0.030227784 -0.41436863
0.28209481 0.221598 0.090683348 -0.42591462
0.28209481 0.18224722 0.14803927 -0.42848891
0.28209481 0.14179695 0.19932112 -0.42296234
0.28209481 0.27582228 -0.13612641 -0.37963679
0.28209481 0.25500393 -0.085423335 -0.40793169
0.28209481 0.22804525 -0.029311858 -0.43112481
0.28209481 0.19554198 0.029607853 -0.44678757
0.28209481 0.15912893 0.087935574 -0.45351708
0.28209481 0.12110905 0.14237222 -0.45143679
0.28209481 0.083790816 0.19057699 -0.44203159
0.28209481 0.24192174 -0.18006705 -0.38442445
0.28209481 0.22213854 -0.13497308 -0.41372594
0.28209481 0.19717467 -0.083863392 -0.43911445
0.28209481 0.16736859 -0.028474445 -0.45815867
0.28209481 0.13389488 0.028474445 -0.46903494
0.28209481 0.098587334 0.083863392 -0.47114742
0.28209481 0.063468151 0.13497308 -0.46528107
0.28209481 0.030240217 0.18006705 -0.45320392
0.28209481 -0.32760784 -0.19057699 -0.30836007
0.28209481 -0.36332718 -0.19932112 -0.25883755
0.28209481 -0.36332718 -0.14237222 -0.29403391
0.28209481 -0.39530867 -0.205183 -0.20090647
0.28209481 -0.39930055 -0.14803927 -0.23953258
0.28209481 -0.39530867 -0.087935574 -0.27336937
0.28209481 -0.42081192 -0.20725498 -0.13673007
0.28209481 -0.42962289 -0.15113892 -0.17695653
0.28209481 -0.42962289 -0.090683348 -0.21432014
0.28209481 -0.42081192 -0.029607853 -0.24652204
0.28209481 -0.43790129 -0.205183 -0.069819853
0.28209481 -0.45158467 -0.15113892 -0.10936515
0.28209481 -0.45643896 -0.091658153 -0.14830601
0.28209481 -0.45158467 -0.030227784 -0.18409234
0.28209481 -0.43790129 0.029311858 -0.21474566
0.28209481 -0.44607875 -0.19932112 -0.0041543655
0.28209481 -0.46383464 -0.14803927 -0.04091705
0.28209481 -0.47354642 -0.090683348 -0.07913737
0.28209481 -0.47354642 -0.030227784 -0.11650097
0.28209481 -0.46383464 0.029607853 -0.15070902
0.28209481 -0.44607875 0.085423335 -0.18013611
0.28209481 -0.44628981 -0.19057699 0.056905475
0.28209481 -0.46676666 -0.14237222 0.024320081
0.28209481 -0.4804939 -0.087935574 -0.011196134
0.28209481 -0.48534602 -0.029607853 -0.047906514
0.28209481 -0.4804939 0.029311858 -0.083659038
0.28209481 -0.46676666 0.085423335 -0.11646532
0.28209481 -0.44628981 0.13612641 -0.14500836
0.28209481 -0.39450425 -0.19057699 0.21628506
0.28209481 -0.35844341 -0.19932112 0.26555946
0.28209481 -0.39191714 -0.14237222 0.2546832
0.28209481 -0.31323051 -0.205183 0.31387737
0.28209481 -0.35119969 -0.14803927 0.30573776
0.28209481 -0.38214681 -0.087935574 0.2914851
0.28209481 -0.26007608 -0.20725498 0.35796401
0.28209481 -0.30105644 -0.15113892 0.35391307
0.28209481 -0.33659133 -0.090683348 0.34236708
0.28209481 -0.36449444 -0.029607853 0.32403642
0.28209481 -0.20172156 -0.205183 0.39489335
0.28209481 -0.24355978 -0.15113892 0.39568684
0.28209481 -0.28209481 -0.091658153 0.38827017
0.28209481 -0.31462955 -0.030227784 0.37259486
0.28209481 -0.33955419 0.029311858 0.3501088
0.28209481 -0.14179695 -0.19932112 0.42296234
0.28209481 -0.18224722 -0.14803927 0.42848891
0.28209481 -0.221598 -0.090683348 0.42591462
0.28209481 -0.25713289 -0.030227784 0.41436863
0.28209481 -0.28666559 0.029607853 0.39456132
0.28209481 -0.30916554 0.085423335 0.36858097
0.28209481 -0.083790816 -0.19057699 0.44203159
0.28209481 -0.12110905 -0.14237222 0.45143679
0.28209481 -0.15912893 -0.087935574 0.45351708
0.28209481 -0.19554198 -0.029607853 0.44678757
0.28209481 -0.22804525 0.029311858 0.43112481
0.28209481 -0.25500393 0.085423335 0.40793169
0.28209481 -0.27582228 0.13612641 0.37963679
0.28209481 0.083790816 -0.19057699 0.44203159
0.28209481 0.14179695 -0.19932112 0.42296234
0.28209481 0.12110905 -0.14237222 0.45143679
0.28209481 0.20172156 -0.205183 0.39489335
0.28209481 0.18224722 -0.14803927 0.42848891
0.28209481 0.15912893 -0.087935574 0.45351708
0.28209481 0.26007608 -0.20725498 0.35796401
0.28209481 0.24355978 -0.15113892 0.39568684
0.28209481 0.221598 -0.090683348 0.42591462
0.28209481 0.19554198 -0.029607853 0.44678757
0.28209481 0.31323051 -0.205183 0.31387737
0.28209481 0.30105644 -0.15113892 0.35391307
0.28209481 0.28209481 -0.091658153 0.38827017
0.28209481 0.25713289 -0.030227784 0.41436863
0.28209481 0.22804525 0.029311858 0.43112481
0.28209481 0.35844341 -0.19932112 0.26555946
0.28209481 0.35119969 -0.14803927 0.30573776
0.28209481 0.33659133 -0.090683348 0.34236708
0.28209481 0.31462955 -0.030227784 0.37259486
0.28209481 0.28666559 0.029607853 0.39456132
0.28209481 0.25500393 0.085423335 0.40793169
0.28209481 0.39450425 -0.19057699 0.21628506
0.28209481 0.39191714 -0.14237222 0.2546832
0.28209481 0.38214681 -0.087935574 0.2914851
0.28209481 0.36449444 -0.029607853 0.32403642
0.28209481 0.33955419 0.029311858 0.3501088
0.28209481 0.30916554 0.085423335 0.36858097
0.28209481 0.27582228 0.13612641 0.37963679
0.28209481 0.44628981 -0.19057699 0.056905475
0.28209481 0.44607875 -0.19932112 -0.0041543655
0.28209481 0.46676666 -0.14237222 0.024320081
0.28209481 0.43790129 -0.205183 -0.069819853
0.28209481 0.46383464 -0.14803927 -0.04091705
0.28209481 0.4804939 -0.087935574 -0.011196134
0.28209481 0.42081192 -0.20725498 -0.13673007
0.28209481 0.45158467 -0.15113892 -0.10936515
0.28209481 0.47354642 -0.090683348 -0.07913737
0.28209481 0.48534602 -0.029607853 -0.047906514
0.28209481 0.39530867 -0.205183 -0.20090647
0.28209481 0.42962289 -0.15113892 -0.17695653
0.28209481 0.45643896 -0.091658153 -0.14830601
0.28209481 0.47354642 -0.030227784 -0.11650097
0.28209481 0.4804939 0.029311858 -0.083659038
0.28209481 0.36332718 -0.19932112 -0.25883755
0.28209481 0.39930055 -0.14803927 -0.23953258
0.28209481 0.42962289 -0.090683348 -0.21432014
0.28209481 0.45158467 -0.030227784 -0.18409234
0.28209481 0.46383464 0.029607853 -0.15070902
0.28209481 0.46676666 0.085423335 -0.11646532
0.28209481 0.32760784 -0.19057699 -0.30836007
0.28209481 0.36332718 -0.14237222 -0.29403391
0.28209481 0.39530867 -0.087935574 -0.27336937
0.28209481 0.42081192 -0.029607853 -0.24652204
0.28209481 0.43790129 0.029311858 -0.21474566
0.28209481 0.44607875 0.085423335 -0.18013611
0.28209481 0.44628981 0.13612641 -0.14500836
0.28209481 0.19203146 -0.19057699 -0.40686208
0.28209481 0.13389488 -0.19932112 -0.42552987
0.28209481 0.16736859 -0.14237222 -0.43640614
0.28209481 0.068916313 -0.205183 -0.4380444
0.28209481 0.10441837 -0.14803927 -0.45377705
0.28209481 0.13783263 -0.087935574 -0.46043667
0.28209481 -1.2403548e-17 -0.20725498 -0.44246784
0.28209481 0.035534892 -0.15113892 -0.46327823
0.28209481 0.071069784 -0.090683348 -0.47482422
0.28209481 0.10441836 -0.029607853 -0.47639543
0.28209481 -0.068916313 -0.205183 -0.4380444
0.28209481 -0.035534892 -0.15113892 -0.46327823
0.28209481 -1.7065838e-17 -0.091658153 -0.47992831
0.28209481 0.035534892 -0.030227784 -0.48637021
0.28209481 0.068916313 0.029311858 -0.48282892
0.28209481 -0.13389488 -0.19932112 -0.42552987
0.28209481 -0.10441837 -0.14803927 -0.45377705
0.28209481 -0.071069784 -0.090683348 -0.47482422
0.28209481 -0.035534892 -0.030227784 -0.48637021
0.28209481 -2.4807097e-17 0.029607853 -0.4877046
0.28209481 0.033473719 0.085423335 -0.47991121
0.28209481 -0.19203146 -0.19057699 -0.40686208
0.28209481 -0.16736859 -0.14237222 -0.43640614
0.28209481 -0.13783263 -0.087935574 -0.46043667
0.28209481 -0.10441836 -0.029607853 -0.47639543
0.28209481 -0.068916313 0.029311858 -0.48282892
0.28209481 -0.033473719 0.085423335 -0.47991121
0.28209481 -1.5207232e-17 0.13612641 -0.46925688
