0.28209481 0 0.48860252 0
0.28209481 0 0.21850967 -0.43701938
0.28209481 -0.41563013 0.21850967 -0.13504641
0.28209481 -0.25687355 0.21850967 0.3535561
0.28209481 0.25687355 0.21850967 0.3535561
0.28209481 0.41563013 0.21850967 -0.13504641
0.28209481 -0.25687355 -0.21850967 -0.3535561
0.28209481 -0.41563013 -0.21850967 0.13504641
0.28209481 -5.3519439e-17 -0.21850967 0.43701938
0.28209481 0.41563013 -0.21850967 0.13504641
0.28209481 0.25687355 -0.21850967 -0.3535561
0.28209481 0 -0.48860252 0
0.28209481 0 0.26906309 -0.4078449
0.28209481 -0.38788357 0.26906309 -0.12603101
0.28209481 0 0.32126257 -0.36813417
0.28209481 -0.3501164 0.32126257 -0.11375972
0.28209481 0 0.37153235 -0.31732652
0.28209481 -0.30179545 0.37153235 -0.098059289
0.28209481 0 0.41563013 -0.25687355
0.28209481 -0.24430126 0.41563013 -0.079378292
0.28209481 0 0.44997978 -0.19039592
0.28209481 -0.18107727 0.44997978 -0.058835573
0.28209481 0 0.4729422 -0.12271139
0.28209481 -0.11670547 0.4729422 -0.037919905
0.28209481 0 0.48511624 -0.058263559
0.28209481 -0.058999129 0.47818115 -0.081205331
0.28209481 -0.055411939 0.48511624 -0.01800443
0.28209481 -0.061817653 0.46085346 -0.15008363
0.28209481 -0.12363531 0.46085346 -0.10517047
0.28209481 -0.063387334 0.43136391 -0.22054397
0.28209481 -0.12843677 0.43701938 -0.17677805
0.28209481 -0.19016202 0.43136391 -0.12843677
0.28209481 -0.063387334 0.3901723 -0.28719336
0.28209481 -0.13016601 0.40060976 -0.24759047
0.28209481 -0.19524901 0.40060976 -0.2003049
0.28209481 -0.25354934 0.3901723 -0.14903256
0.28209481 -0.061817653 0.3403388 -0.34508041
0.28209481 -0.12843677 0.3535561 -0.31182447
0.28209481 -0.19524901 0.35831627 -0.2687372
0.28209481 -0.25687355 0.3535561 -0.21850969
0.28209481 -0.30908826 0.3403388 -0.1654278
0.28209481 -0.058999129 0.28648135 -0.3913821
0.28209481 -0.12363531 0.30016726 -0.36516619
0.28209481 -0.19016202 0.30778915 -0.32838494
0.28209481 -0.25354934 0.30778915 -0.28233135
0.28209481 -0.30908826 0.30016726 -0.23042673
0.28209481 -0.35399476 0.28648135 -0.17705522
0.28209481 -0.055411939 0.23305422 -0.42584935
0.28209481 -0.11670547 0.24542277 -0.40605408
0.28209481 -0.18107727 0.25386122 -0.37616211
0.28209481 -0.24430126 0.25687352 -0.33625183
0.28209481 -0.30179545 0.25386122 -0.28845519
0.28209481 -0.3501164 0.24542277 -0.2364711
0.28209481 -0.38788357 0.23305422 -0.18429457
0.28209481 -0.23972522 0.26906309 0.32995346
0.28209481 -0.21638384 0.32126257 0.2978268
0.28209481 -0.18651985 0.37153235 0.25672254
0.28209481 -0.15098648 0.41563013 0.20781507
0.28209481 -0.11191191 0.44997978 0.15403353
0.28209481 -0.072127946 0.4729422 0.099275604
0.28209481 -0.09546259 0.47818115 0.031017676
0.28209481 -0.03424646 0.48511624 0.04713621
0.28209481 -0.16184072 0.46085346 0.012413691
0.28209481 -0.13822848 0.46085346 0.085084699
0.28209481 -0.22933754 0.43136391 -0.007866893
0.28209481 -0.20781507 0.43701938 0.067523211
0.28209481 -0.18091393 0.43136391 0.14116567
0.28209481 -0.29272488 0.3901723 -0.028462688
0.28209481 -0.27569604 0.40060976 0.047285572
0.28209481 -0.25083652 0.40060976 0.12379523
0.28209481 -0.22008945 0.3901723 0.19508617
0.28209481 -0.34729367 0.3403388 -0.047843631
0.28209481 -0.33625183 0.3535561 0.025791571
0.28209481 -0.31591955 0.35831627 0.10264848
0.28209481 -0.28719336 0.3535561 0.17677805
0.28209481 -0.25284472 0.3403388 0.24284041
0.28209481 -0.39045823 0.28648135 -0.064832218
0.28209481 -0.38549909 0.30016726 0.0047416082
0.28209481 -0.37107593 0.30778915 0.079378292
0.28209481 -0.34686413 0.30778915 0.15389457
0.28209481 -0.31466237 0.30016726 0.22275464
0.28209481 -0.27777994 0.28648135 0.28195596
0.28209481 -0.42213002 0.23305422 -0.078894801
0.28209481 -0.42224434 0.24542277 -0.014484115
0.28209481 -0.41370738 0.25386122 0.055974241
0.28209481 -0.39528775 0.25687352 0.12843677
0.28209481 -0.36759713 0.25386122 0.19788697
0.28209481 -0.33308929 0.24542277 0.25990689
0.28209481 -0.29513717 0.23305422 0.31194904
0.28209481 0.23972522 0.26906309 0.32995346
0.28209481 0.21638384 0.32126257 0.2978268
0.28209481 0.18651985 0.37153235 0.25672254
0.28209481 0.15098648 0.41563013 0.20781507
0.28209481 0.11191191 0.44997978 0.15403353
0.28209481 0.072127946 0.4729422 0.099275604
0.28209481 -1.229243e-17 0.47818115 0.10037531
0.28209481 0.03424646 0.48511624 0.04713621
0.28209481 -0.038205411 0.46085346 0.15775572
0.28209481 0.038205411 0.46085346 0.15775572
0.28209481 -0.078351058 0.43136391 0.21568196
0.28209481 -2.675972e-17 0.43701938 0.21850969
0.28209481 0.078351058 0.43136391 0.21568196
0.28209481 -0.11752658 0.3901723 0.26960245
0.28209481 -0.040223509 0.40060976 0.27681455
0.28209481 0.040223509 0.40060976 0.27681455
0.28209481 0.11752658 0.3901723 0.26960245
0.28209481 -0.15282165 0.3403388 0.31551144
0.28209481 -0.079378292 0.3535561 0.32776454
0.28209481 -4.0680008e-17 0.35831627 0.33217746
0.28209481 0.079378292 0.3535561 0.32776454
0.28209481 0.15282165 0.3403388 0.31551144
0.28209481 -0.18231733 0.28648135 0.35131359
0.28209481 -0.11461624 0.30016726 0.36809668
0.28209481 -0.039175529 0.30778915 0.37744343
0.28209481 0.039175529 0.30778915 0.37744343
0.28209481 0.11461624 0.30016726 0.36809668
0.28209481 0.18231733 0.28648135 0.35131359
0.28209481 -0.20547876 0.23305422 0.37708968
0.28209481 -0.14425589 0.24542277 0.39710242
0.28209481 -0.074607939 0.25386122 0.41075608
0.28209481 -5.090001e-17 0.25687352 0.41563013
0.28209481 0.074607939 0.25386122 0.41075608
0.28209481 0.14425589 0.24542277 0.39710242
0.28209481 0.20547876 0.23305422 0.37708968
0.28209481 0.38788357 0.26906309 -0.12603101
0.28209481 0.3501164 0.32126257 -0.11375972
0.28209481 0.30179545 0.37153235 -0.098059289
0.28209481 0.24430126 0.41563013 -0.079378292
0.28209481 0.18107727 0.44997978 -0.058835573
0.28209481 0.11670547 0.4729422 -0.037919905
0.28209481 0.09546259 0.47818115 0.031017676
0.28209481 0.055411939 0.48511624 -0.01800443
0.28209481 0.13822848 0.46085346 0.085084699
0.28209481 0.16184072 0.46085346 0.012413691
0.28209481 0.18091393 0.43136391 0.14116567
0.28209481 0.20781507 0.43701938 0.067523211
0.28209481 0.22933754 0.43136391 -0.007866893
0.28209481 0.22008945 0.3901723 0.19508617
0.28209481 0.25083652 0.40060976 0.12379523
0.28209481 0.27569604 0.40060976 0.047285572
0.28209481 0.29272488 0.3901723 -0.028462688
0.28209481 0.25284472 0.3403388 0.24284041
0.28209481 0.28719336 0.3535561 0.17677805
0.28209481 0.31591955 0.35831627 0.10264848
0.28209481 0.33625183 0.3535561 0.025791571
0.28209481 0.34729367 0.3403388 -0.047843631
0.28209481 0.27777994 0.28648135 0.28195596
0.28209481 0.31466237 0.30016726 0.22275464
0.28209481 0.34686413 0.30778915 0.15389457
0.28209481 0.37107593 0.30778915 0.079378292
0.28209481 0.38549909 0.30016726 0.0047416082
0.28209481 0.39045823 0.28648135 -0.064832218
0.28209481 0.29513717 0.23305422 0.31194904
0.28209481 0.33308929 0.24542277 0.25990689
0.28209481 0.36759713 0.25386122 0.19788697
0.28209481 0.39528775 0.25687352 0.12843677
0.28209481 0.41370738 0.25386122 0.055974241
0.28209481 0.42224434 0.24542277 -0.014484115
0.28209481 0.42213002 0.23305422 -0.078894801
0.28209481 0.058999129 0.47818115 -0.081205331
0.28209481 0.12363531 0.46085346 -0.10517047
0.28209481 0.061817653 0.46085346 -0.15008363
0.28209481 0.19016202 0.43136391 -0.12843677
0.28209481 0.12843677 0.43701938 -0.17677805
0.28209481 0.063387334 0.43136391 -0.22054397
0.28209481 0.25354934 0.3901723 -0.14903256
0.28209481 0.19524901 0.40060976 -0.2003049
0.28209481 0.13016601 0.40060976 -0.24759047
0.28209481 0.063387334 0.3901723 -0.28719336
0.28209481 0.30908826 0.3403388 -0.1654278
0.28209481 0.25687355 0.3535561 -0.21850969
0.28209481 0.19524901 0.35831627 -0.2687372
0.28209481 0.12843677 0.3535561 -0.31182447
0.28209481 0.061817653 0.3403388 -0.34508041
0.28209481 0.35399476 0.28648135 -0.17705522
0.28209481 0.30908826 0.30016726 -0.23042673
0.28209481 0.25354934 0.30778915 -0.28233135
0.28209481 0.19016202 0.30778915 -0.32838494
0.28209481 0.12363531 0.30016726 -0.36516619
0.28209481 0.058999129 0.28648135 -0.3913821
0.28209481 0.38788357 0.23305422 -0.18429457
0.28209481 0.3501164 0.24542277 -0.2364711
0.28209481 0.30179545 0.25386122 -0.28845519
0.28209481 0.24430126 0.25687352 -0.33625183
0.28209481 0.18107727 0.25386122 -0.37616211
0.28209481 0.11670547 0.24542277 -0.40605408
0.28209481 0.055411939 0.23305422 -0.42584935
0.28209481 -0.38788357 -0.26906309 0.12603101
0.28209481 -0.23972522 -0.26906309 -0.32995346
0.28209481 -0.3501164 -0.32126257 0.11375972
0.28209481 -0.21638384 -0.32126257 -0.2978268
0.28209481 -0.30179545 -0.37153235 0.098059289
0.28209481 -0.18651985 -0.37153235 -0.25672254
0.28209481 -0.24430126 -0.41563013 0.079378292
0.28209481 -0.15098648 -0.41563013 -0.20781507
0.28209481 -0.18107727 -0.44997978 0.058835573
0.28209481 -0.11191191 -0.44997978 -0.15403353
0.28209481 -0.11670547 -0.4729422 0.037919905
0.28209481 -0.072127946 -0.4729422 -0.099275604
0.28209481 -0.055411939 -0.48511624 0.01800443
0.28209481 -0.09546259 -0.47818115 -0.031017676
0.28209481 -0.03424646 -0.48511624 -0.04713621
0.28209481 -0.16184072 -0.46085346 -0.012413691
0.28209481 -0.13822848 -0.46085346 -0.085084699
0.28209481 -0.22933754 -0.43136391 0.007866893
0.28209481 -0.20781507 -0.43701938 -0.067523211
0.28209481 -0.18091393 -0.43136391 -0.14116567
0.28209481 -0.29272488 -0.3901723 0.028462688
0.28209481 -0.27569604 -0.40060976 -0.047285572
0.28209481 -0.25083652 -0.40060976 -0.12379523
0.28209481 -0.22008945 -0.3901723 -0.19508617
0.28209481 -0.34729367 -0.3403388 0.047843631
0.28209481 -0.33625183 -0.3535561 -0.025791571
0.28209481 -0.31591955 -0.35831627 -0.10264848
0.28209481 -0.28719336 -0.3535561 -0.17677805
0.28209481 -0.25284472 -0.3403388 -0.24284041
0.28209481 -0.39045823 -0.28648135 0.064832218
0.28209481 -0.38549909 -0.30016726 -0.0047416082
0.28209481 -0.37107593 -0.30778915 -0.079378292
0.28209481 -0.34686413 -0.30778915 -0.15389457
0.28209481 -0.31466237 -0.30016726 -0.22275464
0.28209481 -0.27777994 -0.28648135 -0.28195596
0.28209481 -0.42213002 -0.23305422 0.078894801
0.28209481 -0.42224434 -0.24542277 0.014484115
0.28209481 -0.41370738 -0.25386122 -0.055974241
0.28209481 -0.39528775 -0.25687352 -0.12843677
0.28209481 -0.36759713 -0.25386122 -0.19788697
0.28209481 -0.33308929 -0.24542277 -0.25990689
0.28209481 -0.29513717 -0.23305422 -0.31194904
0.28209481 -4.9946598e-17 -0.26906309 0.4078449
0.28209481 -4.5083434e-17 -0.32126257 0.36813417
0.28209481 -3.8861293e-17 -0.37153235 0.31732652
0.28209481 -3.1457937e-17 -0.41563013 0.25687355
0.28209481 -2.3316776e-17 -0.44997978 0.19039592
0.28209481 -1.502781e-17 -0.4729422 0.12271139
0.28209481 -7.1352277e-18 -0.48511624 0.058263559
0.28209481 -0.058999129 -0.47818115 0.081205331
0.28209481 -0.061817653 -0.46085346 0.15008363
0.28209481 -0.12363531 -0.46085346 0.10517047
0.28209481 -0.063387334 -0.43136391 0.22054397
0.28209481 -0.12843677 -0.43701938 0.17677805
0.28209481 -0.19016202 -0.43136391 0.12843677
0.28209481 -0.063387334 -0.3901723 0.28719336
0.28209481 -0.13016601 -0.40060976 0.24759047
0.28209481 -0.19524901 -0.40060976 0.2003049
0.28209481 -0.25354934 -0.3901723 0.14903256
0.28209481 -0.061817653 -0.3403388 0.34508041
0.28209481 -0.12843677 -0.3535561 0.31182447
0.28209481 -0.19524901 -0.35831627 0.2687372
0.28209481 -0.25687355 -0.3535561 0.21850969
0.28209481 -0.30908826 -0.3403388 0.1654278
0.28209481 -0.058999129 -0.28648135 0.3913821
0.28209481 -0.12363531 -0.30016726 0.36516619
0.28209481 -0.19016202 -0.30778915 0.32838494
0.28209481 -0.25354934 -0.30778915 0.28233135
0.28209481 -0.30908826 -0.30016726 0.23042673
0.28209481 -0.35399476 -0.28648135 0.17705522
0.28209481 -0.055411939 -0.23305422 0.42584935
0.28209481 -0.11670547 -0.24542277 0.40605408
0.28209481 -0.18107727 -0.25386122 0.37616211
0.28209481 -0.24430126 -0.25687352 0.33625183
0.28209481 -0.30179545 -0.25386122 0.28845519
0.28209481 -0.3501164 -0.24542277 0.2364711
0.28209481 -0.38788357 -0.23305422 0.18429457
0.28209481 0.38788357 -0.26906309 0.12603101
0.28209481 0.3501164 -0.32126257 0.11375972
0.28209481 0.30179545 -0.37153235 0.098059289
0.28209481 0.24430126 -0.41563013 0.079378292
0.28209481 0.18107727 -0.44997978 0.058835573
0.28209481 0.11670547 -0.4729422 0.037919905
0.28209481 0.055411939 -0.48511624 0.01800443
0.28209481 0.058999129 -0.47818115 0.081205331
0.28209481 0.12363531 -0.46085346 0.10517047
0.28209481 0.061817653 -0.46085346 0.15008363
0.28209481 0.19016202 -0.43136391 0.12843677
0.28209481 0.12843677 -0.43701938 0.17677805
0.28209481 0.063387334 -0.43136391 0.22054397
0.28209481 0.25354934 -0.3901723 0.14903256
0.28209481 0.19524901 -0.40060976 0.2003049
0.28209481 0.13016601 -0.40060976 0.24759047
0.28209481 0.063387334 -0.3901723 0.28719336
0.28209481 0.30908826 -0.3403388 0.1654278
0.28209481 0.25687355 -0.3535561 0.21850969
0.28209481 0.19524901 -0.35831627 0.2687372
0.28209481 0.12843677 -0.3535561 0.31182447
0.28209481 0.061817653 -0.3403388 0.34508041
0.28209481 0.35399476 -0.28648135 0.17705522
0.28209481 0.30908826 -0.30016726 0.23042673
0.28209481 0.25354934 -0.30778915 0.28233135
0.28209481 0.19016202 -0.30778915 0.32838494
0.28209481 0.12363531 -0.30016726 0.36516619
0.28209481 0.058999129 -0.28648135 0.3913821
0.28209481 0.38788357 -0.23305422 0.18429457
0.28209481 0.3501164 -0.24542277 0.2364711
0.28209481 0.30179545 -0.25386122 0.28845519
0.28209481 0.24430126 -0.25687352 0.33625183
0.28209481 0.18107727 -0.25386122 0.37616211
0.28209481 0.11670547 -0.24542277 0.40605408
0.28209481 0.055411939 -0.23305422 0.42584935
0.28209481 0.23972522 -0.26906309 -0.32995346
0.28209481 0.21638384 -0.32126257 -0.2978268
0.28209481 0.18651985 -0.37153235 -0.25672254
0.28209481 0.15098648 -0.41563013 -0.20781507
0.28209481 0.11191191 -0.44997978 -0.15403353
0.28209481 0.072127946 -0.4729422 -0.099275604
0.28209481 0.03424646 -0.48511624 -0.04713621
0.28209481 0.09546259 -0.47818115 -0.031017676
0.28209481 0.13822848 -0.46085346 -0.085084699
0.28209481 0.16184072 -0.46085346 -0.012413691
0.28209481 0.18091393 -0.43136391 -0.14116567
0.28209481 0.20781507 -0.43701938 -0.067523211
0.28209481 0.22933754 -0.43136391 0.007866893
0.28209481 0.22008945 -0.3901723 -0.19508617
0.28209481 0.25083652 -0.40060976 -0.12379523
0.28209481 0.27569604 -0.40060976 -0.047285572
0.28209481 0.29272488 -0.3901723 0.028462688
0.28209481 0.25284472 -0.3403388 -0.24284041
0.28209481 0.28719336 -0.3535561 -0.17677805
0.28209481 0.31591955 -0.35831627 -0.10264848
0.28209481 0.33625183 -0.3535561 -0.025791571
0.28209481 0.34729367 -0.3403388 0.047843631
0.28209481 0.27777994 -0.28648135 -0.28195596
0.28209481 0.31466237 -0.30016726 -0.22275464
0.28209481 0.34686413 -0.30778915 -0.15389457
0.28209481 0.37107593 -0.30778915 -0.079378292
0.28209481 0.38549909 -0.30016726 -0.0047416082
0.28209481 0.39045823 -0.28648135 0.064832218
0.28209481 0.29513717 -0.23305422 -0.31194904
0.28209481 0.33308929 -0.24542277 -0.25990689
0.28209481 0.36759713 -0.25386122 -0.19788697
0.28209481 0.39528775 -0.25687352 -0.12843677
0.28209481 0.41370738 -0.25386122 -0.055974241
0.28209481 0.42224434 -0.24542277 0.014484115
0.28209481 0.42213002 -0.23305422 0.078894801
0.28209481 2.458486e-17 -0.47818115 -0.10037531
0.28209481 -0.038205411 -0.46085346 -0.15775572
0.28209481 0.038205411 -0.46085346 -0.15775572
0.28209481 -0.078351058 -0.43136391 -0.21568196
0.28209481 0 -0.43701938 -0.21850969
0.28209481 0.078351058 -0.43136391 -0.21568196
0.28209481 -0.11752658 -0.3901723 -0.26960245
0.28209481 -0.040223509 -0.40060976 -0.27681455
0.28209481 0.040223509 -0.40060976 -0.27681455
0.28209481 0.11752658 -0.3901723 -0.26960245
0.28209481 -0.15282165 -0.3403388 -0.31551144
0.28209481 -0.079378292 -0.3535561 -0.32776454
0.28209481 0 -0.35831627 -0.33217746
0.28209481 0.079378292 -0.3535561 -0.32776454
0.28209481 0.15282165 -0.3403388 -0.31551144
0.28209481 -0.18231733 -0.28648135 -0.35131359
0.28209481 -0.11461624 -0.30016726 -0.36809668
0.28209481 -0.039175529 -0.30778915 -0.37744343
0.28209481 0.039175529 -0.30778915 -0.37744343
0.28209481 0.11461624 -0.30016726 -0.36809668
0.28209481 0.18231733 -0.28648135 -0.35131359
0.28209481 -0.20547876 -0.23305422 -0.37708968
0.28209481 -0.14425589 -0.24542277 -0.39710242
0.28209481 -0.074607939 -0.25386122 -0.41075608
0.28209481 0 -0.25687352 -0.41563013
0.28209481 0.074607939 -0.25386122 -0.41075608
0.28209481 0.14425589 -0.24542277 -0.39710242
0.28209481 0.20547876 -0.23305422 -0.37708968
0.28209481 -0.23972522 -0.17479067 -0.38821703
0.28209481 -0.21638383 -0.12271138 -0.42053819
0.28209481 -0.18651985 -0.063465297 -0.44711846
0.28209481 -0.15098648 2.9918276e-17 -0.4646886
0.28209481 -0.11191191 0.063465297 -0.47136006
0.28209481 -0.072127946 0.12271138 -0.46740976
0.28209481 -0.03424646 0.17479067 -0.45498112
0.28209481 -0.09546259 0.18610606 -0.44156975
0.28209481 -0.13822848 0.12999785 -0.45025089
0.28209481 -0.16184072 0.19499677 -0.41775143
0.28209481 -0.18091393 0.066649385 -0.44895482
0.28209481 -0.20781507 0.13504641 -0.42107931
0.28209481 -0.22933754 0.19994816 -0.38230544
0.28209481 -0.22008945 2.9918276e-17 -0.43622592
0.28209481 -0.25083652 0.068432316 -0.41367918
0.28209481 -0.27569604 0.13686463 -0.37946302
0.28209481 -0.29272488 0.19994816 -0.33625183
0.28209481 -0.25284472 -0.064998925 -0.41300982
0.28209481 -0.28719336 2.9918276e-17 -0.39528772
0.28209481 -0.31591955 0.068432316 -0.36639363
0.28209481 -0.33625183 0.13504641 -0.32776454
0.28209481 -0.34729367 0.19499677 -0.28301197
0.28209481 -0.27777991 -0.1240707 -0.38233125
0.28209481 -0.31466237 -0.064998925 -0.36809665
0.28209481 -0.34686413 2.9918276e-17 -0.34411871
0.28209481 -0.37107593 0.066649385 -0.31079403
0.28209481 -0.38549909 0.12999785 -0.27059826
0.28209481 -0.39045823 0.18610606 -0.22724287
0.28209481 -0.29513717 -0.17479067 -0.34795788
0.28209481 -0.33308929 -0.12271138 -0.33574671
0.28209481 -0.36759713 -0.063465297 -0.31555811
0.28209481 -0.39528772 2.9918276e-17 -0.28719336
0.28209481 -0.41370738 0.063465297 -0.25209281
0.28209481 -0.42224434 0.12271138 -0.21303532
0.28209481 -0.42213002 0.17479067 -0.17316721
0.28209481 -0.44329551 -0.17479067 0.10802658
0.28209481 -0.46682188 -0.12271138 0.07583981
0.28209481 -0.48287272 -0.063465297 0.039223716
0.28209481 -0.48860252 2.9918276e-17 -2.9918276e-17
0.28209481 -0.48287272 0.063465297 -0.039223716
0.28209481 -0.46682188 0.12271138 -0.07583981
0.28209481 -0.44329551 0.17479067 -0.10802658
0.28209481 -0.44945735 0.18610606 -0.045662235
0.28209481 -0.470929 0.12999785 -0.0076720826
0.28209481 -0.44731674 0.19499677 0.024827382
0.28209481 -0.48288688 0.066649385 0.033324696
0.28209481 -0.4646886 0.13504641 0.067523204
0.28209481 -0.43446326 0.19994816 0.099974088
0.28209481 -0.48288688 2.9918276e-17 0.074516281
0.28209481 -0.47094503 0.068432316 0.11072582
0.28209481 -0.44608554 0.13686463 0.14494199
0.28209481 -0.41025147 0.19994816 0.17449036
0.28209481 -0.470929 -0.064998925 0.11284256
0.28209481 -0.4646886 2.9918276e-17 0.15098648
0.28209481 -0.44608554 0.068432316 0.18723547
0.28209481 -0.41563013 0.13504641 0.21850969
0.28209481 -0.37648001 0.19499677 0.24284041
0.28209481 -0.44945735 -0.1240707 0.14603755
0.28209481 -0.44731674 -0.064998925 0.18551357
0.28209481 -0.43446326 2.9918276e-17 0.22354884
0.28209481 -0.41025147 0.066649385 0.25687355
0.28209481 -0.37648001 0.12999785 0.28301197
0.28209481 -0.33677906 0.18610606 0.30112594
0.28209481 -0.42213002 -0.17479067 0.17316721
0.28209481 -0.42224434 -0.12271138 0.21303532
0.28209481 -0.41370738 -0.063465297 0.25209281
0.28209481 -0.39528772 2.9918276e-17 0.28719336
0.28209481 -0.36759713 0.063465297 0.31555811
0.28209481 -0.33308929 0.12271138 0.33574671
0.28209481 -0.29513717 0.17479067 0.34795788
0.28209481 -0.03424646 -0.17479067 0.45498112
0.28209481 -0.072127946 -0.12271138 0.46740976
0.28209481 -0.11191191 -0.063465297 0.47136006
0.28209481 -0.15098648 2.9918276e-17 0.4646886
0.28209481 -0.18651985 0.063465297 0.44711846
0.28209481 -0.21638383 0.12271138 0.42053819
0.28209481 -0.23972522 0.17479067 0.38821703
0.28209481 -0.18231733 0.18610606 0.41334894
0.28209481 -0.15282165 0.12999785 0.44550928
0.28209481 -0.11461624 0.19499677 0.4330956
0.28209481 -0.11752658 0.066649385 0.46955061
0.28209481 -0.079378292 0.13504641 0.46281093
0.28209481 -0.039175529 0.19994816 0.44409281
0.28209481 -0.078351058 2.9918276e-17 0.48227951
0.28209481 -0.040223509 0.068432316 0.48211151
0.28209481 -5.7441089e-17 0.13686463 0.46904209
0.28209481 0.039175529 0.19994816 0.44409281
0.28209481 -0.038205411 -0.064998925 0.48275036
0.28209481 -5.9836551e-17 2.9918276e-17 0.48860252
0.28209481 0.040223509 0.068432316 0.48211151
0.28209481 0.079378292 0.13504641 0.46281093
0.28209481 0.11461624 0.19499677 0.4330956
0.28209481 -5.7875267e-17 -0.1240707 0.47258744
0.28209481 0.038205411 -0.064998925 0.48275036
0.28209481 0.078351058 2.9918276e-17 0.48227951
0.28209481 0.11752658 0.066649385 0.46955061
0.28209481 0.15282165 0.12999785 0.44550928
0.28209481 0.18231733 0.18610606 0.41334894
0.28209481 0.03424646 -0.17479067 0.45498112
0.28209481 0.072127946 -0.12271138 0.46740976
0.28209481 0.11191191 -0.063465297 0.47136006
0.28209481 0.15098648 2.9918276e-17 0.4646886
0.28209481 0.18651985 0.063465297 0.44711846
0.28209481 0.21638383 0.12271138 0.42053819
0.28209481 0.23972522 0.17479067 0.38821703
0.28209481 0.42213002 -0.17479067 0.17316721
0.28209481 0.42224434 -0.12271138 0.21303532
0.28209481 0.41370738 -0.063465297 0.25209281
0.28209481 0.39528772 2.9918276e-17 0.28719336
0.28209481 0.36759713 0.063465297 0.31555811
0.28209481 0.33308929 0.12271138 0.33574671
0.28209481 0.29513717 0.17479067 0.34795788
0.28209481 0.33677906 0.18610606 0.30112594
0.28209481 0.37648001 0.12999785 0.28301197
0.28209481 0.37648001 0.19499677 0.24284041
0.28209481 0.41025147 0.066649385 0.25687355
0.28209481 0.41563013 0.13504641 0.21850969
0.28209481 0.41025147 0.19994816 0.17449036
0.28209481 0.43446326 2.9918276e-17 0.22354884
0.28209481 0.44608554 0.068432316 0.18723547
0.28209481 0.44608554 0.13686463 0.14494199
0.28209481 0.43446326 0.19994816 0.099974088
0.28209481 0.44731674 -0.064998925 0.18551357
0.28209481 0.4646886 2.9918276e-17 0.15098648
0.28209481 0.47094503 0.068432316 0.11072582
0.28209481 0.4646886 0.13504641 0.067523204
0.28209481 0.44731674 0.19499677 0.024827382
0.28209481 0.44945735 -0.1240707 0.14603755
0.28209481 0.470929 -0.064998925 0.11284256
0.28209481 0.48288688 2.9918276e-17 0.074516281
0.28209481 0.48288688 0.066649385 0.033324696
0.28209481 0.470929 0.12999785 -0.0076720826
0.28209481 0.44945735 0.18610606 -0.045662235
0.28209481 0.44329551 -0.17479067 0.10802658
0.28209481 0.46682188 -0.12271138 0.07583981
0.28209481 0.48287272 -0.063465297 0.039223716
0.28209481 0.48860252 2.9918276e-17 8.9754827e-17
0.28209481 0.48287272 0.063465297 -0.039223716
0.28209481 0.46682188 0.12271138 -0.07583981
0.28209481 0.44329551 0.17479067 -0.10802658
0.28209481 0.29513717 -0.17479067 -0.34795788
0.28209481 0.33308929 -0.12271138 -0.33574671
0.28209481 0.36759713 -0.063465297 -0.31555811
0.28209481 0.39528772 2.9918276e-17 -0.28719336
0.28209481 0.41370738 0.063465297 -0.25209281
0.28209481 0.42224434 0.12271138 -0.21303532
0.28209481 0.42213002 0.17479067 -0.17316721
0.28209481 0.39045823 0.18610606 -0.22724287
0.28209481 0.38549909 0.12999785 -0.27059826
0.28209481 0.34729367 0.19499677 -0.28301197
0.28209481 0.37107593 0.066649385 -0.31079403
0.28209481 0.33625183 0.13504641 -0.32776454
0.28209481 0.29272488 0.19994816 -0.33625183
0.28209481 0.34686413 2.9918276e-17 -0.34411871
0.28209481 0.31591955 0.068432316 -0.36639363
0.28209481 0.27569604 0.13686463 -0.37946302
0.28209481 0.22933754 0.19994816 -0.38230544
0.28209481 0.31466237 -0.064998925 -0.36809665
0.28209481 0.28719336 2.9918276e-17 -0.39528772
0.28209481 0.25083652 0.068432316 -0.41367918
0.28209481 0.20781507 0.13504641 -0.42107931
0.28209481 0.16184072 0.19499677 -0.41775143
0.28209481 0.27777991 -0.1240707 -0.38233125
0.28209481 0.25284472 -0.064998925 -0.41300982
0.28209481 0.22008945 2.9918276e-17 -0.43622592
0.28209481 0.18091393 0.066649385 -0.44895482
0.28209481 0.13822848 0.12999785 -0.45025089
0.28209481 0.09546259 0.18610606 -0.44156975
0.28209481 0.23972522 -0.17479067 -0.38821703
0.28209481 0.21638383 -0.12271138 -0.42053819
0.28209481 0.18651985 -0.063465297 -0.44711846
0.28209481 0.15098648 2.9918276e-17 -0.4646886
0.28209481 0.11191191 0.063465297 -0.47136006
0.28209481 0.072127946 0.12271138 -0.46740976
0.28209481 0.03424646 0.17479067 -0.45498112
0.28209481 -0.33677906 -0.18610606 -0.30112594
0.28209481 -0.37648001 -0.19499677 -0.24284041
0.28209481 -0.37648001 -0.12999785 -0.28301197
0.28209481 -0.41025147 -0.19994816 -0.17449036
0.28209481 -0.41563013 -0.13504641 -0.21850969
0.28209481 -0.41025147 -0.066649385 -0.25687355
0.28209481 -0.43446326 -0.19994816 -0.099974088
0.28209481 -0.44608554 -0.13686463 -0.14494199
0.28209481 -0.44608554 -0.068432316 -0.18723547
0.28209481 -0.43446326 2.9918276e-17 -0.22354884
0.28209481 -0.44731674 -0.19499677 -0.024827382
0.28209481 -0.4646886 -0.13504641 -0.067523204
0.28209481 -0.47094503 -0.068432316 -0.11072582
0.28209481 -0.4646886 2.9918276e-17 -0.15098648
0.28209481 -0.44731674 0.064998925 -0.18551357
0.28209481 -0.44945735 -0.18610606 0.045662235
0.28209481 -0.470929 -0.12999785 0.0076720826
0.28209481 -0.48288688 -0.066649385 -0.033324696
0.28209481 -0.48288688 2.9918276e-17 -0.074516281
0.28209481 -0.470929 0.064998925 -0.11284256
0.28209481 -0.44945735 0.1240707 -0.14603755
0.28209481 -0.39045823 -0.18610606 0.22724287
0.28209481 -0.34729367 -0.19499677 0.28301197
0.28209481 -0.38549909 -0.12999785 0.27059826
0.28209481 -0.29272488 -0.19994816 0.33625183
0.28209481 -0.33625183 -0.13504641 0.32776454
0.28209481 -0.37107593 -0.066649385 0.31079403
0.28209481 -0.22933754 -0.19994816 0.38230544
0.28209481 -0.27569604 -0.13686463 0.37946302
0.28209481 -0.31591955 -0.068432316 0.36639363
0.28209481 -0.34686413 2.9918276e-17 0.34411871
0.28209481 -0.16184072 -0.19499677 0.41775143
0.28209481 -0.20781507 -0.13504641 0.42107931
0.28209481 -0.25083652 -0.068432316 0.41367918
0.28209481 -0.28719336 2.9918276e-17 0.39528772
0.28209481 -0.31466237 0.064998925 0.36809665
0.28209481 -0.09546259 -0.18610606 0.44156975
0.28209481 -0.13822848 -0.12999785 0.45025089
0.28209481 -0.18091393 -0.066649385 0.44895482
0.28209481 -0.22008945 2.9918276e-17 0.43622592
0.28209481 -0.25284472 0.064998925 0.41300982
0.28209481 -0.27777991 0.1240707 0.38233125
0.28209481 0.09546259 -0.18610606 0.44156975
0.28209481 0.16184072 -0.19499677 0.41775143
0.28209481 0.13822848 -0.12999785 0.45025089
0.28209481 0.22933754 -0.19994816 0.38230544
0.28209481 0.20781507 -0.13504641 0.42107931
0.28209481 0.18091393 -0.066649385 0.44895482
0.28209481 0.29272488 -0.19994816 0.33625183
0.28209481 0.27569604 -0.13686463 0.37946302
0.28209481 0.25083652 -0.068432316 0.41367918
0.28209481 0.22008945 2.9918276e-17 0.43622592
0.28209481 0.34729367 -0.19499677 0.28301197
0.28209481 0.33625183 -0.13504641 0.32776454
0.28209481 0.31591955 -0.068432316 0.36639363
0.28209481 0.28719336 2.9918276e-17 0.39528772
0.28209481 0.25284472 0.064998925 0.41300982
0.28209481 0.39045823 -0.18610606 0.22724287
0.28209481 0.38549909 -0.12999785 0.27059826
0.28209481 0.37107593 -0.066649385 0.31079403
0.28209481 0.34686413 2.9918276e-17 0.34411871
0.28209481 0.31466237 0.064998925 0.36809665
0.28209481 0.27777991 0.1240707 0.38233125
0.28209481 0.44945735 -0.18610606 0.045662235
0.28209481 0.44731674 -0.19499677 -0.024827382
0.28209481 0.470929 -0.12999785 0.0076720826
0.28209481 0.43446326 -0.19994816 -0.099974088
0.28209481 0.4646886 -0.13504641 -0.067523204
0.28209481 0.48288688 -0.066649385 -0.033324696
0.28209481 0.41025147 -0.19994816 -0.17449036
0.28209481 0.44608554 -0.13686463 -0.14494199
0.28209481 0.47094503 -0.068432316 -0.11072582
0.28209481 0.48288688 2.9918276e-17 -0.074516281
0.28209481 0.37648001 -0.19499677 -0.24284041
0.28209481 0.41563013 -0.13504641 -0.21850969
0.28209481 0.44608554 -0.068432316 -0.18723547
0.28209481 0.4646886 2.9918276e-17 -0.15098648
0.28209481 0.470929 0.064998925 -0.11284256
0.28209481 0.33677906 -0.18610606 -0.30112594
0.28209481 0.37648001 -0.12999785 -0.28301197
0.28209481 0.41025147 -0.066649385 -0.25687355
0.28209481 0.43446326 2.9918276e-17 -0.22354884
0.28209481 0.44731674 0.064998925 -0.18551357
0.28209481 0.44945735 0.1240707 -0.14603755
0.28209481 0.18231733 -0.18610606 -0.41334894
0.28209481 0.11461624 -0.19499677 -0.4330956
0.28209481 0.15282165 -0.12999785 -0.44550928
0.28209481 0.039175529 -0.19994816 -0.44409281
0.28209481 0.079378292 -0.13504641 -0.46281093
0.28209481 0.11752658 -0.066649385 -0.46955061
0.28209481 -0.039175529 -0.19994816 -0.44409281
0.28209481 1.1488218e-16 -0.13686463 -0.46904209
0.28209481 0.040223509 -0.068432316 -0.48211151
0.28209481 0.078351058 2.9918276e-17 -0.48227951
0.28209481 -0.11461624 -0.19499677 -0.4330956
0.28209481 -0.079378292 -0.13504641 -0.46281093
0.28209481 -0.040223509 -0.068432316 -0.48211151
0.28209481 1.196731e-16 2.9918276e-17 -0.48860252
0.28209481 0.038205411 0.064998925 -0.48275036
0.28209481 -0.18231733 -0.18610606 -0.41334894
0.28209481 -0.15282165 -0.12999785 -0.44550928
0.28209481 -0.11752658 -0.066649385 -0.46955061
0.28209481 -0.078351058 2.9918276e-17 -0.48227951
0.28209481 -0.038205411 0.064998925 -0.48275036
0.28209481 1.1575053e-16 0.1240707 -0.47258744
