0.28209481 0 0.48860252 0
0.28209481 0 0.21850967 -0.43701938
0.28209481 -0.41563013 0.21850967 -0.13504641
0.28209481 -0.25687355 0.21850967 0.3535561
0.28209481 0.25687355 0.21850967 0.3535561
0.28209481 0.41563013 0.21850967 -0.13504641
0.28209481 -0.25687355 -0.21850967 -0.3535561
0.28209481 -0.41563013 -0.21850967 0.13504641
0.28209481 -5.3519439e-17 -0.21850967 0.43701938
0.28209481 0.41563013 -0.21850967 0.13504641
0.28209481 0.25687355 -0.21850967 -0.3535561
0.28209481 0 -0.48860252 0
0.28209481 0 0.28643224 -0.3958396
0.28209481 -0.37646583 0.28643224 -0.12232117
0.28209481 0 0.35525104 -0.3354536
0.28209481 -0.31903532 0.35525104 -0.10366086
0.28209481 0 0.41563013 -0.25687355
0.28209481 -0.24430126 0.41563013 -0.079378292
0.28209481 0 0.4589119 -0.1677268
0.28209481 -0.15951766 0.4589119 -0.05183043
0.28209481 0 0.48214608 -0.079167925
0.28209481 -0.081433751 0.46854898 -0.11208395
0.28209481 -0.075293168 0.48214608 -0.024464233
0.28209481 -0.085126691 0.43447852 -0.20667434
0.28209481 -0.17025338 0.43447852 -0.14482617
0.28209481 -0.085126691 0.37915984 -0.29618183
0.28209481 -0.17434417 0.38827017 -0.23996417
0.28209481 -0.25538006 0.37915984 -0.17248552
0.28209481 -0.081433751 0.3097924 -0.36895749
0.28209481 -0.17025338 0.32384115 -0.32384118
0.28209481 -0.25538006 0.32384115 -0.26199302
0.28209481 -0.325735 0.3097924 -0.19146223
0.28209481 -0.075293168 0.23750375 -0.42030385
0.28209481 -0.15951766 0.25159019 -0.38728401
0.28209481 -0.24430126 0.25687352 -0.33625183
0.28209481 -0.31903532 0.25159019 -0.27138767
0.28209481 -0.37646583 0.23750375 -0.20148909
0.28209481 -0.23266868 0.28643224 0.32024097
0.28209481 -0.19717467 0.35525104 0.27138767
0.28209481 -0.15098648 0.41563013 0.20781507
0.28209481 -0.098587334 0.4589119 0.13569383
0.28209481 -0.13176258 0.46854898 0.042812258
0.28209481 -0.046533737 0.48214608 0.064048193
0.28209481 -0.22286457 0.43447852 0.017094411
0.28209481 -0.19034907 0.43447852 0.11716684
0.28209481 -0.30799127 0.37915984 -0.010564927
0.28209481 -0.28209481 0.38827017 0.091658153
0.28209481 -0.24296026 0.37915984 0.18957992
0.28209481 -0.37606385 0.3097924 -0.036566034
0.28209481 -0.36060244 0.32384115 0.06184816
0.28209481 -0.32808694 0.32384115 0.16192059
0.28209481 -0.28274906 0.3097924 0.25062731
0.28209481 -0.42299959 0.23750375 -0.058272973
0.28209481 -0.41762266 0.25159019 0.032032967
0.28209481 -0.39528775 0.25687352 0.12843677
0.28209481 -0.35669234 0.25159019 0.21955723
0.28209481 -0.30796185 0.23750375 0.29577672
0.28209481 0.23266868 0.28643224 0.32024097
0.28209481 0.19717467 0.35525104 0.27138767
0.28209481 0.15098648 0.41563013 0.20781507
0.28209481 0.098587334 0.4589119 0.13569383
0.28209481 -1.696667e-17 0.46854898 0.13854338
0.28209481 0.046533737 0.48214608 0.064048193
0.28209481 -0.052611187 0.43447852 0.21723926
0.28209481 0.052611187 0.43447852 0.21723926
0.28209481 -0.10522237 0.37915984 0.28965235
0.28209481 -3.6324495e-17 0.38827017 0.29661202
0.28209481 0.10522237 0.37915984 0.28965235
0.28209481 -0.15098648 0.3097924 0.34635845
0.28209481 -0.052611187 0.32384115 0.36206543
0.28209481 0.052611187 0.32384115 0.36206543
0.28209481 0.15098648 0.3097924 0.34635845
0.28209481 -0.18613495 0.23750375 0.38428918
0.28209481 -0.098587334 0.25159019 0.40708148
0.28209481 -5.090001e-17 0.25687352 0.41563013
0.28209481 0.098587334 0.25159019 0.40708148
0.28209481 0.18613495 0.23750375 0.38428918
0.28209481 0.37646583 0.28643224 -0.12232117
0.28209481 0.31903532 0.35525104 -0.10366086
0.28209481 0.24430126 0.41563013 -0.079378292
0.28209481 0.15951766 0.4589119 -0.05183043
0.28209481 0.13176258 0.46854898 0.042812258
0.28209481 0.075293168 0.48214608 -0.024464233
0.28209481 0.19034907 0.43447852 0.11716684
0.28209481 0.22286457 0.43447852 0.017094411
0.28209481 0.24296026 0.37915984 0.18957992
0.28209481 0.28209481 0.38827017 0.091658153
0.28209481 0.30799127 0.37915984 -0.010564927
0.28209481 0.28274906 0.3097924 0.25062731
0.28209481 0.32808694 0.32384115 0.16192059
0.28209481 0.36060244 0.32384115 0.06184816
0.28209481 0.37606385 0.3097924 -0.036566034
0.28209481 0.30796185 0.23750375 0.29577672
0.28209481 0.35669234 0.25159019 0.21955723
0.28209481 0.39528775 0.25687352 0.12843677
0.28209481 0.41762266 0.25159019 0.032032967
0.28209481 0.42299959 0.23750375 -0.058272973
0.28209481 0.081433751 0.46854898 -0.11208395
0.28209481 0.17025338 0.43447852 -0.14482617
0.28209481 0.085126691 0.43447852 -0.20667434
0.28209481 0.25538006 0.37915984 -0.17248552
0.28209481 0.17434417 0.38827017 -0.23996417
0.28209481 0.085126691 0.37915984 -0.29618183
0.28209481 0.325735 0.3097924 -0.19146223
0.28209481 0.25538006 0.32384115 -0.26199302
0.28209481 0.17025338 0.32384115 -0.32384118
0.28209481 0.081433751 0.3097924 -0.36895749
0.28209481 0.37646583 0.23750375 -0.20148909
0.28209481 0.31903532 0.25159019 -0.27138767
0.28209481 0.24430126 0.25687352 -0.33625183
0.28209481 0.15951766 0.25159019 -0.38728401
0.28209481 0.075293168 0.23750375 -0.42030385
0.28209481 -0.37646583 -0.28643224 0.12232117
0.28209481 -0.23266868 -0.28643224 -0.32024097
0.28209481 -0.31903532 -0.35525104 0.10366086
0.28209481 -0.19717467 -0.35525104 -0.27138767
0.28209481 -0.24430126 -0.41563013 0.079378292
0.28209481 -0.15098648 -0.41563013 -0.20781507
0.28209481 -0.15951766 -0.4589119 0.05183043
0.28209481 -0.098587334 -0.4589119 -0.13569383
0.28209481 -0.075293168 -0.48214608 0.024464233
0.28209481 -0.13176258 -0.46854898 -0.042812258
0.28209481 -0.046533737 -0.48214608 -0.064048193
0.28209481 -0.22286457 -0.43447852 -0.017094411
0.28209481 -0.19034907 -0.43447852 -0.11716684
0.28209481 -0.30799127 -0.37915984 0.010564927
0.28209481 -0.28209481 -0.38827017 -0.091658153
0.28209481 -0.24296026 -0.37915984 -0.18957992
0.28209481 -0.37606385 -0.3097924 0.036566034
0.28209481 -0.36060244 -0.32384115 -0.06184816
0.28209481 -0.32808694 -0.32384115 -0.16192059
0.28209481 -0.28274906 -0.3097924 -0.25062731
0.28209481 -0.42299959 -0.23750375 0.058272973
0.28209481 -0.41762266 -0.25159019 -0.032032967
0.28209481 -0.39528775 -0.25687352 -0.12843677
0.28209481 -0.35669234 -0.25159019 -0.21955723
0.28209481 -0.30796185 -0.23750375 -0.29577672
0.28209481 -4.8476371e-17 -0.28643224 0.3958396
0.28209481 -4.1081217e-17 -0.35525104 0.3354536
0.28209481 -3.1457937e-17 -0.41563013 0.25687355
0.28209481 -2.0540609e-17 -0.4589119 0.1677268
0.28209481 -9.6952739e-18 -0.48214608 0.079167925
0.28209481 -0.081433751 -0.46854898 0.11208395
0.28209481 -0.085126691 -0.43447852 0.20667434
0.28209481 -0.17025338 -0.43447852 0.14482617
0.28209481 -0.085126691 -0.37915984 0.29618183
0.28209481 -0.17434417 -0.38827017 0.23996417
0.28209481 -0.25538006 -0.37915984 0.17248552
0.28209481 -0.081433751 -0.3097924 0.36895749
0.28209481 -0.17025338 -0.32384115 0.32384118
0.28209481 -0.25538006 -0.32384115 0.26199302
0.28209481 -0.325735 -0.3097924 0.19146223
0.28209481 -0.075293168 -0.23750375 0.42030385
0.28209481 -0.15951766 -0.25159019 0.38728401
0.28209481 -0.24430126 -0.25687352 0.33625183
0.28209481 -0.31903532 -0.25159019 0.27138767
0.28209481 -0.37646583 -0.23750375 0.20148909
0.28209481 0.37646583 -0.28643224 0.12232117
0.28209481 0.31903532 -0.35525104 0.10366086
0.28209481 0.24430126 -0.41563013 0.079378292
0.28209481 0.15951766 -0.4589119 0.05183043
0.28209481 0.075293168 -0.48214608 0.024464233
0.28209481 0.081433751 -0.46854898 0.11208395
0.28209481 0.17025338 -0.43447852 0.14482617
0.28209481 0.085126691 -0.43447852 0.20667434
0.28209481 0.25538006 -0.37915984 0.17248552
0.28209481 0.17434417 -0.38827017 0.23996417
0.28209481 0.085126691 -0.37915984 0.29618183
0.28209481 0.325735 -0.3097924 0.19146223
0.28209481 0.25538006 -0.32384115 0.26199302
0.28209481 0.17025338 -0.32384115 0.32384118
0.28209481 0.081433751 -0.3097924 0.36895749
0.28209481 0.37646583 -0.23750375 0.20148909
0.28209481 0.31903532 -0.25159019 0.27138767
0.28209481 0.24430126 -0.25687352 0.33625183
0.28209481 0.15951766 -0.25159019 0.38728401
0.28209481 0.075293168 -0.23750375 0.42030385
0.28209481 0.23266868 -0.28643224 -0.32024097
0.28209481 0.19717467 -0.35525104 -0.27138767
0.28209481 0.15098648 -0.41563013 -0.20781507
0.28209481 0.098587334 -0.4589119 -0.13569383
0.28209481 0.046533737 -0.48214608 -0.064048193
0.28209481 0.13176258 -0.46854898 -0.042812258
0.28209481 0.19034907 -0.43447852 -0.11716684
0.28209481 0.22286457 -0.43447852 -0.017094411
0.28209481 0.24296026 -0.37915984 -0.18957992
0.28209481 0.28209481 -0.38827017 -0.091658153
0.28209481 0.30799127 -0.37915984 0.010564927
0.28209481 0.28274906 -0.3097924 -0.25062731
0.28209481 0.32808694 -0.32384115 -0.16192059
0.28209481 0.36060244 -0.32384115 -0.06184816
0.28209481 0.37606385 -0.3097924 0.036566034
0.28209481 0.30796185 -0.23750375 -0.29577672
0.28209481 0.35669234 -0.25159019 -0.21955723
0.28209481 0.39528775 -0.25687352 -0.12843677
0.28209481 0.41762266 -0.25159019 -0.032032967
0.28209481 0.42299959 -0.23750375 0.058272973
0.28209481 3.3933341e-17 -0.46854898 -0.13854338
0.28209481 -0.052611187 -0.43447852 -0.21723926
0.28209481 0.052611187 -0.43447852 -0.21723926
0.28209481 -0.10522237 -0.37915984 -0.28965235
0.28209481 7.264899e-17 -0.38827017 -0.29661202
0.28209481 0.10522237 -0.37915984 -0.28965235
0.28209481 -0.15098648 -0.3097924 -0.34635845
0.28209481 -0.052611187 -0.32384115 -0.36206543
0.28209481 0.052611187 -0.32384115 -0.36206543
0.28209481 0.15098648 -0.3097924 -0.34635845
0.28209481 -0.18613495 -0.23750375 -0.38428918
0.28209481 -0.098587334 -0.25159019 -0.40708148
0.28209481 -3.1884868e-17 -0.25687352 -0.41563013
0.28209481 0.098587334 -0.25159019 -0.40708148
0.28209481 0.18613495 -0.23750375 -0.38428918
0.28209481 -0.23266868 -0.15833583 -0.39940888
0.28209481 -0.19717467 -0.083863392 -0.43911445
0.28209481 -0.15098648 2.9918276e-17 -0.4646886
0.28209481 -0.098587334 0.083863392 -0.47114742
0.28209481 -0.046533737 0.15833583 -0.4598878
0.28209481 -0.13176258 0.17124902 -0.43822917
0.28209481 -0.19034906 0.08950749 -0.441008
0.28209481 -0.22286457 0.17901498 -0.39625424
0.28209481 -0.24296024 2.9918276e-17 -0.4239136
0.28209481 -0.28209481 0.091658153 -0.38827017
0.28209481 -0.30799127 0.17901498 -0.33440611
0.28209481 -0.28274906 -0.085624509 -0.38917071
0.28209481 -0.32808694 2.9918276e-17 -0.36206543
0.28209481 -0.36060244 0.08950749 -0.31731167
0.28209481 -0.37606382 0.17124902 -0.26073393
0.28209481 -0.30796185 -0.15833583 -0.34470519
0.28209481 -0.35669234 -0.083863392 -0.32321808
0.28209481 -0.39528772 2.9918276e-17 -0.28719336
0.28209481 -0.41762266 0.083863392 -0.23935468
0.28209481 -0.42299956 0.15833583 -0.18636936
0.28209481 -0.45175901 -0.15833583 0.097856931
0.28209481 -0.47855297 -0.083863392 0.05183043
0.28209481 -0.48860252 2.9918276e-17 -2.9918276e-17
0.28209481 -0.47855297 0.083863392 -0.05183043
0.28209481 -0.45175901 0.15833583 -0.097856931
0.28209481 -0.4574976 0.17124902 -0.010106603
0.28209481 -0.47824463 0.08950749 0.044753749
0.28209481 -0.44572914 0.17901498 0.089507498
0.28209481 -0.47824463 2.9918276e-17 0.10007242
0.28209481 -0.45643896 0.091658153 0.14830601
0.28209481 -0.41321364 0.17901498 0.18957992
0.28209481 -0.4574976 -0.085624509 0.14864998
0.28209481 -0.44572914 2.9918276e-17 0.20014484
0.28209481 -0.41321364 0.08950749 0.2448986
0.28209481 -0.3641828 0.17124902 0.27708673
0.28209481 -0.42299956 -0.15833583 0.18636936
0.28209481 -0.41762266 -0.083863392 0.23935468
0.28209481 -0.39528772 2.9918276e-17 0.28719336
0.28209481 -0.35669234 0.083863392 0.32321808
0.28209481 -0.30796185 0.15833583 0.34470519
0.28209481 -0.046533737 -0.15833583 0.4598878
0.28209481 -0.098587334 -0.083863392 0.47114742
0.28209481 -0.15098648 2.9918276e-17 0.4646886
0.28209481 -0.19717467 0.083863392 0.43911445
0.28209481 -0.23266868 0.15833583 0.39940888
0.28209481 -0.15098648 0.17124902 0.43198296
0.28209481 -0.10522237 0.08950749 0.46866733
0.28209481 -0.052611187 0.17901498 0.45157292
0.28209481 -0.052611187 2.9918276e-17 0.48576176
0.28209481 -5.8774266e-17 0.091658153 0.47992831
0.28209481 0.052611187 0.17901498 0.45157292
0.28209481 -5.8910586e-17 -0.085624509 0.48104143
0.28209481 0.052611187 2.9918276e-17 0.48576176
0.28209481 0.10522237 0.08950749 0.46866733
0.28209481 0.15098648 0.17124902 0.43198296
0.28209481 0.046533737 -0.15833583 0.4598878
0.28209481 0.098587334 -0.083863392 0.47114742
0.28209481 0.15098648 2.9918276e-17 0.4646886
0.28209481 0.19717467 0.083863392 0.43911445
0.28209481 0.23266868 0.15833583 0.39940888
0.28209481 0.42299956 -0.15833583 0.18636936
0.28209481 0.41762266 -0.083863392 0.23935468
0.28209481 0.39528772 2.9918276e-17 0.28719336
0.28209481 0.35669234 0.083863392 0.32321808
0.28209481 0.30796185 0.15833583 0.34470519
0.28209481 0.3641828 0.17124902 0.27708673
0.28209481 0.41321364 0.08950749 0.2448986
0.28209481 0.41321364 0.17901498 0.18957992
0.28209481 0.44572914 2.9918276e-17 0.20014484
0.28209481 0.45643896 0.091658153 0.14830601
0.28209481 0.44572914 0.17901498 0.089507498
0.28209481 0.4574976 -0.085624509 0.14864998
0.28209481 0.47824463 2.9918276e-17 0.10007242
0.28209481 0.47824463 0.08950749 0.044753749
0.28209481 0.4574976 0.17124902 -0.010106603
0.28209481 0.45175901 -0.15833583 0.097856931
0.28209481 0.47855297 -0.083863392 0.05183043
0.28209481 0.48860252 2.9918276e-17 8.9754827e-17
0.28209481 0.47855297 0.083863392 -0.05183043
0.28209481 0.45175901 0.15833583 -0.097856931
0.28209481 0.30796185 -0.15833583 -0.34470519
0.28209481 0.35669234 -0.083863392 -0.32321808
0.28209481 0.39528772 2.9918276e-17 -0.28719336
0.28209481 0.41762266 0.083863392 -0.23935468
0.28209481 0.42299956 0.15833583 -0.18636936
0.28209481 0.37606382 0.17124902 -0.26073393
0.28209481 0.36060244 0.08950749 -0.31731167
0.28209481 0.30799127 0.17901498 -0.33440611
0.28209481 0.32808694 2.9918276e-17 -0.36206543
0.28209481 0.28209481 0.091658153 -0.38827017
0.28209481 0.22286457 0.17901498 -0.39625424
0.28209481 0.28274906 -0.085624509 -0.38917071
0.28209481 0.24296024 2.9918276e-17 -0.4239136
0.28209481 0.19034906 0.08950749 -0.441008
0.28209481 0.13176258 0.17124902 -0.43822917
0.28209481 0.23266868 -0.15833583 -0.39940888
0.28209481 0.19717467 -0.083863392 -0.43911445
0.28209481 0.15098648 2.9918276e-17 -0.4646886
0.28209481 0.098587334 0.083863392 -0.47114742
0.28209481 0.046533737 0.15833583 -0.4598878
0.28209481 -0.3641828 -0.17124902 -0.27708673
0.28209481 -0.41321364 -0.17901498 -0.18957992
0.28209481 -0.41321364 -0.08950749 -0.2448986
0.28209481 -0.44572914 -0.17901498 -0.089507498
0.28209481 -0.45643896 -0.091658153 -0.14830601
0.28209481 -0.44572914 2.9918276e-17 -0.20014484
0.28209481 -0.4574976 -0.17124902 0.010106603
0.28209481 -0.47824463 -0.08950749 -0.044753749
0.28209481 -0.47824463 2.9918276e-17 -0.10007242
0.28209481 -0.4574976 0.085624509 -0.14864998
0.28209481 -0.37606382 -0.17124902 0.26073393
0.28209481 -0.30799127 -0.17901498 0.33440611
0.28209481 -0.36060244 -0.08950749 0.31731167
0.28209481 -0.22286457 -0.17901498 0.39625424
0.28209481 -0.28209481 -0.091658153 0.38827017
0.28209481 -0.32808694 2.9918276e-17 0.36206543
0.28209481 -0.13176258 -0.17124902 0.43822917
0.28209481 -0.19034906 -0.08950749 0.441008
0.28209481 -0.24296024 2.9918276e-17 0.4239136
0.28209481 -0.28274906 0.085624509 0.38917071
0.28209481 0.13176258 -0.17124902 0.43822917
0.28209481 0.22286457 -0.17901498 0.39625424
0.28209481 0.19034906 -0.08950749 0.441008
0.28209481 0.30799127 -0.17901498 0.33440611
0.28209481 0.28209481 -0.091658153 0.38827017
0.28209481 0.24296024 2.9918276e-17 0.4239136
0.28209481 0.37606382 -0.17124902 0.26073393
0.28209481 0.36060244 -0.08950749 0.31731167
0.28209481 0.32808694 2.9918276e-17 0.36206543
0.28209481 0.28274906 0.085624509 0.38917071
0.28209481 0.4574976 -0.17124902 0.010106603
0.28209481 0.44572914 -0.17901498 -0.089507498
0.28209481 0.47824463 -0.08950749 -0.044753749
0.28209481 0.41321364 -0.17901498 -0.18957992
0.28209481 0.45643896 -0.091658153 -0.14830601
0.28209481 0.47824463 2.9918276e-17 -0.10007242
0.28209481 0.3641828 -0.17124902 -0.27708673
0.28209481 0.41321364 -0.08950749 -0.2448986
0.28209481 0.44572914 2.9918276e-17 -0.20014484
0.28209481 0.4574976 0.085624509 -0.14864998
0.28209481 0.15098648 -0.17124902 -0.43198296
0.28209481 0.052611187 -0.17901498 -0.45157292
0.28209481 0.10522237 -0.08950749 -0.46866733
0.28209481 -0.052611187 -0.17901498 -0.45157292
0.28209481 -1.7065838e-17 -0.091658153 -0.47992831
0.28209481 0.052611187 2.9918276e-17 -0.48576176
0.28209481 -0.15098648 -0.17124902 -0.43198296
0.28209481 -0.10522237 -0.08950749 -0.46866733
0.28209481 -0.052611187 2.9918276e-17 -0.48576176
0.28209481 -4.7827302e-17 0.085624509 -0.48104143
