0.28209481 0 0.48860252 0
0.28209481 0 0.21850967 -0.43701938
0.28209481 -0.41563013 0.21850967 -0.13504641
0.28209481 -0.25687355 0.21850967 0.3535561
0.28209481 0.25687355 0.21850967 0.3535561
0.28209481 0.41563013 0.21850967 -0.13504641
0.28209481 -0.25687355 -0.21850967 -0.3535561
0.28209481 -0.41563013 -0.21850967 0.13504641
0.28209481 -5.3519439e-17 -0.21850967 0.43701938
0.28209481 0.41563013 -0.21850967 0.13504641
0.28209481 0.25687355 -0.21850967 -0.3535561
0.28209481 0 -0.48860252 0
0.28209481 0 0.32126257 -0.36813417
0.28209481 -0.3501164 0.32126257 -0.11375972
0.28209481 0 0.41563013 -0.25687355
0.28209481 -0.24430126 0.41563013 -0.079378292
0.28209481 0 0.4729422 -0.12271139
0.28209481 -0.12843677 0.43701938 -0.17677805
0.28209481 -0.11670547 0.4729422 -0.037919905
0.28209481 -0.12843677 0.3535561 -0.31182447
0.28209481 -0.25687355 0.3535561 -0.21850969
0.28209481 -0.11670547 0.24542277 -0.40605408
0.28209481 -0.24430126 0.25687352 -0.33625183
0.28209481 -0.3501164 0.24542277 -0.2364711
0.28209481 -0.21638384 0.32126257 0.2978268
0.28209481 -0.15098648 0.41563013 0.20781507
0.28209481 -0.20781507 0.43701938 0.067523211
0.28209481 -0.072127946 0.4729422 0.099275604
0.28209481 -0.33625183 0.3535561 0.025791571
0.28209481 -0.28719336 0.3535561 0.17677805
0.28209481 -0.42224434 0.24542277 -0.014484115
0.28209481 -0.39528775 0.25687352 0.12843677
0.28209481 -0.33308929 0.24542277 0.25990689
0.28209481 0.21638384 0.32126257 0.2978268
0.28209481 0.15098648 0.41563013 0.20781507
0.28209481 -2.675972e-17 0.43701938 0.21850969
0.28209481 0.072127946 0.4729422 0.099275604
0.28209481 -0.079378292 0.3535561 0.32776454
0.28209481 0.079378292 0.3535561 0.32776454
0.28209481 -0.14425589 0.24542277 0.39710242
0.28209481 -5.090001e-17 0.25687352 0.41563013
0.28209481 0.14425589 0.24542277 0.39710242
0.28209481 0.3501164 0.32126257 -0.11375972
0.28209481 0.24430126 0.41563013 -0.079378292
0.28209481 0.20781507 0.43701938 0.067523211
0.28209481 0.11670547 0.4729422 -0.037919905
0.28209481 0.28719336 0.3535561 0.17677805
0.28209481 0.33625183 0.3535561 0.025791571
0.28209481 0.33308929 0.24542277 0.25990689
0.28209481 0.39528775 0.25687352 0.12843677
0.28209481 0.42224434 0.24542277 -0.014484115
0.28209481 0.12843677 0.43701938 -0.17677805
0.28209481 0.25687355 0.3535561 -0.21850969
0.28209481 0.12843677 0.3535561 -0.31182447
0.28209481 0.3501164 0.24542277 -0.2364711
0.28209481 0.24430126 0.25687352 -0.33625183
0.28209481 0.11670547 0.24542277 -0.40605408
0.28209481 -0.3501164 -0.32126257 0.11375972
0.28209481 -0.21638384 -0.32126257 -0.2978268
0.28209481 -0.24430126 -0.41563013 0.079378292
0.28209481 -0.15098648 -0.41563013 -0.20781507
0.28209481 -0.11670547 -0.4729422 0.037919905
0.28209481 -0.20781507 -0.43701938 -0.067523211
0.28209481 -0.072127946 -0.4729422 -0.099275604
0.28209481 -0.33625183 -0.3535561 -0.025791571
0.28209481 -0.28719336 -0.3535561 -0.17677805
0.28209481 -0.42224434 -0.24542277 0.014484115
0.28209481 -0.39528775 -0.25687352 -0.12843677
0.28209481 -0.33308929 -0.24542277 -0.25990689
0.28209481 -4.5083434e-17 -0.32126257 0.36813417
0.28209481 -3.1457937e-17 -0.41563013 0.25687355
0.28209481 -1.502781e-17 -0.4729422 0.12271139
0.28209481 -0.12843677 -0.43701938 0.17677805
0.28209481 -0.12843677 -0.3535561 0.31182447
0.28209481 -0.25687355 -0.3535561 0.21850969
0.28209481 -0.11670547 -0.24542277 0.40605408
0.28209481 -0.24430126 -0.25687352 0.33625183
0.28209481 -0.3501164 -0.24542277 0.2364711
0.28209481 0.3501164 -0.32126257 0.11375972
0.28209481 0.24430126 -0.41563013 0.079378292
0.28209481 0.11670547 -0.4729422 0.037919905
0.28209481 0.12843677 -0.43701938 0.17677805
0.28209481 0.25687355 -0.3535561 0.21850969
0.28209481 0.12843677 -0.3535561 0.31182447
0.28209481 0.3501164 -0.24542277 0.2364711
0.28209481 0.24430126 -0.25687352 0.33625183
0.28209481 0.11670547 -0.24542277 0.40605408
0.28209481 0.21638384 -0.32126257 -0.2978268
0.28209481 0.15098648 -0.41563013 -0.20781507
0.28209481 0.072127946 -0.4729422 -0.099275604
0.28209481 0.20781507 -0.43701938 -0.067523211
0.28209481 0.28719336 -0.3535561 -0.17677805
0.28209481 0.33625183 -0.3535561 -0.025791571
0.28209481 0.33308929 -0.24542277 -0.25990689
0.28209481 0.39528775 -0.25687352 -0.12843677
0.28209481 0.42224434 -0.24542277 0.014484115
0.28209481 5.3519439e-17 -0.43701938 -0.21850969
0.28209481 -0.079378292 -0.3535561 -0.32776454
0.28209481 0.079378292 -0.3535561 -0.32776454
0.28209481 -0.14425589 -0.24542277 -0.39710242
0.28209481 0 -0.25687352 -0.41563013
0.28209481 0.14425589 -0.24542277 -0.39710242
0.28209481 -0.21638383 -0.12271138 -0.42053819
0.28209481 -0.15098648 2.9918276e-17 -0.4646886
0.28209481 -0.072127946 0.12271138 -0.46740976
0.28209481 -0.20781507 0.13504641 -0.42107931
0.28209481 -0.28719336 2.9918276e-17 -0.39528772
0.28209481 -0.33625183 0.13504641 -0.32776454
0.28209481 -0.33308929 -0.12271138 -0.33574671
0.28209481 -0.39528772 2.9918276e-17 -0.28719336
0.28209481 -0.42224434 0.12271138 -0.21303532
0.28209481 -0.46682188 -0.12271138 0.07583981
0.28209481 -0.48860252 2.9918276e-17 -2.9918276e-17
0.28209481 -0.46682188 0.12271138 -0.07583981
0.28209481 -0.4646886 0.13504641 0.067523204
0.28209481 -0.4646886 2.9918276e-17 0.15098648
0.28209481 -0.41563013 0.13504641 0.21850969
0.28209481 -0.42224434 -0.12271138 0.21303532
0.28209481 -0.39528772 2.9918276e-17 0.28719336
0.28209481 -0.33308929 0.12271138 0.33574671
0.28209481 -0.072127946 -0.12271138 0.46740976
0.28209481 -0.15098648 2.9918276e-17 0.4646886
0.28209481 -0.21638383 0.12271138 0.42053819
0.28209481 -0.079378292 0.13504641 0.46281093
0.28209481 -5.9836551e-17 2.9918276e-17 0.48860252
0.28209481 0.079378292 0.13504641 0.46281093
0.28209481 0.072127946 -0.12271138 0.46740976
0.28209481 0.15098648 2.9918276e-17 0.4646886
0.28209481 0.21638383 0.12271138 0.42053819
0.28209481 0.42224434 -0.12271138 0.21303532
0.28209481 0.39528772 2.9918276e-17 0.28719336
0.28209481 0.33308929 0.12271138 0.33574671
0.28209481 0.41563013 0.13504641 0.21850969
0.28209481 0.4646886 2.9918276e-17 0.15098648
0.28209481 0.4646886 0.13504641 0.067523204
0.28209481 0.46682188 -0.12271138 0.07583981
0.28209481 0.48860252 2.9918276e-17 8.9754827e-17
0.28209481 0.46682188 0.12271138 -0.07583981
0.28209481 0.33308929 -0.12271138 -0.33574671
0.28209481 0.39528772 2.9918276e-17 -0.28719336
0.28209481 0.42224434 0.12271138 -0.21303532
0.28209481 0.33625183 0.13504641 -0.32776454
0.28209481 0.28719336 2.9918276e-17 -0.39528772
0.28209481 0.20781507 0.13504641 -0.42107931
0.28209481 0.21638383 -0.12271138 -0.42053819
0.28209481 0.15098648 2.9918276e-17 -0.4646886
0.28209481 0.072127946 0.12271138 -0.46740976
0.28209481 -0.41563013 -0.13504641 -0.21850969
0.28209481 -0.4646886 -0.13504641 -0.067523204
0.28209481 -0.4646886 2.9918276e-17 -0.15098648
0.28209481 -0.33625183 -0.13504641 0.32776454
0.28209481 -0.20781507 -0.13504641 0.42107931
0.28209481 -0.28719336 2.9918276e-17 0.39528772
0.28209481 0.20781507 -0.13504641 0.42107931
0.28209481 0.33625183 -0.13504641 0.32776454
0.28209481 0.28719336 2.9918276e-17 0.39528772
0.28209481 0.4646886 -0.13504641 -0.067523204
0.28209481 0.41563013 -0.13504641 -0.21850969
0.28209481 0.4646886 2.9918276e-17 -0.15098648
0.28209481 0.079378292 -0.13504641 -0.46281093
0.28209481 -0.079378292 -0.13504641 -0.46281093
0.28209481 1.196731e-16 2.9918276e-17 -0.48860252
