0.28209481 0 0.48860252 0 0 0 0.63078314 0 0 0 0 0 0.74635267 0 0 0 0 0 0 0 0.84628439 0 0 0 0 0 0 0 0 0 0.93560261 0 0 0 0 0 0 0 0 0 0 0 1.0171072 0 0 0 0 0 0
0.28209481 0 0.21850967 -0.43701938 0 0 -0.12615664 -0.43701935 0.43701938 0 0 0 -0.33377907 3.3592887e-08 0.51708829 -0.42220083 0 0 0 0 -0.16925685 0.42818981 0.15138792 -0.56644183 0.4005349 0 0 0 0 0 0.18410228 0.38892266 -0.34299761 -0.2800563 0.59408921 -0.37573504 0 0 0 0 0 0 0.33361116 -0.074575596 -0.47165707 0.23582859 0.3875058 -0.60585451 0.34979028
0.28209481 -0.41563013 0.21850967 -0.13504641 0.25687355 -0.4156301 -0.12615664 -0.13504641 -0.3535561 0.24816343 0.30393687 3.1948733e-08 -0.33377907 1.0380773e-08 -0.4183332 0.34156767 -0.38093132 0.33294615 0.08898358 0.4072327 -0.16925685 0.13231793 -0.12247539 0.45826107 0.12377208 9.2028542e-17 -0.5650124 0.16461296 -0.20160894 0.36988741 0.18410228 0.12018371 0.27749088 0.22657031 0.18358366 -0.37573504 0.33267033 1.4839156e-16 -0.36853993 -0.13861658 -0.27723306 -0.070925608 0.33361116 -0.023045126 0.38157859 -0.19078934 0.11974588 -0.60585451 0.10809115
0.28209481 -0.25687355 0.21850967 0.3535561 -0.41563013 -0.25687355 -0.12615664 0.3535561 0.13504642 -0.40153685 -0.49178019 1.9745404e-08 -0.33377907 -2.7177215e-08 0.15978907 -0.13046724 -0.2354285 -0.53871822 -0.14397846 0.25168365 -0.16925685 -0.34641284 0.046781436 -0.17504016 -0.32403952 1.8405708e-16 -0.34919688 -0.26634938 0.32621011 0.22860301 0.18410228 -0.31464505 -0.10599209 -0.086542159 -0.48062828 -0.37573504 0.20560157 2.9678311e-16 -0.22777019 0.22428632 0.44857255 -0.043834437 0.33361116 0.060332924 -0.14575005 0.072875045 -0.31349877 -0.60585451 -0.28298628
0.28209481 0.25687355 0.21850967 0.3535561 0.41563013 0.25687355 -0.12615664 0.3535561 0.13504642 0.40153685 0.49178019 -1.9745404e-08 -0.33377907 -2.7177215e-08 0.15978907 -0.13046724 0.2354285 0.53871822 0.14397846 -0.25168365 -0.16925685 -0.34641284 0.046781436 -0.17504016 -0.32403952 2.7608562e-16 0.34919688 0.26634938 -0.32621011 -0.22860301 0.18410228 -0.31464505 -0.10599209 -0.086542159 -0.48062828 -0.37573504 -0.20560157 4.4517468e-16 0.22777019 -0.22428632 -0.44857255 0.043834437 0.33361116 0.060332924 -0.14575005 0.072875045 -0.31349877 -0.60585451 -0.28298628
0.28209481 0.41563013 0.21850967 -0.13504641 -0.25687355 0.4156301 -0.12615664 -0.13504641 -0.3535561 -0.24816343 -0.30393687 -3.1948733e-08 -0.33377907 1.0380773e-08 -0.4183332 0.34156767 0.38093132 -0.33294615 -0.08898358 -0.4072327 -0.16925685 0.13231793 -0.12247539 0.45826107 0.12377208 3.6811417e-16 0.5650124 -0.16461296 0.20160894 -0.36988741 0.18410228 0.12018371 0.27749088 0.22657031 0.18358366 -0.37573504 -0.33267033 5.9356623e-16 0.36853993 0.13861658 0.27723306 0.070925608 0.33361116 -0.023045126 0.38157859 -0.19078934 0.11974588 -0.60585451 0.10809115
0.28209481 -0.25687355 -0.21850967 -0.3535561 0.41563013 0.25687355 -0.12615664 0.3535561 0.13504642 -0.40153685 -0.49178019 1.9745404e-08 0.33377907 2.7177215e-08 -0.15978907 0.13046724 0.2354285 0.53871822 0.14397846 -0.25168365 -0.16925685 -0.34641284 0.046781436 -0.17504016 -0.32403952 -4.6014271e-17 -0.34919688 -0.26634938 0.32621011 0.22860301 -0.18410228 0.31464505 0.10599209 0.086542159 0.48062828 0.37573504 -0.20560157 7.4195778e-17 0.22777019 -0.22428632 -0.44857255 0.043834437 0.33361116 0.060332924 -0.14575005 0.072875045 -0.31349877 -0.60585451 -0.28298628
0.28209481 -0.41563013 -0.21850967 0.13504641 -0.25687355 0.4156301 -0.12615664 -0.13504641 -0.3535561 0.24816343 0.30393687 3.1948733e-08 0.33377907 -1.0380773e-08 0.4183332 -0.34156767 0.38093132 -0.33294615 -0.08898358 -0.4072327 -0.16925685 0.13231793 -0.12247539 0.45826107 0.12377208 -1.3804281e-16 -0.5650124 0.16461296 -0.20160894 0.36988741 -0.18410228 -0.12018371 -0.27749088 -0.22657031 -0.18358366 0.37573504 -0.33267033 2.2258734e-16 0.36853993 0.13861658 0.27723306 0.070925608 0.33361116 -0.023045126 0.38157859 -0.19078934 0.11974588 -0.60585451 0.10809115
0.28209481 -5.3519439e-17 -0.21850967 0.43701938 -1.0703888e-16 5.3519436e-17 -0.12615664 -0.43701935 0.43701938 -1.5511407e-16 1.266501e-16 4.113942e-24 0.33377907 -3.3592887e-08 -0.51708829 0.42220083 -1.9620551e-16 2.0810735e-16 -3.7079344e-17 -5.2438129e-17 -0.16925685 0.42818981 0.15138792 -0.56644183 0.4005349 -2.3007135e-16 2.9101979e-16 -1.0289102e-16 -8.4010184e-17 4.7629288e-17 -0.18410228 -0.38892266 0.34299761 0.2800563 -0.59408921 0.37573504 -2.5702172e-16 3.7097888e-16 -1.898231e-16 -8.6642021e-17 1.1552267e-16 9.1328763e-18 0.33361116 -0.074575596 -0.47165707 0.23582859 0.3875058 -0.60585451 0.34979028
0.28209481 0.41563013 -0.21850967 0.13504641 0.25687355 -0.4156301 -0.12615664 -0.13504641 -0.3535561 -0.24816343 -0.30393687 -3.1948733e-08 0.33377907 -1.0380773e-08 0.4183332 -0.34156767 -0.38093132 0.33294615 0.08898358 0.4072327 -0.16925685 0.13231793 -0.12247539 0.45826107 0.12377208 -3.220999e-16 0.5650124 -0.16461296 0.20160894 -0.36988741 -0.18410228 -0.12018371 -0.27749088 -0.22657031 -0.18358366 0.37573504 0.33267033 5.1937043e-16 -0.36853993 -0.13861658 -0.27723306 -0.070925608 0.33361116 -0.023045126 0.38157859 -0.19078934 0.11974588 -0.60585451 0.10809115
0.28209481 0.25687355 -0.21850967 -0.3535561 -0.41563013 -0.25687355 -0.12615664 0.3535561 0.13504642 0.40153685 0.49178019 -1.9745404e-08 0.33377907 2.7177215e-08 -0.15978907 0.13046724 -0.2354285 -0.53871822 -0.14397846 0.25168365 -0.16925685 -0.34641284 0.046781436 -0.17504016 -0.32403952 -4.1412844e-16 0.34919688 0.26634938 -0.32621011 -0.22860301 -0.18410228 0.31464505 0.10599209 0.086542159 0.48062828 0.37573504 0.20560157 6.6776202e-16 -0.22777019 0.22428632 0.44857255 -0.043834437 0.33361116 0.060332924 -0.14575005 0.072875045 -0.31349877 -0.60585451 -0.28298628
0.28209481 0 -0.48860252 0 0 0 0.63078314 0 0 0 0 0 -0.74635267 0 0 0 0 0 0 0 0.84628439 0 0 0 0 0 0 0 0 0 -0.93560261 0 0 0 0 0 0 0 0 0 0 0 1.0171072 0 0 0 0 0 0
0.28209481 0 0.32126257 -0.36813417 0 0 0.093662038 -0.54124713 0.31010699 0 0 0 -0.20571247 -0.40001234 0.53946722 -0.25236866 0 0 0 0 -0.36264119 -0.0087053571 0.54417479 -0.49780712 0.20167966 0 0 0 0 0 -0.26819292 0.38479945 0.26567149 -0.60493207 0.43980777 -0.15937085 0 0 0 0 0 0 0.011746361 0.52007812 -0.16054545 -0.45480749 0.61065143 -0.37782007 0.12497996
0.28209481 -0.3501164 0.32126257 -0.11375972 0.18227632 -0.51475656 0.093662038 -0.16725455 -0.25088185 0.14833857 0.31709087 -0.38043436 -0.20571247 -0.12361062 -0.43643814 0.20417053 -0.19180876 0.2926037 0.31985793 -0.0082792863 -0.36264119 -0.0026901031 -0.44024667 0.40273443 0.062322445 3.90346e-17 -0.41828206 0.35557017 0.15615778 0.36596602 -0.26819292 0.11890958 -0.21493274 0.48940036 0.13590808 -0.15937085 0.118863 9.2539223e-17 -0.58076406 0.26732916 -0.094366252 0.49462369 0.011746361 0.16071299 0.129884 0.36794701 0.18870167 -0.37782007 0.03862093
0.28209481 0 0.41563013 -0.25687355 0 0 0.36926687 -0.48860252 0.15098648 0 0 0 0.19619039 -0.62906957 0.33981177 -0.085738353 0 0 0 0 -0.040406503 -0.6179359 0.53156418 -0.2188002 0.047809601 0 0 0 0 0 -0.26514921 -0.44416791 0.65977377 -0.39188355 0.13488472 -0.026361804 0 0 0 0 0 0 -0.40906093 -0.14873075 0.66888624 -0.56474447 0.26826295 -0.080853373 0.014425134
0.28209481 -0.24430126 0.41563013 -0.079378292 0.088747628 -0.4646886 0.36926687 -0.15098648 -0.12215063 0.050395742 0.19973634 -0.59828073 0.19619039 -0.19439319 -0.27491349 0.069363788 -0.045469631 0.12860754 0.31244558 -0.58769196 -0.040406503 -0.1909527 -0.43004444 0.17701308 0.014773979 6.45678e-18 -0.12828299 0.23034337 0.38780528 -0.42242879 -0.26514921 -0.13725543 -0.53376818 0.31704047 0.04168167 -0.026361804 0.013719118 1.9803364e-17 -0.25513324 0.33194846 0.39316148 -0.14145134 -0.40906093 -0.045960329 -0.54114032 0.45688787 0.082897812 -0.080853373 0.0044576116
0.28209481 0 0.4729422 -0.12271139 0 0 0.57110304 -0.26559645 0.034456335 0 0 0 0.60851252 -0.42294326 0.088241011 -0.0093469871 0 0 0 0 0.59411705 -0.5787642 0.1658652 -0.027142214 0.0024898723 0 0 0 0 0 0.53413594 -0.71865028 0.26497275 -0.057601344 0.0079932939 -0.00065584714 0 0 0 0 0 0 0.43540257 -0.83005881 0.38069582 -0.10320157 0.018681206 -0.0022888992 0.00017144028
0.28209481 -0.12843677 0.43701938 -0.17677805 0.10390753 -0.25687355 0.4415482 -0.3535561 0.033761606 -0.05019211 0.24589011 -0.36042479 0.33377904 -0.49608219 0.079894535 0.016308405 0.014714282 -0.13467956 0.41393819 -0.40898591 0.14809975 -0.56292081 0.13449667 0.043760043 -0.020252472 -1.4379461e-18 0.043649614 -0.258026 0.57086766 -0.38576758 -0.07113044 -0.53096354 0.18548614 0.083837733 -0.060078539 0.01174172 -0.0032125246 -4.6372366e-18 0.092531659 -0.40651888 0.67636329 -0.29040289 -0.27512753 -0.39970526 0.21976376 0.13208599 -0.1273589 0.037865911 -0.0044216607
0.28209481 -0.11670547 0.4729422 -0.037919905 0.020252924 -0.25259724 0.57110304 -0.082073815 -0.027875761 0.0054940213 0.051866762 -0.40224293 0.60851252 -0.13069665 -0.071388476 0.0075618713 -0.0023680094 0.015953794 0.09749312 -0.55043745 0.59411705 -0.17884798 -0.13418776 0.021958513 0.0007694129 1.6063621e-19 -0.0076020746 0.033857219 0.15574707 -0.68347704 0.53413594 -0.22207515 -0.21436745 0.046600465 0.0024700637 -0.00065584714 0.00016304939 5.6061861e-19 -0.017766882 0.060660359 0.2237674 -0.78943282 0.43540257 -0.25650227 -0.30798939 0.083491825 0.00577281 -0.0022888992 5.2977957e-05
0.28209481 -0.12843677 0.3535561 -0.31182447 0.18328583 -0.20781507 0.18003193 -0.50454259 0.18474808 -0.17879964 0.3508977 -0.19439319 -0.10314342 -0.47195634 0.35369718 -0.075312763 0.14202926 -0.3881419 0.4230552 -0.084659539 -0.32925341 -0.20554017 0.42643037 -0.16349049 0.0011286315 -0.095377907 0.34086058 -0.55038285 0.33215922 0.068229631 -0.37067384 0.1656509 0.33480921 -0.23182851 0.0027086393 0.03840141 0.05284876 -0.24884108 0.54501909 -0.55744171 0.096200727 0.18405062 -0.20481716 0.44684622 0.096968219 -0.2348018 0.0043309797 0.10018934 -0.051603686
0.28209481 -0.25687355 0.3535561 -0.21850969 0.25687355 -0.41563013 0.18003193 -0.3535561 -0.041731637 -0.10038421 0.49178019 -0.38878638 -0.10314342 -0.33072144 -0.079894535 0.1660251 -0.044962842 -0.2179161 0.59290832 -0.16931908 -0.32925341 -0.14403141 -0.096323796 0.36041066 -0.13472907 0.095377907 -0.10790778 -0.30900371 0.46551839 0.13645926 -0.37067384 0.11607917 -0.075628042 0.51106012 -0.32334065 0.03840141 -0.065409184 0.24884108 -0.17253917 -0.31296679 0.13482451 0.36810124 -0.20481716 0.31312561 -0.021903569 0.51761466 -0.51700562 0.10018934 0.034315743
0.28209481 -0.11670547 0.24542277 -0.40605408 0.21687245 -0.13107967 -0.076671109 -0.45606634 0.34611681 -0.28396901 0.28821233 -0.02854776 -0.32587209 -0.099326402 0.45997143 -0.25473613 0.31484443 -0.42790896 0.14388745 0.099044293 -0.24765164 0.34460542 0.22963665 -0.38385832 0.15259863 -0.3126511 0.52450728 -0.29919356 -0.11618781 0.12933341 0.079260379 0.44999054 -0.18542951 -0.2683934 0.25421789 -0.054134291 0.28389719 -0.56622726 0.45063624 0.050037131 -0.26346117 0.03274031 0.32738081 0.11391357 -0.42046991 0.044886112 0.21841413 -0.098039992 -0.030902406
0.28209481 -0.24430126 0.25687352 -0.33625183 0.37594098 -0.28719336 -0.053875331 -0.39528772 0.12215063 -0.34541756 0.5229165 -0.087287955 -0.31744274 -0.12014157 0.16990587 0.11223297 0.19261244 -0.54479021 0.30433145 0.18734436 -0.27695012 0.25785738 0.098883286 0.17701308 -0.26510829 -3.5803391e-17 0.33584923 -0.42603865 -0.14812848 0.28654483 0.028605523 0.39439511 -0.048129864 0.13842835 -0.46225679 0.29235688 -0.15214735 -6.7867138e-17 0.31684026 -0.011432856 -0.46092498 0.11805195 0.30735022 0.16248456 -0.14976361 0.0037147601 -0.43609321 0.55417722 -0.20941286
0.28209481 -0.3501164 0.24542277 -0.2364711 0.37889585 -0.39323902 -0.076671109 -0.26559642 -0.15253995 -0.080005616 0.50353312 -0.085643277 -0.32587209 -0.05784408 -0.20271775 0.37299865 -0.24242219 -0.12055935 0.25138444 0.29713288 -0.24765164 0.20068565 -0.10120504 0.5620665 -0.25227928 0.3126511 -0.40385726 -0.08429499 -0.20299065 0.38800022 0.079260379 0.26205811 0.081722148 0.3929964 -0.4202784 -0.054134291 -0.11711899 0.56622726 -0.34697843 0.014097494 -0.46029061 0.09822093 0.32738081 0.066339113 0.18530871 -0.065724716 -0.36108685 -0.098039992 0.2604529
0.28209481 -0.21638384 0.32126257 0.2978268 -0.2949293 -0.31813705 0.093662038 0.4378781 0.095828332 -0.24001685 -0.51306379 -0.23512137 -0.20571247 0.3236168 0.16670454 -0.077986203 -0.11854433 -0.4734427 -0.51754099 -0.0051168804 -0.36264119 0.0070427814 0.16815926 -0.15383086 -0.16316228 7.80692e-17 -0.25851253 -0.57532459 -0.25266859 0.22617945 -0.26819292 -0.31130931 0.082097001 -0.18693429 -0.35581195 -0.15937085 0.073461376 1.8507845e-16 -0.3589319 -0.43254763 0.1526878 0.30569425 0.011746361 -0.42075205 -0.049611274 -0.14054325 -0.49402741 -0.37782007 -0.10111091
0.28209481 -0.15098648 0.41563013 0.20781507 -0.14359668 -0.28719336 0.36926687 0.39528775 0.046657391 -0.081542023 -0.3231802 -0.36975783 0.19619039 0.508928 0.10500761 -0.026494609 -0.028101778 -0.20809136 -0.50554758 -0.36321363 -0.040406503 0.49992067 0.16426237 -0.067612983 -0.038678776 1.291356e-17 -0.079283252 -0.3727034 -0.62748212 -0.26107535 -0.26514921 0.35933939 0.20388129 -0.12109868 -0.10912403 -0.026361804 0.0084788809 3.9606728e-17 -0.15768102 -0.53710389 -0.63614863 -0.087421738 -0.40906093 0.1203257 0.20669721 -0.17451563 -0.2170293 -0.080853373 -0.011670179
0.28209481 -0.20781507 0.43701938 0.067523211 -0.064218387 -0.41563013 0.4415482 0.13504641 -0.088389032 0.031020429 -0.15196843 -0.58317959 0.33377904 0.18948653 -0.20916662 -0.042695958 0.023808207 0.083236545 -0.25582787 -0.66175312 0.14809975 0.21501662 -0.35211685 -0.11456528 0.0077357558 -4.3138379e-18 0.070626557 0.15946884 -0.3528156 -0.62418509 -0.07113044 0.20281002 -0.48560902 -0.21949002 0.02294796 0.01174172 -0.0051979739 -1.3911709e-17 0.14971937 0.25124249 -0.41801551 -0.46988171 -0.27512753 0.15267383 -0.57534897 -0.34580562 0.04864677 0.037865911 0.0016889242
0.28209481 -0.072127946 0.4729422 0.099275604 -0.032769922 -0.15611367 0.57110304 0.21487203 0.010647593 -0.0088895131 -0.083922185 -0.24859981 0.60851252 0.34216827 0.027267972 -0.0028883778 -0.0014635102 -0.025813781 -0.15774718 -0.34018907 0.59411705 0.4682301 0.051255163 -0.0083874054 -0.002014349 3.2127243e-19 -0.0046983408 -0.054782134 -0.25200406 -0.42241204 0.53413594 0.58140028 0.081881076 -0.017799793 -0.0064667109 -0.00065584714 0.00010077006 1.1212372e-18 -0.010980537 -0.098150522 -0.36206326 -0.48789632 0.43540257 0.67153168 0.11764148 -0.031891037 -0.015113412 -0.0022888992 -0.00013869809
0.28209481 -0.33625183 0.3535561 0.025791571 -0.039689146 -0.54406691 0.18003193 0.041731637 -0.25719705 0.18891968 -0.075984217 -0.50892794 -0.10314342 0.039036371 -0.49239954 -0.044166487 0.042816058 0.41011068 -0.091609374 -0.22164154 -0.32925341 0.017000601 -0.59365505 -0.095877506 0.13542661 -0.095377907 0.10275564 0.58153445 -0.071926542 0.17862748 -0.37067384 -0.013701288 -0.46610463 -0.13595372 0.32501468 0.03840141 -0.032746855 -0.24884108 0.16430116 0.58899283 -0.020831533 0.4818508 -0.20481716 -0.036959466 -0.1349943 -0.13769737 0.51968235 0.10018934 -0.066208571
0.28209481 -0.28719336 0.3535561 0.17677805 -0.23234431 -0.4646886 0.18003193 0.28603289 -0.11722488 -0.016374569 -0.44481936 -0.43467638 -0.10314342 0.26755926 -0.22442511 -0.1933215 0.11424068 -0.035546247 -0.53629065 -0.18930447 -0.32925341 0.11652385 -0.2705752 -0.41966623 -0.084395781 0.095377907 0.27416989 -0.050404362 -0.42106533 0.15256609 -0.37067384 -0.093910024 -0.21244046 -0.59508413 -0.20254415 0.03840141 0.012423661 0.24884108 0.43838403 -0.051050816 -0.12194991 0.41154972 -0.20481716 -0.25332394 -0.061527498 -0.60271633 -0.32385802 0.10018934 0.072811984
0.28209481 -0.42224434 0.24542277 -0.014484115 0.027988853 -0.47425073 -0.076671109 -0.016268073 -0.40748879 0.37946591 0.037195746 -0.10328677 -0.32587209 -0.0035430135 -0.54153168 0.039173063 -0.047837641 0.57181185 0.018569646 0.3583456 -0.24765164 0.012292217 -0.2703549 0.059029344 0.34659043 -0.3126511 -0.079693928 0.39981034 -0.014994822 0.46793264 0.079260379 0.016051346 0.2183091 0.041273266 0.57739371 -0.054134291 0.058339119 -0.56622726 -0.068469919 -0.066864282 -0.034001444 0.11845556 0.32738081 0.0040633436 0.4950259 -0.006902541 0.4960742 -0.098039992 -0.27955163
0.28209481 -0.39528775 0.25687352 0.12843677 -0.23234431 -0.4646886 -0.053875331 0.15098648 -0.31979451 0.21347979 -0.32318017 -0.14123489 -0.31744274 0.045889996 -0.44481936 -0.29382971 0.31165349 0.33669889 -0.18808718 0.30312955 -0.27695012 -0.098492756 -0.25887981 -0.46342626 0.10126235 4.1191998e-16 0.54341549 0.26330638 0.091548435 0.46363926 0.028605523 -0.15064552 0.12600562 -0.36241013 0.17656639 0.29235688 -0.24617958 7.8081509e-16 0.5126583 0.0070658936 0.28486732 0.19101205 0.30735022 -0.062063579 0.39208621 -0.0097253686 0.16657279 0.55417722 0.079988591
0.28209481 -0.33308929 0.24542277 0.25990689 -0.39619392 -0.37411475 -0.076671109 0.29191872 -0.099301986 -0.15451722 -0.52652133 -0.081478216 -0.32587209 0.063576795 -0.13196723 -0.34878838 0.16501927 -0.23283984 -0.2628611 0.28268251 -0.24765164 -0.22057487 -0.065883473 -0.52558434 -0.30851579 0.3126511 0.27490976 -0.1628014 0.21225795 0.36913073 0.079260379 -0.28802973 0.053200301 -0.36748812 -0.51396424 -0.054134291 0.21151367 0.56622726 0.23619176 0.027226906 0.48130465 0.093444183 0.32738081 -0.072913744 0.12063412 0.061458711 -0.44157806 -0.098039992 0.19187115
0.28209481 0.21638384 0.32126257 0.2978268 0.2949293 0.31813705 0.093662038 0.4378781 0.095828332 0.24001685 0.51306379 0.23512137 -0.20571247 0.3236168 0.16670454 -0.077986203 0.11854433 0.4734427 0.51754099 0.0051168804 -0.36264119 0.0070427814 0.16815926 -0.15383086 -0.16316228 1.171038e-16 0.25851253 0.57532459 0.25266859 -0.22617945 -0.26819292 -0.31130931 0.082097001 -0.18693429 -0.35581195 -0.15937085 -0.073461376 2.7761767e-16 0.3589319 0.43254763 -0.1526878 -0.30569425 0.011746361 -0.42075205 -0.049611274 -0.14054325 -0.49402741 -0.37782007 -0.10111091
0.28209481 0.15098648 0.41563013 0.20781507 0.14359668 0.28719336 0.36926687 0.39528775 0.046657391 0.081542023 0.3231802 0.36975783 0.19619039 0.508928 0.10500761 -0.026494609 0.028101778 0.20809136 0.50554758 0.36321363 -0.040406503 0.49992067 0.16426237 -0.067612983 -0.038678776 1.1302628e-16 0.079283252 0.3727034 0.62748212 0.26107535 -0.26514921 0.35933939 0.20388129 -0.12109868 -0.10912403 -0.026361804 -0.0084788809 3.4665895e-16 0.15768102 0.53710389 0.63614863 0.087421738 -0.40906093 0.1203257 0.20669721 -0.17451563 -0.2170293 -0.080853373 -0.011670179
0.28209481 -2.675972e-17 0.43701938 0.21850969 -2.675972e-17 -5.3519439e-17 0.4415482 0.43701938 0.10925484 -1.9389259e-17 -6.3325057e-17 -7.5094275e-17 0.33377904 0.61319131 0.25854415 0.052775107 -1.2262844e-17 -5.2026841e-17 -1.0660315e-16 -8.5211951e-17 0.14809975 0.69580841 0.43524036 0.14161047 0.025033431 -7.1897298e-18 -3.6377474e-17 -9.9675694e-17 -1.4701781e-16 -8.0374427e-17 -0.07113044 0.65630704 0.60024577 0.27130461 0.074261159 0.01174172 -4.0159648e-18 -2.3186182e-17 -7.7115646e-17 -1.5703864e-16 -1.7418653e-16 -6.0505251e-17 -0.27512753 0.49406287 0.71117043 0.42743924 0.15742426 0.037865911 0.0054654735
0.28209481 0.072127946 0.4729422 0.099275604 0.032769922 0.15611367 0.57110304 0.21487203 0.010647593 0.0088895131 0.083922185 0.24859981 0.60851252 0.34216827 0.027267972 -0.0028883778 0.0014635102 0.025813781 0.15774718 0.34018907 0.59411705 0.4682301 0.051255163 -0.0083874054 -0.002014349 4.8190865e-19 0.0046983408 0.054782134 0.25200406 0.42241204 0.53413594 0.58140028 0.081881076 -0.017799793 -0.0064667109 -0.00065584714 -0.00010077006 1.6818559e-18 0.010980537 0.098150522 0.36206326 0.48789632 0.43540257 0.67153168 0.11764148 -0.031891037 -0.015113412 -0.0022888992 -0.00013869809
0.28209481 -0.079378292 0.3535561 0.32776454 -0.11906744 -0.12843677 0.18003193 0.53033417 0.23140548 -0.12687883 -0.22795266 -0.1201416 -0.10314342 0.49608216 0.44302198 0.14677565 -0.11556747 -0.27543113 -0.27482814 -0.05232247 -0.32925341 0.21604711 0.53412366 0.31862354 0.082569614 -0.095377907 -0.27735409 -0.39055967 -0.21577963 0.04216823 -0.37067384 -0.17411876 0.41936395 0.45180625 0.19816148 0.03840141 -0.073087431 -0.24884108 -0.4434754 -0.39556876 -0.062494598 0.11374954 -0.20481716 -0.46968845 0.12145715 0.45760083 0.31685036 0.10018934 0.010684536
0.28209481 0.079378292 0.3535561 0.32776454 0.11906744 0.12843677 0.18003193 0.53033417 0.23140548 0.12687883 0.22795266 0.1201416 -0.10314342 0.49608216 0.44302198 0.14677565 0.11556747 0.27543113 0.27482814 0.05232247 -0.32925341 0.21604711 0.53412366 0.31862354 0.082569614 0.095377907 0.27735409 0.39055967 0.21577963 -0.04216823 -0.37067384 -0.17411876 0.41936395 0.45180625 0.19816148 0.03840141 0.073087431 0.24884108 0.4434754 0.39556876 0.062494598 -0.11374954 -0.20481716 -0.46968845 0.12145715 0.45760083 0.31685036 0.10018934 0.010684536
0.28209481 -0.14425589 0.24542277 0.39710242 -0.26215938 -0.1620234 -0.076671109 0.44601214 0.31321394 -0.33001971 -0.3483963 -0.03528697 -0.32587209 0.097136699 0.41624519 0.19135278 -0.3444097 -0.49730211 -0.17393377 0.12242547 -0.24765164 -0.33700842 0.20780674 0.28834686 0.061606031 -0.3126511 -0.57376081 -0.3477132 0.14044994 0.15986487 0.079260379 -0.44007027 -0.16780205 0.20161186 0.10263104 -0.054134291 -0.24784163 -0.56622726 -0.49295297 0.058151554 0.31847668 0.040469248 0.32738081 -0.11140229 -0.38049883 -0.033717569 0.088176593 -0.098039992 -0.14187001
0.28209481 -5.090001e-17 0.25687352 0.41563013 -9.6817573e-17 -5.9836551e-17 -0.053875331 0.48860249 0.39528775 -1.3343513e-16 -1.3466876e-16 -1.818639e-17 -0.31744274 0.14850314 0.54982698 0.36319351 -1.6052272e-16 -2.1045299e-16 -7.8375687e-17 3.9033078e-17 -0.27695012 -0.31872925 0.31999302 0.57282633 0.32769185 -1.7901696e-16 -2.7989587e-16 -1.6457914e-16 3.8148117e-17 5.970143e-17 0.028605523 -0.48749918 -0.15575151 0.44796354 0.57138085 0.29235688 -1.9019881e-16 -3.3933567e-16 -2.6405387e-16 -4.4165233e-18 1.1870385e-16 2.4596047e-17 0.30735022 -0.20084196 -0.48464522 0.012021217 0.53904086 0.55417722 0.25884852
0.28209481 0.14425589 0.24542277 0.39710242 0.26215938 0.1620234 -0.076671109 0.44601214 0.31321394 0.33001971 0.3483963 0.03528697 -0.32587209 0.097136699 0.41624519 0.19135278 0.3444097 0.49730211 0.17393377 -0.12242547 -0.24765164 -0.33700842 0.20780674 0.28834686 0.061606031 0.3126511 0.57376081 0.3477132 -0.14044994 -0.15986487 0.079260379 -0.44007027 -0.16780205 0.20161186 0.10263104 -0.054134291 0.24784163 0.56622726 0.49295297 -0.058151554 -0.31847668 -0.040469248 0.32738081 -0.11140229 -0.38049883 -0.033717569 0.088176593 -0.098039992 -0.14187001
0.28209481 0.3501164 0.32126257 -0.11375972 -0.18227632 0.51475656 0.093662038 -0.16725455 -0.25088185 -0.14833857 -0.31709087 0.38043436 -0.20571247 -0.12361062 -0.43643814 0.20417053 0.19180876 -0.2926037 -0.31985793 0.0082792863 -0.36264119 -0.0026901031 -0.44024667 0.40273443 0.062322445 1.561384e-16 0.41828206 -0.35557017 -0.15615778 -0.36596602 -0.26819292 0.11890958 -0.21493274 0.48940036 0.13590808 -0.15937085 -0.118863 3.7015689e-16 0.58076406 -0.26732916 0.094366252 -0.49462369 0.011746361 0.16071299 0.129884 0.36794701 0.18870167 -0.37782007 0.03862093
0.28209481 0.24430126 0.41563013 -0.079378292 -0.088747628 0.4646886 0.36926687 -0.15098648 -0.12215063 -0.050395742 -0.19973634 0.59828073 0.19619039 -0.19439319 -0.27491349 0.069363788 0.045469631 -0.12860754 -0.31244558 0.58769196 -0.040406503 -0.1909527 -0.43004444 0.17701308 0.014773979 2.582712e-17 0.12828299 -0.23034337 -0.38780528 0.42242879 -0.26514921 -0.13725543 -0.53376818 0.31704047 0.04168167 -0.026361804 -0.013719118 7.9213456e-17 0.25513324 -0.33194846 -0.39316148 0.14145134 -0.40906093 -0.045960329 -0.54114032 0.45688787 0.082897812 -0.080853373 0.0044576116
0.28209481 0.20781507 0.43701938 0.067523211 0.064218387 0.41563013 0.4415482 0.13504641 -0.088389032 -0.031020429 0.15196843 0.58317959 0.33377904 0.18948653 -0.20916662 -0.042695958 -0.023808207 -0.083236545 0.25582787 0.66175312 0.14809975 0.21501662 -0.35211685 -0.11456528 0.0077357558 -1.0065622e-17 -0.070626557 -0.15946884 0.3528156 0.62418509 -0.07113044 0.20281002 -0.48560902 -0.21949002 0.02294796 0.01174172 0.0051979739 -3.2460655e-17 -0.14971937 -0.25124249 0.41801551 0.46988171 -0.27512753 0.15267383 -0.57534897 -0.34580562 0.04864677 0.037865911 0.0016889242
0.28209481 0.11670547 0.4729422 -0.037919905 -0.020252924 0.25259724 0.57110304 -0.082073815 -0.027875761 -0.0054940213 -0.051866762 0.40224293 0.60851252 -0.13069665 -0.071388476 0.0075618713 0.0023680094 -0.015953794 -0.09749312 0.55043745 0.59411705 -0.17884798 -0.13418776 0.021958513 0.0007694129 6.4254485e-19 0.0076020746 -0.033857219 -0.15574707 0.68347704 0.53413594 -0.22207515 -0.21436745 0.046600465 0.0024700637 -0.00065584714 -0.00016304939 2.2424744e-18 0.017766882 -0.060660359 -0.2237674 0.78943282 0.43540257 -0.25650227 -0.30798939 0.083491825 0.00577281 -0.0022888992 5.2977957e-05
0.28209481 0.28719336 0.3535561 0.17677805 0.23234431 0.4646886 0.18003193 0.28603289 -0.11722488 0.016374569 0.44481936 0.43467638 -0.10314342 0.26755926 -0.22442511 -0.1933215 -0.11424068 0.035546247 0.53629065 0.18930447 -0.32925341 0.11652385 -0.2705752 -0.41966623 -0.084395781 -0.095377907 -0.27416989 0.050404362 0.42106533 -0.15256609 -0.37067384 -0.093910024 -0.21244046 -0.59508413 -0.20254415 0.03840141 -0.012423661 -0.24884108 -0.43838403 0.051050816 0.12194991 -0.41154972 -0.20481716 -0.25332394 -0.061527498 -0.60271633 -0.32385802 0.10018934 0.072811984
0.28209481 0.33625183 0.3535561 0.025791571 0.039689146 0.54406691 0.18003193 0.041731637 -0.25719705 -0.18891968 0.075984217 0.50892794 -0.10314342 0.039036371 -0.49239954 -0.044166487 -0.042816058 -0.41011068 0.091609374 0.22164154 -0.32925341 0.017000601 -0.59365505 -0.095877506 0.13542661 0.095377907 -0.10275564 -0.58153445 0.071926542 -0.17862748 -0.37067384 -0.013701288 -0.46610463 -0.13595372 0.32501468 0.03840141 0.032746855 0.24884108 -0.16430116 -0.58899283 0.020831533 -0.4818508 -0.20481716 -0.036959466 -0.1349943 -0.13769737 0.51968235 0.10018934 -0.066208571
0.28209481 0.33308929 0.24542277 0.25990689 0.39619392 0.37411475 -0.076671109 0.29191872 -0.099301986 0.15451722 0.52652133 0.081478216 -0.32587209 0.063576795 -0.13196723 -0.34878838 -0.16501927 0.23283984 0.2628611 -0.28268251 -0.24765164 -0.22057487 -0.065883473 -0.52558434 -0.30851579 -0.3126511 -0.27490976 0.1628014 -0.21225795 -0.36913073 0.079260379 -0.28802973 0.053200301 -0.36748812 -0.51396424 -0.054134291 -0.21151367 -0.56622726 -0.23619176 -0.027226906 -0.48130465 -0.093444183 0.32738081 -0.072913744 0.12063412 0.061458711 -0.44157806 -0.098039992 0.19187115
0.28209481 0.39528775 0.25687352 0.12843677 0.23234431 0.4646886 -0.053875331 0.15098648 -0.31979451 -0.21347979 0.32318017 0.14123489 -0.31744274 0.045889996 -0.44481936 -0.29382971 -0.31165349 -0.33669889 0.18808718 -0.30312955 -0.27695012 -0.098492756 -0.25887981 -0.46342626 0.10126235 -2.5062373e-16 -0.54341549 -0.26330638 -0.091548435 -0.46363926 0.028605523 -0.15064552 0.12600562 -0.36241013 0.17656639 0.29235688 0.24617958 -4.7506997e-16 -0.5126583 -0.0070658936 -0.28486732 -0.19101205 0.30735022 -0.062063579 0.39208621 -0.0097253686 0.16657279 0.55417722 0.079988591
0.28209481 0.42224434 0.24542277 -0.014484115 -0.027988853 0.47425073 -0.076671109 -0.016268073 -0.40748879 -0.37946591 -0.037195746 0.10328677 -0.32587209 -0.0035430135 -0.54153168 0.039173063 0.047837641 -0.57181185 -0.018569646 -0.3583456 -0.24765164 0.012292217 -0.2703549 0.059029344 0.34659043 0.3126511 0.079693928 -0.39981034 0.014994822 -0.46793264 0.079260379 0.016051346 0.2183091 0.041273266 0.57739371 -0.054134291 -0.058339119 0.56622726 0.068469919 0.066864282 0.034001444 -0.11845556 0.32738081 0.0040633436 0.4950259 -0.006902541 0.4960742 -0.098039992 -0.27955163
0.28209481 0.12843677 0.43701938 -0.17677805 -0.10390753 0.25687355 0.4415482 -0.3535561 0.033761606 0.05019211 -0.24589011 0.36042479 0.33377904 -0.49608219 0.079894535 0.016308405 -0.014714282 0.13467956 -0.41393819 0.40898591 0.14809975 -0.56292081 0.13449667 0.043760043 -0.020252472 -1.2941514e-17 -0.043649614 0.258026 -0.57086766 0.38576758 -0.07113044 -0.53096354 0.18548614 0.083837733 -0.060078539 0.01174172 0.0032125246 -4.173513e-17 -0.092531659 0.40651888 -0.67636329 0.29040289 -0.27512753 -0.39970526 0.21976376 0.13208599 -0.1273589 0.037865911 -0.0044216607
0.28209481 0.25687355 0.3535561 -0.21850969 -0.25687355 0.41563013 0.18003193 -0.3535561 -0.041731637 0.10038421 -0.49178019 0.38878638 -0.10314342 -0.33072144 -0.079894535 0.1660251 0.044962842 0.2179161 -0.59290832 0.16931908 -0.32925341 -0.14403141 -0.096323796 0.36041066 -0.13472907 -0.095377907 0.10790778 0.30900371 -0.46551839 -0.13645926 -0.37067384 0.11607917 -0.075628042 0.51106012 -0.32334065 0.03840141 0.065409184 -0.24884108 0.17253917 0.31296679 -0.13482451 -0.36810124 -0.20481716 0.31312561 -0.021903569 0.51761466 -0.51700562 0.10018934 0.034315743
0.28209481 0.12843677 0.3535561 -0.31182447 -0.18328583 0.20781507 0.18003193 -0.50454259 0.18474808 0.17879964 -0.3508977 0.19439319 -0.10314342 -0.47195634 0.35369718 -0.075312763 -0.14202926 0.3881419 -0.4230552 0.084659539 -0.32925341 -0.20554017 0.42643037 -0.16349049 0.0011286315 0.095377907 -0.34086058 0.55038285 -0.33215922 -0.068229631 -0.37067384 0.1656509 0.33480921 -0.23182851 0.0027086393 0.03840141 -0.05284876 0.24884108 -0.54501909 0.55744171 -0.096200727 -0.18405062 -0.20481716 0.44684622 0.096968219 -0.2348018 0.0043309797 0.10018934 -0.051603686
0.28209481 0.3501164 0.24542277 -0.2364711 -0.37889585 0.39323902 -0.076671109 -0.26559642 -0.15253995 0.080005616 -0.50353312 0.085643277 -0.32587209 -0.05784408 -0.20271775 0.37299865 0.24242219 0.12055935 -0.25138444 -0.29713288 -0.24765164 0.20068565 -0.10120504 0.5620665 -0.25227928 -0.3126511 0.40385726 0.08429499 0.20299065 -0.38800022 0.079260379 0.26205811 0.081722148 0.3929964 -0.4202784 -0.054134291 0.11711899 -0.56622726 0.34697843 -0.014097494 0.46029061 -0.09822093 0.32738081 0.066339113 0.18530871 -0.065724716 -0.36108685 -0.098039992 0.2604529
0.28209481 0.24430126 0.25687352 -0.33625183 -0.37594098 0.28719336 -0.053875331 -0.39528772 0.12215063 0.34541756 -0.5229165 0.087287955 -0.31744274 -0.12014157 0.16990587 0.11223297 -0.19261244 0.54479021 -0.30433145 -0.18734436 -0.27695012 0.25785738 0.098883286 0.17701308 -0.26510829 -3.2223052e-16 -0.33584923 0.42603865 0.14812848 -0.28654483 0.028605523 0.39439511 -0.048129864 0.13842835 -0.46225679 0.29235688 0.15214735 -6.1080419e-16 -0.31684026 0.011432856 0.46092498 -0.11805195 0.30735022 0.16248456 -0.14976361 0.0037147601 -0.43609321 0.55417722 -0.20941286
0.28209481 0.11670547 0.24542277 -0.40605408 -0.21687245 0.13107967 -0.076671109 -0.45606634 0.34611681 0.28396901 -0.28821233 0.02854776 -0.32587209 -0.099326402 0.45997143 -0.25473613 -0.31484443 0.42790896 -0.14388745 -0.099044293 -0.24765164 0.34460542 0.22963665 -0.38385832 0.15259863 0.3126511 -0.52450728 0.29919356 0.11618781 -0.12933341 0.079260379 0.44999054 -0.18542951 -0.2683934 0.25421789 -0.054134291 -0.28389719 0.56622726 -0.45063624 -0.050037131 0.26346117 -0.03274031 0.32738081 0.11391357 -0.42046991 0.044886112 0.21841413 -0.098039992 -0.030902406
0.28209481 -0.3501164 -0.32126257 0.11375972 -0.18227632 0.51475656 0.093662038 -0.16725455 -0.25088185 0.14833857 0.31709087 -0.38043436 0.20571247 0.12361062 0.43643814 -0.20417053 0.19180876 -0.2926037 -0.31985793 0.0082792863 -0.36264119 -0.0026901031 -0.44024667 0.40273443 0.062322445 2.2454759e-16 -0.41828206 0.35557017 0.15615778 0.36596602 0.26819292 -0.11890958 0.21493274 -0.48940036 -0.13590808 0.15937085 -0.118863 -5.3233443e-16 0.58076406 -0.26732916 0.094366252 -0.49462369 0.011746361 0.16071299 0.129884 0.36794701 0.18870167 -0.37782007 0.03862093
0.28209481 -0.21638384 -0.32126257 -0.2978268 0.2949293 0.31813705 0.093662038 0.4378781 0.095828332 -0.24001685 -0.51306379 -0.23512137 0.20571247 -0.3236168 -0.16670454 0.077986203 0.11854433 0.4734427 0.51754099 0.0051168804 -0.36264119 0.0070427814 0.16815926 -0.15383086 -0.16316228 5.1257573e-17 -0.25851253 -0.57532459 -0.25266859 0.22617945 0.26819292 0.31130931 -0.082097001 0.18693429 0.35581195 0.15937085 -0.073461376 -1.2151619e-16 0.3589319 0.43254763 -0.1526878 -0.30569425 0.011746361 -0.42075205 -0.049611274 -0.14054325 -0.49402741 -0.37782007 -0.10111091
0.28209481 -0.24430126 -0.41563013 0.079378292 -0.088747628 0.4646886 0.36926687 -0.15098648 -0.12215063 0.050395742 0.19973634 -0.59828073 -0.19619039 0.19439319 0.27491349 -0.069363788 0.045469631 -0.12860754 -0.31244558 0.58769196 -0.040406503 -0.1909527 -0.43004444 0.17701308 0.014773979 -9.6851699e-18 -0.12828299 0.23034337 0.38780528 -0.42242879 0.26514921 0.13725543 0.53376818 -0.31704047 -0.04168167 0.026361804 -0.013719118 2.9705045e-17 0.25513324 -0.33194846 -0.39316148 0.14145134 -0.40906093 -0.045960329 -0.54114032 0.45688787 0.082897812 -0.080853373 0.0044576116
0.28209481 -0.15098648 -0.41563013 -0.20781507 0.14359668 0.28719336 0.36926687 0.39528775 0.046657391 -0.081542023 -0.3231802 -0.36975783 -0.19619039 -0.508928 -0.10500761 0.026494609 0.028101778 0.20809136 0.50554758 0.36321363 -0.040406503 0.49992067 0.16426237 -0.067612983 -0.038678776 -3.22839e-18 -0.079283252 -0.3727034 -0.62748212 -0.26107535 0.26514921 -0.35933939 -0.20388129 0.12109868 0.10912403 0.026361804 -0.0084788809 9.901682e-18 0.15768102 0.53710389 0.63614863 0.087421738 -0.40906093 0.1203257 0.20669721 -0.17451563 -0.2170293 -0.080853373 -0.011670179
0.28209481 -0.11670547 -0.4729422 0.037919905 -0.020252924 0.25259724 0.57110304 -0.082073815 -0.027875761 0.0054940213 0.051866762 -0.40224293 -0.60851252 0.13069665 0.071388476 -0.0075618713 0.0023680094 -0.015953794 -0.09749312 0.55043745 0.59411705 -0.17884798 -0.13418776 0.021958513 0.0007694129 -2.4095433e-19 -0.0076020746 0.033857219 0.15574707 -0.68347704 -0.53413594 0.22207515 0.21436745 -0.046600465 -0.0024700637 0.00065584714 -0.00016304939 8.4092794e-19 0.017766882 -0.060660359 -0.2237674 0.78943282 0.43540257 -0.25650227 -0.30798939 0.083491825 0.00577281 -0.0022888992 5.2977957e-05
0.28209481 -0.20781507 -0.43701938 -0.067523211 0.064218387 0.41563013 0.4415482 0.13504641 -0.088389032 0.031020429 -0.15196843 -0.58317959 -0.33377904 -0.18948653 0.20916662 0.042695958 -0.023808207 -0.083236545 0.25582787 0.66175312 0.14809975 0.21501662 -0.35211685 -0.11456528 0.0077357558 2.8758921e-18 0.070626557 0.15946884 -0.3528156 -0.62418509 0.07113044 -0.20281002 0.48560902 0.21949002 -0.02294796 -0.01174172 0.0051979739 -9.2744731e-18 -0.14971937 -0.25124249 0.41801551 0.46988171 -0.27512753 0.15267383 -0.57534897 -0.34580562 0.04864677 0.037865911 0.0016889242
0.28209481 -0.072127946 -0.4729422 -0.099275604 0.032769922 0.15611367 0.57110304 0.21487203 0.010647593 -0.0088895131 -0.083922185 -0.24859981 -0.60851252 -0.34216827 -0.027267972 0.0028883778 0.0014635102 0.025813781 0.15774718 0.34018907 0.59411705 0.4682301 0.051255163 -0.0083874054 -0.002014349 -8.0318107e-20 -0.0046983408 -0.054782134 -0.25200406 -0.42241204 -0.53413594 -0.58140028 -0.081881076 0.017799793 0.0064667109 0.00065584714 -0.00010077006 2.803093e-19 0.010980537 0.098150522 0.36206326 0.48789632 0.43540257 0.67153168 0.11764148 -0.031891037 -0.015113412 -0.0022888992 -0.00013869809
0.28209481 -0.33625183 -0.3535561 -0.025791571 0.039689146 0.54406691 0.18003193 0.041731637 -0.25719705 0.18891968 -0.075984217 -0.50892794 0.10314342 -0.039036371 0.49239954 0.044166487 -0.042816058 -0.41011068 0.091609374 0.22164154 -0.32925341 0.017000601 -0.59365505 -0.095877506 0.13542661 -0.095377907 0.10275564 0.58153445 -0.071926542 0.17862748 0.37067384 0.013701288 0.46610463 0.13595372 -0.32501468 -0.03840141 0.032746855 0.24884108 -0.16430116 -0.58899283 0.020831533 -0.4818508 -0.20481716 -0.036959466 -0.1349943 -0.13769737 0.51968235 0.10018934 -0.066208571
0.28209481 -0.28719336 -0.3535561 -0.17677805 0.23234431 0.4646886 0.18003193 0.28603289 -0.11722488 -0.016374569 -0.44481936 -0.43467638 0.10314342 -0.26755926 0.22442511 0.1933215 -0.11424068 0.035546247 0.53629065 0.18930447 -0.32925341 0.11652385 -0.2705752 -0.41966623 -0.084395781 0.095377907 0.27416989 -0.050404362 -0.42106533 0.15256609 0.37067384 0.093910024 0.21244046 0.59508413 0.20254415 -0.03840141 -0.012423661 -0.24884108 -0.43838403 0.051050816 0.12194991 -0.41154972 -0.20481716 -0.25332394 -0.061527498 -0.60271633 -0.32385802 0.10018934 0.072811984
0.28209481 -0.42224434 -0.24542277 0.014484115 -0.027988853 0.47425073 -0.076671109 -0.016268073 -0.40748879 0.37946591 0.037195746 -0.10328677 0.32587209 0.0035430135 0.54153168 -0.039173063 0.047837641 -0.57181185 -0.018569646 -0.3583456 -0.24765164 0.012292217 -0.2703549 0.059029344 0.34659043 -0.3126511 -0.079693928 0.39981034 -0.014994822 0.46793264 -0.079260379 -0.016051346 -0.2183091 -0.041273266 -0.57739371 0.054134291 -0.058339119 0.56622726 0.068469919 0.066864282 0.034001444 -0.11845556 0.32738081 0.0040633436 0.4950259 -0.006902541 0.4960742 -0.098039992 -0.27955163
0.28209481 -0.39528775 -0.25687352 -0.12843677 0.23234431 0.4646886 -0.053875331 0.15098648 -0.31979451 0.21347979 -0.32318017 -0.14123489 0.31744274 -0.045889996 0.44481936 0.29382971 -0.31165349 -0.33669889 0.18808718 -0.30312955 -0.27695012 -0.098492756 -0.25887981 -0.46342626 0.10126235 7.1606782e-17 0.54341549 0.26330638 0.091548435 0.46363926 -0.028605523 0.15064552 -0.12600562 0.36241013 -0.17656639 -0.29235688 0.24617958 -1.3573428e-16 -0.5126583 -0.0070658936 -0.28486732 -0.19101205 0.30735022 -0.062063579 0.39208621 -0.0097253686 0.16657279 0.55417722 0.079988591
0.28209481 -0.33308929 -0.24542277 -0.25990689 0.39619392 0.37411475 -0.076671109 0.29191872 -0.099301986 -0.15451722 -0.52652133 -0.081478216 0.32587209 -0.063576795 0.13196723 0.34878838 -0.16501927 0.23283984 0.2628611 -0.28268251 -0.24765164 -0.22057487 -0.065883473 -0.52558434 -0.30851579 0.3126511 0.27490976 -0.1628014 0.21225795 0.36913073 -0.079260379 0.28802973 -0.053200301 0.36748812 0.51396424 0.054134291 -0.21151367 -0.56622726 -0.23619176 -0.027226906 -0.48130465 -0.093444183 0.32738081 -0.072913744 0.12063412 0.061458711 -0.44157806 -0.098039992 0.19187115
0.28209481 -4.5083434e-17 -0.32126257 0.36813417 -7.5954311e-17 6.628365e-17 0.093662038 -0.54124713 0.31010699 -9.2718741e-17 1.3213136e-16 -4.8987386e-17 0.20571247 0.40001234 -0.53946722 0.25236866 -9.8794541e-17 1.8289137e-16 -1.3328438e-16 1.0660987e-18 -0.36264119 -0.0087053571 0.54417479 -0.49780712 0.20167966 -9.75865e-17 2.1544368e-16 -2.2224845e-16 6.5070745e-17 4.7124344e-17 0.26819292 -0.38479945 -0.26567149 0.60493207 -0.43980777 0.15937085 -9.1833784e-17 2.3134807e-16 -2.9913294e-16 1.6709357e-16 3.9322297e-17 -6.36912e-17 0.011746361 0.52007812 -0.16054545 -0.45480749 0.61065143 -0.37782007 0.12497996
0.28209481 -3.1457937e-17 -0.41563013 0.25687355 -3.6981022e-17 5.9836551e-17 0.36926687 -0.48860252 0.15098648 -3.1499762e-17 8.3229881e-17 -7.7038805e-17 -0.19619039 0.62906957 -0.33981177 0.085738353 -2.341995e-17 8.0385888e-17 -1.3019567e-16 7.5675326e-17 -0.040406503 -0.6179359 0.53156418 -0.2188002 0.047809601 -1.614195e-17 6.6074459e-17 -1.4397568e-16 1.6159796e-16 -5.4394881e-17 0.26514921 0.44416791 -0.65977377 0.39188355 -0.13488472 0.026361804 -1.0599417e-17 4.9508411e-17 -1.3141095e-16 2.0748375e-16 -1.6382988e-16 1.8214264e-17 -0.40906093 -0.14873075 0.66888624 -0.56474447 0.26826295 -0.080853373 0.014425134
0.28209481 -1.502781e-17 -0.4729422 0.12271139 -8.4393681e-18 3.2526184e-17 0.57110304 -0.26559645 0.034456335 -3.4340273e-18 2.1612813e-17 -5.1795611e-17 -0.60851252 0.42294326 -0.088241011 0.0093469871 -1.2196857e-18 9.9718881e-18 -4.0625255e-17 7.0878175e-17 0.59411705 -0.5787642 0.1658652 -0.027142214 0.0024898723 -4.0159053e-19 3.9155852e-18 -2.116239e-17 6.4899605e-17 -8.8009278e-17 -0.53413594 0.71865028 -0.26497275 0.057601344 -0.0079932939 0.00065584714 -1.2597227e-19 1.4015465e-18 -9.1511512e-18 3.791564e-17 -9.3243584e-17 1.0165289e-16 0.43540257 -0.83005881 0.38069582 -0.10320157 0.018681206 -0.0022888992 0.00017144028
0.28209481 -0.12843677 -0.43701938 0.17677805 -0.10390753 0.25687355 0.4415482 -0.3535561 0.033761606 -0.05019211 0.24589011 -0.36042479 -0.33377904 0.49608219 -0.079894535 -0.016308405 -0.014714282 0.13467956 -0.41393819 0.40898591 0.14809975 -0.56292081 0.13449667 0.043760043 -0.020252472 5.7517843e-18 0.043649614 -0.258026 0.57086766 -0.38576758 0.07113044 0.53096354 -0.18548614 -0.083837733 0.060078539 -0.01174172 0.0032125246 -1.8548946e-17 -0.092531659 0.40651888 -0.67636329 0.29040289 -0.27512753 -0.39970526 0.21976376 0.13208599 -0.1273589 0.037865911 -0.0044216607
0.28209481 -0.12843677 -0.3535561 0.31182447 -0.18328583 0.20781507 0.18003193 -0.50454259 0.18474808 -0.17879964 0.3508977 -0.19439319 0.10314342 0.47195634 -0.35369718 0.075312763 -0.14202926 0.3881419 -0.4230552 0.084659539 -0.32925341 -0.20554017 0.42643037 -0.16349049 0.0011286315 -0.095377907 0.34086058 -0.55038285 0.33215922 0.068229631 0.37067384 -0.1656509 -0.33480921 0.23182851 -0.0027086393 -0.03840141 -0.05284876 0.24884108 -0.54501909 0.55744171 -0.096200727 -0.18405062 -0.20481716 0.44684622 0.096968219 -0.2348018 0.0043309797 0.10018934 -0.051603686
0.28209481 -0.25687355 -0.3535561 0.21850969 -0.25687355 0.41563013 0.18003193 -0.3535561 -0.041731637 -0.10038421 0.49178019 -0.38878638 0.10314342 0.33072144 0.079894535 -0.1660251 0.044962842 0.2179161 -0.59290832 0.16931908 -0.32925341 -0.14403141 -0.096323796 0.36041066 -0.13472907 0.095377907 -0.10790778 -0.30900371 0.46551839 0.13645926 0.37067384 -0.11607917 0.075628042 -0.51106012 0.32334065 -0.03840141 0.065409184 -0.24884108 0.17253917 0.31296679 -0.13482451 -0.36810124 -0.20481716 0.31312561 -0.021903569 0.51761466 -0.51700562 0.10018934 0.034315743
0.28209481 -0.11670547 -0.24542277 0.40605408 -0.21687245 0.13107967 -0.076671109 -0.45606634 0.34611681 -0.28396901 0.28821233 -0.02854776 0.32587209 0.099326402 -0.45997143 0.25473613 -0.31484443 0.42790896 -0.14388745 -0.099044293 -0.24765164 0.34460542 0.22963665 -0.38385832 0.15259863 -0.3126511 0.52450728 -0.29919356 -0.11618781 0.12933341 -0.079260379 -0.44999054 0.18542951 0.2683934 -0.25421789 0.054134291 -0.28389719 0.56622726 -0.45063624 -0.050037131 0.26346117 -0.03274031 0.32738081 0.11391357 -0.42046991 0.044886112 0.21841413 -0.098039992 -0.030902406
0.28209481 -0.24430126 -0.25687352 0.33625183 -0.37594098 0.28719336 -0.053875331 -0.39528772 0.12215063 -0.34541756 0.5229165 -0.087287955 0.31744274 0.12014157 -0.16990587 -0.11223297 -0.19261244 0.54479021 -0.30433145 -0.18734436 -0.27695012 0.25785738 0.098883286 0.17701308 -0.26510829 1.4321356e-16 0.33584923 -0.42603865 -0.14812848 0.28654483 -0.028605523 -0.39439511 0.048129864 -0.13842835 0.46225679 -0.29235688 0.15214735 -2.7146855e-16 -0.31684026 0.011432856 0.46092498 -0.11805195 0.30735022 0.16248456 -0.14976361 0.0037147601 -0.43609321 0.55417722 -0.20941286
0.28209481 -0.3501164 -0.24542277 0.2364711 -0.37889585 0.39323902 -0.076671109 -0.26559642 -0.15253995 -0.080005616 0.50353312 -0.085643277 0.32587209 0.05784408 0.20271775 -0.37299865 0.24242219 0.12055935 -0.25138444 -0.29713288 -0.24765164 0.20068565 -0.10120504 0.5620665 -0.25227928 0.3126511 -0.40385726 -0.08429499 -0.20299065 0.38800022 -0.079260379 -0.26205811 -0.081722148 -0.3929964 0.4202784 0.054134291 0.11711899 -0.56622726 0.34697843 -0.014097494 0.46029061 -0.09822093 0.32738081 0.066339113 0.18530871 -0.065724716 -0.36108685 -0.098039992 0.2604529
0.28209481 0.3501164 -0.32126257 0.11375972 0.18227632 -0.51475656 0.093662038 -0.16725455 -0.25088185 -0.14833857 -0.31709087 0.38043436 0.20571247 0.12361062 0.43643814 -0.20417053 -0.19180876 0.2926037 0.31985793 -0.0082792863 -0.36264119 -0.0026901031 -0.44024667 0.40273443 0.062322445 -1.3662111e-16 0.41828206 -0.35557017 -0.15615778 -0.36596602 0.26819292 -0.11890958 0.21493274 -0.48940036 -0.13590808 0.15937085 0.118863 3.2388729e-16 -0.58076406 0.26732916 -0.094366252 0.49462369 0.011746361 0.16071299 0.129884 0.36794701 0.18870167 -0.37782007 0.03862093
0.28209481 0.24430126 -0.41563013 0.079378292 0.088747628 -0.4646886 0.36926687 -0.15098648 -0.12215063 -0.050395742 -0.19973634 0.59828073 -0.19619039 0.19439319 0.27491349 -0.069363788 -0.045469631 0.12860754 0.31244558 -0.58769196 -0.040406503 -0.1909527 -0.43004444 0.17701308 0.014773979 -2.259873e-17 0.12828299 -0.23034337 -0.38780528 0.42242879 0.26514921 0.13725543 0.53376818 -0.31704047 -0.04168167 0.026361804 0.013719118 6.9311773e-17 -0.25513324 0.33194846 0.39316148 -0.14145134 -0.40906093 -0.045960329 -0.54114032 0.45688787 0.082897812 -0.080853373 0.0044576116
0.28209481 0.11670547 -0.4729422 0.037919905 0.020252924 -0.25259724 0.57110304 -0.082073815 -0.027875761 -0.0054940213 -0.051866762 0.40224293 -0.60851252 0.13069665 0.071388476 -0.0075618713 -0.0023680094 0.015953794 0.09749312 -0.55043745 0.59411705 -0.17884798 -0.13418776 0.021958513 0.0007694129 -5.6222675e-19 0.0076020746 -0.033857219 -0.15574707 0.68347704 -0.53413594 0.22207515 0.21436745 -0.046600465 -0.0024700637 0.00065584714 0.00016304939 1.9621651e-18 -0.017766882 0.060660359 0.2237674 -0.78943282 0.43540257 -0.25650227 -0.30798939 0.083491825 0.00577281 -0.0022888992 5.2977957e-05
0.28209481 0.12843677 -0.43701938 0.17677805 0.10390753 -0.25687355 0.4415482 -0.3535561 0.033761606 0.05019211 -0.24589011 0.36042479 -0.33377904 0.49608219 -0.079894535 -0.016308405 0.014714282 -0.13467956 0.41393819 -0.40898591 0.14809975 -0.56292081 0.13449667 0.043760043 -0.020252472 8.6276758e-18 -0.043649614 0.258026 -0.57086766 0.38576758 0.07113044 0.53096354 -0.18548614 -0.083837733 0.060078539 -0.01174172 -0.0032125246 -2.7823418e-17 0.092531659 -0.40651888 0.67636329 -0.29040289 -0.27512753 -0.39970526 0.21976376 0.13208599 -0.1273589 0.037865911 -0.0044216607
0.28209481 0.25687355 -0.3535561 0.21850969 0.25687355 -0.41563013 0.18003193 -0.3535561 -0.041731637 0.10038421 -0.49178019 0.38878638 0.10314342 0.33072144 0.079894535 -0.1660251 -0.044962842 -0.2179161 0.59290832 -0.16931908 -0.32925341 -0.14403141 -0.096323796 0.36041066 -0.13472907 -0.095377907 0.10790778 0.30900371 -0.46551839 -0.13645926 0.37067384 -0.11607917 0.075628042 -0.51106012 0.32334065 -0.03840141 -0.065409184 0.24884108 -0.17253917 -0.31296679 0.13482451 0.36810124 -0.20481716 0.31312561 -0.021903569 0.51761466 -0.51700562 0.10018934 0.034315743
0.28209481 0.12843677 -0.3535561 0.31182447 0.18328583 -0.20781507 0.18003193 -0.50454259 0.18474808 0.17879964 -0.3508977 0.19439319 0.10314342 0.47195634 -0.35369718 0.075312763 0.14202926 -0.3881419 0.4230552 -0.084659539 -0.32925341 -0.20554017 0.42643037 -0.16349049 0.0011286315 0.095377907 -0.34086058 0.55038285 -0.33215922 -0.068229631 0.37067384 -0.1656509 -0.33480921 0.23182851 -0.0027086393 -0.03840141 0.05284876 -0.24884108 0.54501909 -0.55744171 0.096200727 0.18405062 -0.20481716 0.44684622 0.096968219 -0.2348018 0.0043309797 0.10018934 -0.051603686
0.28209481 0.3501164 -0.24542277 0.2364711 0.37889585 -0.39323902 -0.076671109 -0.26559642 -0.15253995 0.080005616 -0.50353312 0.085643277 0.32587209 0.05784408 0.20271775 -0.37299865 -0.24242219 -0.12055935 0.25138444 0.29713288 -0.24765164 0.20068565 -0.10120504 0.5620665 -0.25227928 -0.3126511 0.40385726 0.08429499 0.20299065 -0.38800022 -0.079260379 -0.26205811 -0.081722148 -0.3929964 0.4202784 0.054134291 -0.11711899 0.56622726 -0.34697843 0.014097494 -0.46029061 0.09822093 0.32738081 0.066339113 0.18530871 -0.065724716 -0.36108685 -0.098039992 0.2604529
0.28209481 0.24430126 -0.25687352 0.33625183 0.37594098 -0.28719336 -0.053875331 -0.39528772 0.12215063 0.34541756 -0.5229165 0.087287955 0.31744274 0.12014157 -0.16990587 -0.11223297 0.19261244 -0.54479021 0.30433145 0.18734436 -0.27695012 0.25785738 0.098883286 0.17701308 -0.26510829 1.2534806e-15 -0.33584923 0.42603865 0.14812848 -0.28654483 -0.028605523 -0.39439511 0.048129864 -0.13842835 0.46225679 -0.29235688 -0.15214735 -2.3760358e-15 0.31684026 -0.011432856 -0.46092498 0.11805195 0.30735022 0.16248456 -0.14976361 0.0037147601 -0.43609321 0.55417722 -0.20941286
0.28209481 0.11670547 -0.24542277 0.40605408 0.21687245 -0.13107967 -0.076671109 -0.45606634 0.34611681 0.28396901 -0.28821233 0.02854776 0.32587209 0.099326402 -0.45997143 0.25473613 0.31484443 -0.42790896 0.14388745 0.099044293 -0.24765164 0.34460542 0.22963665 -0.38385832 0.15259863 0.3126511 -0.52450728 0.29919356 0.11618781 -0.12933341 -0.079260379 -0.44999054 0.18542951 0.2683934 -0.25421789 0.054134291 0.28389719 -0.56622726 0.45063624 0.050037131 -0.26346117 0.03274031 0.32738081 0.11391357 -0.42046991 0.044886112 0.21841413 -0.098039992 -0.030902406
0.28209481 0.21638384 -0.32126257 -0.2978268 -0.2949293 -0.31813705 0.093662038 0.4378781 0.095828332 0.24001685 0.51306379 0.23512137 0.20571247 -0.3236168 -0.16670454 0.077986203 -0.11854433 -0.4734427 -0.51754099 -0.0051168804 -0.36264119 0.0070427814 0.16815926 -0.15383086 -0.16316228 -1.7565571e-16 0.25851253 0.57532459 0.25266859 -0.22617945 0.26819292 0.31130931 -0.082097001 0.18693429 0.35581195 0.15937085 0.073461376 4.1642652e-16 -0.3589319 -0.43254763 0.1526878 0.30569425 0.011746361 -0.42075205 -0.049611274 -0.14054325 -0.49402741 -0.37782007 -0.10111091
0.28209481 0.15098648 -0.41563013 -0.20781507 -0.14359668 -0.28719336 0.36926687 0.39528775 0.046657391 0.081542023 0.3231802 0.36975783 -0.19619039 -0.508928 -0.10500761 0.026494609 -0.028101778 -0.20809136 -0.50554758 -0.36321363 -0.040406503 0.49992067 0.16426237 -0.067612983 -0.038678776 -2.905551e-17 0.079283252 0.3727034 0.62748212 0.26107535 0.26514921 -0.35933939 -0.20388129 0.12109868 0.10912403 0.026361804 0.0084788809 8.9115139e-17 -0.15768102 -0.53710389 -0.63614863 -0.087421738 -0.40906093 0.1203257 0.20669721 -0.17451563 -0.2170293 -0.080853373 -0.011670179
0.28209481 0.072127946 -0.4729422 -0.099275604 -0.032769922 -0.15611367 0.57110304 0.21487203 0.010647593 0.0088895131 0.083922185 0.24859981 -0.60851252 -0.34216827 -0.027267972 0.0028883778 -0.0014635102 -0.025813781 -0.15774718 -0.34018907 0.59411705 0.4682301 0.051255163 -0.0083874054 -0.002014349 -7.2286295e-19 0.0046983408 0.054782134 0.25200406 0.42241204 -0.53413594 -0.58140028 -0.081881076 0.017799793 0.0064667109 0.00065584714 0.00010077006 2.5227838e-18 -0.010980537 -0.098150522 -0.36206326 -0.48789632 0.43540257 0.67153168 0.11764148 -0.031891037 -0.015113412 -0.0022888992 -0.00013869809
0.28209481 0.20781507 -0.43701938 -0.067523211 -0.064218387 -0.41563013 0.4415482 0.13504641 -0.088389032 -0.031020429 0.15196843 0.58317959 -0.33377904 -0.18948653 0.20916662 0.042695958 0.023808207 0.083236545 -0.25582787 -0.66175312 0.14809975 0.21501662 -0.35211685 -0.11456528 0.0077357558 1.1503569e-17 -0.070626557 -0.15946884 0.3528156 0.62418509 0.07113044 -0.20281002 0.48560902 0.21949002 -0.02294796 -0.01174172 -0.0051979739 -3.7097892e-17 0.14971937 0.25124249 -0.41801551 -0.46988171 -0.27512753 0.15267383 -0.57534897 -0.34580562 0.04864677 0.037865911 0.0016889242
0.28209481 0.28719336 -0.3535561 -0.17677805 -0.23234431 -0.4646886 0.18003193 0.28603289 -0.11722488 0.016374569 0.44481936 0.43467638 0.10314342 -0.26755926 0.22442511 0.1933215 0.11424068 -0.035546247 -0.53629065 -0.18930447 -0.32925341 0.11652385 -0.2705752 -0.41966623 -0.084395781 -0.095377907 -0.27416989 0.050404362 0.42106533 -0.15256609 0.37067384 0.093910024 0.21244046 0.59508413 0.20254415 -0.03840141 0.012423661 0.24884108 0.43838403 -0.051050816 -0.12194991 0.41154972 -0.20481716 -0.25332394 -0.061527498 -0.60271633 -0.32385802 0.10018934 0.072811984
0.28209481 0.33625183 -0.3535561 -0.025791571 -0.039689146 -0.54406691 0.18003193 0.041731637 -0.25719705 -0.18891968 0.075984217 0.50892794 0.10314342 -0.039036371 0.49239954 0.044166487 0.042816058 0.41011068 -0.091609374 -0.22164154 -0.32925341 0.017000601 -0.59365505 -0.095877506 0.13542661 0.095377907 -0.10275564 -0.58153445 0.071926542 -0.17862748 0.37067384 0.013701288 0.46610463 0.13595372 -0.32501468 -0.03840141 -0.032746855 -0.24884108 0.16430116 0.58899283 -0.020831533 0.4818508 -0.20481716 -0.036959466 -0.1349943 -0.13769737 0.51968235 0.10018934 -0.066208571
0.28209481 0.33308929 -0.24542277 -0.25990689 -0.39619392 -0.37411475 -0.076671109 0.29191872 -0.099301986 0.15451722 0.52652133 0.081478216 0.32587209 -0.063576795 0.13196723 0.34878838 0.16501927 -0.23283984 -0.2628611 0.28268251 -0.24765164 -0.22057487 -0.065883473 -0.52558434 -0.30851579 -0.3126511 -0.27490976 0.1628014 -0.21225795 -0.36913073 -0.079260379 0.28802973 -0.053200301 0.36748812 0.51396424 0.054134291 0.21151367 0.56622726 0.23619176 0.027226906 0.48130465 0.093444183 0.32738081 -0.072913744 0.12063412 0.061458711 -0.44157806 -0.098039992 0.19187115
0.28209481 0.39528775 -0.25687352 -0.12843677 -0.23234431 -0.4646886 -0.053875331 0.15098648 -0.31979451 -0.21347979 0.32318017 0.14123489 0.31744274 -0.045889996 0.44481936 0.29382971 0.31165349 0.33669889 -0.18808718 0.30312955 -0.27695012 -0.098492756 -0.25887981 -0.46342626 0.10126235 2.8642713e-16 -0.54341549 -0.26330638 -0.091548435 -0.46363926 -0.028605523 0.15064552 -0.12600562 0.36241013 -0.17656639 -0.29235688 -0.24617958 -5.4293711e-16 0.5126583 0.0070658936 0.28486732 0.19101205 0.30735022 -0.062063579 0.39208621 -0.0097253686 0.16657279 0.55417722 0.079988591
0.28209481 0.42224434 -0.24542277 0.014484115 0.027988853 -0.47425073 -0.076671109 -0.016268073 -0.40748879 -0.37946591 -0.037195746 0.10328677 0.32587209 0.0035430135 0.54153168 -0.039173063 -0.047837641 0.57181185 0.018569646 0.3583456 -0.24765164 0.012292217 -0.2703549 0.059029344 0.34659043 0.3126511 0.079693928 -0.39981034 0.014994822 -0.46793264 -0.079260379 -0.016051346 -0.2183091 -0.041273266 -0.57739371 0.054134291 0.058339119 -0.56622726 -0.068469919 -0.066864282 -0.034001444 0.11845556 0.32738081 0.0040633436 0.4950259 -0.006902541 0.4960742 -0.098039992 -0.27955163
0.28209481 5.3519439e-17 -0.43701938 -0.21850969 -5.3519439e-17 -1.0703888e-16 0.4415482 0.43701938 0.10925484 3.8778518e-17 1.2665011e-16 1.5018855e-16 -0.33377904 -0.61319131 -0.25854415 -0.052775107 -2.4525688e-17 -1.0405368e-16 -2.1320629e-16 -1.704239e-16 0.14809975 0.69580841 0.43524036 0.14161047 0.025033431 1.437946e-17 7.2754949e-17 1.9935139e-16 2.9403563e-16 1.6074885e-16 0.07113044 -0.65630704 -0.60024577 -0.27130461 -0.074261159 -0.01174172 -8.0319295e-18 -4.6372364e-17 -1.5423129e-16 -3.1407728e-16 -3.4837306e-16 -1.210105e-16 -0.27512753 0.49406287 0.71117043 0.42743924 0.15742426 0.037865911 0.0054654735
0.28209481 -0.079378292 -0.3535561 -0.32776454 0.11906744 0.12843677 0.18003193 0.53033417 0.23140548 -0.12687883 -0.22795266 -0.1201416 0.10314342 -0.49608216 -0.44302198 -0.14677565 0.11556747 0.27543113 0.27482814 0.05232247 -0.32925341 0.21604711 0.53412366 0.31862354 0.082569614 -0.095377907 -0.27735409 -0.39055967 -0.21577963 0.04216823 0.37067384 0.17411876 -0.41936395 -0.45180625 -0.19816148 -0.03840141 0.073087431 0.24884108 0.4434754 0.39556876 0.062494598 -0.11374954 -0.20481716 -0.46968845 0.12145715 0.45760083 0.31685036 0.10018934 0.010684536
0.28209481 0.079378292 -0.3535561 -0.32776454 -0.11906744 -0.12843677 0.18003193 0.53033417 0.23140548 0.12687883 0.22795266 0.1201416 0.10314342 -0.49608216 -0.44302198 -0.14677565 -0.11556747 -0.27543113 -0.27482814 -0.05232247 -0.32925341 0.21604711 0.53412366 0.31862354 0.082569614 0.095377907 0.27735409 0.39055967 0.21577963 -0.04216823 0.37067384 0.17411876 -0.41936395 -0.45180625 -0.19816148 -0.03840141 -0.073087431 -0.24884108 -0.4434754 -0.39556876 -0.062494598 0.11374954 -0.20481716 -0.46968845 0.12145715 0.45760083 0.31685036 0.10018934 0.010684536
0.28209481 -0.14425589 -0.24542277 -0.39710242 0.26215938 0.1620234 -0.076671109 0.44601214 0.31321394 -0.33001971 -0.3483963 -0.03528697 0.32587209 -0.097136699 -0.41624519 -0.19135278 0.3444097 0.49730211 0.17393377 -0.12242547 -0.24765164 -0.33700842 0.20780674 0.28834686 0.061606031 -0.3126511 -0.57376081 -0.3477132 0.14044994 0.15986487 -0.079260379 0.44007027 0.16780205 -0.20161186 -0.10263104 0.054134291 0.24784163 0.56622726 0.49295297 -0.058151554 -0.31847668 -0.040469248 0.32738081 -0.11140229 -0.38049883 -0.033717569 0.088176593 -0.098039992 -0.14187001
0.28209481 0 -0.25687352 -0.41563013 0 0 -0.053875331 0.48860249 0.39528775 0 0 0 0.31744274 -0.14850314 -0.54982698 -0.36319351 0 0 0 0 -0.27695012 -0.31872925 0.31999302 0.57282633 0.32769185 0 0 0 0 0 -0.028605523 0.48749918 0.15575151 -0.44796354 -0.57138085 -0.29235688 0 0 0 0 0 0 0.30735022 -0.20084196 -0.48464522 0.012021217 0.53904086 0.55417722 0.25884852
0.28209481 0.14425589 -0.24542277 -0.39710242 -0.26215938 -0.1620234 -0.076671109 0.44601214 0.31321394 0.33001971 0.3483963 0.03528697 0.32587209 -0.097136699 -0.41624519 -0.19135278 -0.3444097 -0.49730211 -0.17393377 0.12242547 -0.24765164 -0.33700842 0.20780674 0.28834686 0.061606031 0.3126511 0.57376081 0.3477132 -0.14044994 -0.15986487 -0.079260379 0.44007027 0.16780205 -0.20161186 -0.10263104 0.054134291 -0.24784163 -0.56622726 -0.49295297 0.058151554 0.31847668 0.040469248 0.32738081 -0.11140229 -0.38049883 -0.033717569 0.088176593 -0.098039992 -0.14187001
0.28209481 -0.21638383 -0.12271138 -0.42053819 0.41644683 0.12151754 -0.25571147 0.23616721 0.29753923 -0.52947986 -0.2767182 0.1385738 0.25160933 0.26931575 -0.19770716 -0.077403829 0.51972395 0.3989329 -0.2014156 -0.19038627 0.13191374 -0.37001234 -0.14390562 0.058319371 -0.17804851 -0.38645798 -0.43291062 0.18979937 0.37205246 -0.040218096 -0.31825471 -0.078163169 0.26582074 0.027746471 0.14830774 0.40212587 0.16084644 0.34994769 -0.12829116 -0.47878757 -0.0014266928 0.20989415 0.027184688 0.40792561 -0.0010193308 -0.069993198 0.043950349 -0.36413535 -0.53837705
0.28209481 -0.15098648 2.9918276e-17 -0.4646886 0.32109192 -2.067302e-17 -0.31539157 -6.3625012e-17 0.44194514 -0.4773553 5.2018672e-17 0.14123492 -6.8551382e-17 0.43467638 7.1597558e-17 -0.34681892 0.59520513 -8.7688742e-17 -0.27807376 3.7978764e-17 0.31735665 1.1688662e-16 -0.3827357 -6.3709603e-17 0.19339387 -0.65638208 1.2087705e-16 0.39580211 -8.6263212e-17 -0.13996822 1.0741713e-16 -0.43077788 -1.1873112e-16 0.28756705 3.9275336e-17 -4.0191809e-17 0.64974672 -1.4491363e-16 -0.47986972 1.36904e-16 0.27073544 -5.5121324e-17 -0.317846 -1.6964598e-16 0.37263536 9.9466583e-17 -0.15591913 -8.8734006e-33 -0.21111549
0.28209481 -0.072127946 0.12271138 -0.46740976 0.15428747 -0.040505845 -0.25571147 -0.2624895 0.48800915 -0.2372337 0.10252006 0.046191264 -0.25160933 0.29933265 0.32426953 -0.47964618 0.31581122 -0.17874207 -0.074621536 0.063462086 0.13191374 0.41125253 -0.2360269 -0.36138606 0.44953033 -0.38645798 0.26305893 0.085039698 -0.13784 -0.013406033 0.31825471 -0.086874932 -0.43598604 0.1719358 0.37444195 -0.40212587 0.44657758 -0.34994769 -0.077956364 0.21452099 -0.00052856887 -0.069964714 0.027184688 -0.45339143 -0.001671856 0.43372494 -0.11096424 -0.36413535 0.34101301
0.28209481 -0.20781507 0.13504641 -0.42107931 0.40047023 -0.12843676 -0.24311025 -0.2602413 0.30689871 -0.51376981 0.29285091 0.1201416 -0.27003291 0.24343348 0.22442509 -0.10170031 0.51550663 -0.42600742 -0.16135597 0.19389452 0.096525222 0.39287323 -0.12365448 -0.084327824 -0.1388125 -0.40402725 0.47256106 0.13310707 -0.37433991 -0.010219989 0.32389373 -0.020707961 -0.28687385 0.026348434 -0.12724838 0.35542783 0.20506448 -0.40263328 -0.066363223 0.47880271 -0.061621193 -0.19867869 0.081747204 -0.402567 -0.047223151 0.094778605 0.017869886 0.35420156 -0.49767634
0.28209481 -0.28719336 2.9918276e-17 -0.39528772 0.51953763 -3.9322419e-17 -0.31539157 -5.4122669e-17 0.16880801 -0.5611648 8.4167977e-17 0.26864478 -6.8551382e-17 0.36975783 2.7347835e-17 0.1823335 0.36785701 -1.030843e-16 -0.44993281 7.22399e-17 0.31735665 9.942969e-17 -0.14619203 3.3494121e-17 -0.50631177 -8.0383619e-17 7.4706129e-17 0.46529326 -1.395768e-16 -0.26623535 1.0741713e-16 -0.36644155 -4.5351252e-17 -0.15118295 -1.0282417e-16 0.65638208 -0.40156555 -1.7746801e-32 -0.29657581 1.6094031e-16 0.43805912 -1.0484699e-16 -0.317846 -1.4430949e-16 0.14233404 -5.2292677e-17 0.40820158 1.4491363e-16 -0.55270755
0.28209481 -0.33625183 0.13504641 -0.32776454 0.50437772 -0.20781505 -0.24311025 -0.2025696 -0.012895785 -0.35587057 0.36883512 0.1943932 -0.27003291 0.18948653 -0.0094302706 0.3842636 -0.027281778 -0.2950806 -0.20322201 0.31372795 0.096525222 0.30580914 0.0051959218 0.31862351 -0.53317136 0.40402725 -0.025009001 0.092198655 -0.47146758 -0.01653629 0.32389373 -0.016118899 0.012054347 -0.099554695 -0.48875418 0.35542783 -0.53668672 0.40263328 0.0035120919 0.33165008 -0.077609666 -0.32146886 0.081747204 -0.3133547 0.0019843015 -0.35811067 0.068637274 0.35420156 0.041237459
0.28209481 -0.33308929 -0.12271138 -0.33574671 0.51180172 0.18705738 -0.25571147 0.18854973 0.0040670186 -0.38286138 -0.3400791 0.21331283 0.25160933 0.21501465 -0.0027024292 0.37384146 0.0087306555 0.28846425 -0.24753425 -0.29307008 0.13191374 -0.29540819 -0.0019670241 -0.28166825 -0.54930687 0.38645798 -0.0072723092 0.13724196 0.45724228 -0.061909515 -0.31825471 -0.062403429 0.0036334633 -0.13400865 0.45755208 0.40212587 -0.56173128 -0.34994769 -0.002155117 -0.34620631 -0.0017533663 0.32309943 0.027184688 0.32567713 -1.3933078e-05 0.33804995 0.13559355 -0.36413535 -0.013393602
0.28209481 -0.39528772 2.9918276e-17 -0.28719336 0.51953763 -5.4122669e-17 -0.31539157 -3.9322419e-17 -0.16880801 -0.1823335 8.4167977e-17 0.36975783 -6.8551382e-17 0.26864478 -2.7347835e-17 0.5611648 -0.36785701 -3.3494121e-17 -0.44993281 9.942969e-17 0.31735665 7.22399e-17 0.14619203 1.030843e-16 -0.50631177 0.65638208 -7.4706129e-17 0.15118295 -1.395768e-16 -0.36644155 1.0741713e-16 -0.26623535 4.5351252e-17 -0.46529326 -1.0282417e-16 1.2057543e-16 -0.40156555 1.4491363e-16 0.29657581 5.2292677e-17 0.43805912 -1.4430949e-16 -0.317846 -1.0484699e-16 -0.14233404 -1.6094031e-16 0.40820158 2.6620201e-32 0.55270755
0.28209481 -0.42224434 0.12271138 -0.21303532 0.41166577 -0.23712535 -0.25571147 -0.11963706 -0.3041198 0.090002865 0.2735413 0.27040836 -0.25160933 0.13642937 -0.20207979 0.52748436 -0.52511978 0.067812033 -0.19910322 0.37151352 0.13191374 0.18744005 0.14708833 0.39742944 -0.1614418 0.38645798 -0.43740514 -0.032262769 -0.36778107 -0.078480281 0.31825471 -0.039595727 0.27169979 -0.18908407 -0.13447499 -0.40212587 0.18632258 0.34994769 0.1296231 -0.081386007 -0.0014103135 -0.40958059 0.027184688 -0.20664605 0.001041875 -0.47698313 0.039851073 -0.36413535 0.53009933
0.28209481 -0.46682188 -0.12271138 0.07583981 -0.1620234 0.26215935 -0.25571147 -0.042590369 -0.4854956 0.47385505 0.10766038 0.29895616 0.25160933 -0.048568372 0.32259932 -0.24859945 0.32993773 -0.35702276 0.078363039 -0.41073525 0.13191374 0.066727988 0.23481122 0.18730552 0.43926683 -0.38645798 -0.27482578 -0.16985989 -0.14475127 -0.086765662 -0.31825471 0.014095937 -0.43374044 0.089113906 -0.36589283 0.40212587 -0.46232271 0.34994769 -0.081443414 0.42848825 0.00055507116 0.45282117 0.027184688 -0.07356526 0.0016632449 -0.22479859 -0.10843074 -0.36413535 -0.31934172
0.28209481 -0.48860252 2.9918276e-17 -2.9918276e-17 6.6899297e-17 -6.6899297e-17 -0.31539157 -4.0964005e-33 -0.54627424 0.5900436 1.0838057e-32 0.45704579 -6.8551382e-17 2.7985985e-17 -8.8499452e-17 1.0838925e-16 -1.5328554e-16 1.0838925e-16 -5.7936491e-17 1.2290186e-16 0.31735665 7.5255685e-33 0.47308734 1.9910782e-32 0.62583572 -0.65638208 -3.112995e-32 -0.48923829 -1.7972884e-32 -0.45294666 1.0741713e-16 -2.7734984e-17 1.4675973e-16 -8.9871618e-17 1.2709766e-16 -2.0095904e-16 2.5099778e-16 -1.4491363e-16 1.2358276e-16 -1.6922266e-16 5.640755e-17 -1.7837635e-16 -0.317846 -1.0922401e-32 -0.46060264 -3.1085698e-32 -0.50456488 -4.4367004e-32 -0.68318409
0.28209481 -0.46682188 0.12271138 -0.07583981 0.1620234 -0.26215935 -0.25571147 -0.042590369 -0.4854956 0.47385505 0.10766038 0.29895616 -0.25160933 0.048568372 -0.32259932 0.24859945 -0.32993773 0.35702276 -0.078363039 0.41073525 0.13191374 0.066727988 0.23481122 0.18730552 0.43926683 -0.38645798 -0.27482578 -0.16985989 -0.14475127 -0.086765662 0.31825471 -0.014095937 0.43374044 -0.089113906 0.36589283 -0.40212587 0.46232271 -0.34994769 0.081443414 -0.42848825 -0.00055507116 -0.45282117 0.027184688 -0.07356526 0.0016632449 -0.22479859 -0.10843074 -0.36413535 -0.31934172
0.28209481 -0.4646886 0.13504641 0.067523204 -0.14359668 -0.28719333 -0.24311025 0.041731633 -0.48367676 0.47542647 -0.1050076 0.26864481 -0.27003291 -0.039036375 -0.35369718 -0.21970904 0.29131883 0.39421391 0.057857439 0.43356133 0.096525222 -0.06300015 0.19488125 -0.18217824 0.44738051 -0.40402725 0.26704979 -0.1231731 0.13422713 -0.022852592 0.32389373 0.0033206758 0.45211732 0.056922037 0.41011035 0.35542783 -0.40994993 -0.40263328 -0.037502635 -0.44306901 0.022095522 -0.44425905 0.081747204 0.064554617 0.074424356 0.20475566 -0.057593074 0.35420156 -0.34881836
0.28209481 -0.4646886 2.9918276e-17 0.15098648 -0.32109192 -6.3625012e-17 -0.31539157 2.067302e-17 -0.44194514 0.34681892 -5.2018672e-17 0.43467638 -6.8551382e-17 -0.14123492 -7.1597558e-17 -0.4773553 0.59520513 6.3709603e-17 0.27807376 1.1688662e-16 0.31735665 -3.7978764e-17 0.3827357 -8.7688742e-17 0.19339387 9.2481789e-16 1.2087705e-16 -0.28756705 8.6263212e-17 -0.43077788 1.0741713e-16 0.13996822 1.1873112e-16 0.39580211 3.9275336e-17 0.65638208 -0.64974672 2.0417791e-31 -0.47986972 -9.9466583e-17 -0.27073544 -1.6964598e-16 -0.317846 5.5121324e-17 -0.37263536 1.36904e-16 -0.15591913 1.4491363e-16 0.21111549
0.28209481 -0.41563013 0.13504641 0.21850969 -0.41563013 -0.25687352 -0.24311025 0.13504641 -0.28603289 0.062040854 -0.30393687 0.24028321 -0.27003291 -0.12632436 -0.2091666 -0.52005124 0.49864554 0.051443011 0.16746414 0.38778904 0.096525222 -0.20387277 0.11524731 -0.43121588 -0.19070552 0.40402725 0.45710465 -0.016073493 0.38851064 -0.020439979 0.32389373 0.010745933 0.26736951 0.13473445 -0.17481832 0.35542783 -0.12662618 0.40263328 -0.06419263 -0.057818364 0.063953876 -0.39735737 0.081747204 0.20890313 0.044012483 0.48465663 0.024550281 0.35420156 0.52316248
0.28209481 -0.42224434 -0.12271138 0.21303532 -0.41166577 0.23712535 -0.25571147 -0.11963706 -0.3041198 0.090002865 0.2735413 0.27040836 0.25160933 -0.13642937 0.20207979 -0.52748436 0.52511978 -0.067812033 0.19910322 -0.37151352 0.13191374 0.18744005 0.14708833 0.39742944 -0.1614418 0.38645798 -0.43740514 -0.032262769 -0.36778107 -0.078480281 -0.31825471 0.039595727 -0.27169979 0.18908407 0.13447499 0.40212587 -0.18632258 -0.34994769 -0.1296231 0.081386007 0.0014103135 0.40958059 0.027184688 -0.20664605 0.001041875 -0.47698313 0.039851073 -0.36413535 0.53009933
0.28209481 -0.39528772 2.9918276e-17 0.28719336 -0.51953763 -5.4122669e-17 -0.31539157 3.9322419e-17 -0.16880801 -0.1823335 -8.4167977e-17 0.36975783 -6.8551382e-17 -0.26864478 -2.7347835e-17 -0.5611648 0.36785701 -3.3494121e-17 0.44993281 9.942969e-17 0.31735665 -7.22399e-17 0.14619203 -1.030843e-16 -0.50631177 0.65638208 7.4706129e-17 0.15118295 1.395768e-16 -0.36644155 1.0741713e-16 0.26623535 4.5351252e-17 0.46529326 -1.0282417e-16 2.8134266e-16 0.40156555 1.4491363e-16 -0.29657581 5.2292677e-17 -0.43805912 -1.4430949e-16 -0.317846 1.0484699e-16 -0.14233404 1.6094031e-16 0.40820158 6.2113803e-32 0.55270755
0.28209481 -0.33308929 0.12271138 0.33574671 -0.51180172 -0.18705738 -0.25571147 0.18854973 0.0040670186 -0.38286138 -0.3400791 0.21331283 -0.25160933 -0.21501465 0.0027024292 -0.37384146 -0.0087306555 -0.28846425 0.24753425 0.29307008 0.13191374 -0.29540819 -0.0019670241 -0.28166825 -0.54930687 0.38645798 -0.0072723092 0.13724196 0.45724228 -0.061909515 0.31825471 0.062403429 -0.0036334633 0.13400865 -0.45755208 -0.40212587 0.56173128 0.34994769 0.002155117 0.34620631 0.0017533663 -0.32309943 0.027184688 0.32567713 -1.3933078e-05 0.33804995 0.13559355 -0.36413535 -0.013393602
0.28209481 -0.072127946 -0.12271138 0.46740976 -0.15428747 0.040505845 -0.25571147 -0.2624895 0.48800915 -0.2372337 0.10252006 0.046191264 0.25160933 -0.29933265 -0.32426953 0.47964618 -0.31581122 0.17874207 0.074621536 -0.063462086 0.13191374 0.41125253 -0.2360269 -0.36138606 0.44953033 -0.38645798 0.26305893 0.085039698 -0.13784 -0.013406033 -0.31825471 0.086874932 0.43598604 -0.1719358 -0.37444195 0.40212587 -0.44657758 0.34994769 0.077956364 -0.21452099 0.00052856887 0.069964714 0.027184688 -0.45339143 -0.001671856 0.43372494 -0.11096424 -0.36413535 0.34101301
0.28209481 -0.15098648 2.9918276e-17 0.4646886 -0.32109192 -2.067302e-17 -0.31539157 6.3625012e-17 0.44194514 -0.4773553 -5.2018672e-17 0.14123492 -6.8551382e-17 -0.43467638 7.1597558e-17 0.34681892 -0.59520513 -8.7688742e-17 0.27807376 3.7978764e-17 0.31735665 -1.1688662e-16 -0.3827357 6.3709603e-17 0.19339387 -0.65638208 -1.2087705e-16 0.39580211 8.6263212e-17 -0.13996822 1.0741713e-16 0.43077788 -1.1873112e-16 -0.28756705 3.9275336e-17 -3.6172629e-16 -0.64974672 -1.4491363e-16 0.47986972 1.36904e-16 -0.27073544 -5.5121324e-17 -0.317846 1.6964598e-16 0.37263536 -9.9466583e-17 -0.15591913 -7.9860606e-32 -0.21111549
0.28209481 -0.21638383 0.12271138 0.42053819 -0.41644683 -0.12151754 -0.25571147 0.23616721 0.29753923 -0.52947986 -0.2767182 0.1385738 -0.25160933 -0.26931575 0.19770716 0.077403829 -0.51972395 -0.3989329 0.2014156 0.19038627 0.13191374 -0.37001234 -0.14390562 0.058319371 -0.17804851 -0.38645798 -0.43291062 0.18979937 0.37205246 -0.040218096 0.31825471 0.078163169 -0.26582074 -0.027746471 -0.14830774 -0.40212587 -0.16084644 -0.34994769 0.12829116 0.47878757 0.0014266928 -0.20989415 0.027184688 0.40792561 -0.0010193308 -0.069993198 0.043950349 -0.36413535 -0.53837705
0.28209481 -0.079378292 0.13504641 0.46281093 -0.16812591 -0.049058478 -0.24311025 0.28603289 0.47570673 -0.25548634 -0.12294504 0.045890011 -0.27003291 -0.26755929 0.34786895 0.45719701 -0.33546168 -0.21184406 0.067740671 0.074061118 0.096525222 -0.43180946 -0.19166999 0.37909842 0.41530886 -0.40402725 -0.3075152 0.066191196 0.15715586 -0.0039036886 0.32389373 0.022760252 -0.44466731 -0.11845022 0.38071051 0.35542783 -0.45842746 -0.40263328 0.04318532 0.23809798 0.025869887 -0.075888507 0.081747204 0.44246393 -0.073197991 -0.42608023 -0.053464364 0.35420156 0.28209475
0.28209481 -5.9836551e-17 2.9918276e-17 0.48860252 -1.3379859e-16 -8.1928011e-33 -0.31539157 6.6899297e-17 0.54627424 -2.167785e-16 -2.1676114e-32 5.597197e-17 -6.8551382e-17 -0.45704579 8.8499452e-17 0.5900436 -3.0657108e-16 -3.9821564e-32 1.1587298e-16 1.5051137e-32 0.31735665 -1.2290186e-16 -0.47308734 1.0838925e-16 0.62583572 -4.0191809e-16 -6.22599e-32 1.7974324e-16 3.5945768e-32 -5.5469968e-17 1.0741713e-16 0.45294666 -1.4675973e-16 -0.48923829 1.2709766e-16 0.65638208 -5.0199556e-16 -8.8734007e-32 2.4716551e-16 6.2171397e-32 -1.128151e-16 -2.1844802e-32 -0.317846 1.7837635e-16 0.46060264 -1.6922266e-16 -0.50456488 1.4491363e-16 0.68318409
0.28209481 0.079378292 0.13504641 0.46281093 0.16812591 0.049058478 -0.24311025 0.28603289 0.47570673 0.25548634 0.12294504 -0.045890011 -0.27003291 -0.26755929 0.34786895 0.45719701 0.33546168 0.21184406 -0.067740671 -0.074061118 0.096525222 -0.43180946 -0.19166999 0.37909842 0.41530886 0.40402725 0.3075152 -0.066191196 -0.15715586 0.0039036886 0.32389373 0.022760252 -0.44466731 -0.11845022 0.38071051 0.35542783 0.45842746 0.40263328 -0.04318532 -0.23809798 -0.025869887 0.075888507 0.081747204 0.44246393 -0.073197991 -0.42608023 -0.053464364 0.35420156 0.28209475
0.28209481 0.072127946 -0.12271138 0.46740976 0.15428747 -0.040505845 -0.25571147 -0.2624895 0.48800915 0.2372337 -0.10252006 -0.046191264 0.25160933 -0.29933265 -0.32426953 0.47964618 0.31581122 -0.17874207 -0.074621536 0.063462086 0.13191374 0.41125253 -0.2360269 -0.36138606 0.44953033 0.38645798 -0.26305893 -0.085039698 0.13784 0.013406033 -0.31825471 0.086874932 0.43598604 -0.1719358 -0.37444195 0.40212587 0.44657758 -0.34994769 -0.077956364 0.21452099 -0.00052856887 -0.069964714 0.027184688 -0.45339143 -0.001671856 0.43372494 -0.11096424 -0.36413535 0.34101301
0.28209481 0.15098648 2.9918276e-17 0.4646886 0.32109192 2.067302e-17 -0.31539157 6.3625012e-17 0.44194514 0.4773553 5.2018672e-17 -0.14123492 -6.8551382e-17 -0.43467638 7.1597558e-17 0.34681892 0.59520513 8.7688742e-17 -0.27807376 -3.7978764e-17 0.31735665 -1.1688662e-16 -0.3827357 6.3709603e-17 0.19339387 0.65638208 1.2087705e-16 -0.39580211 -8.6263212e-17 0.13996822 1.0741713e-16 0.43077788 -1.1873112e-16 -0.28756705 3.9275336e-17 1.6080787e-15 0.64974672 1.4491363e-16 -0.47986972 -1.36904e-16 0.27073544 5.5121324e-17 -0.317846 1.6964598e-16 0.37263536 -9.9466583e-17 -0.15591913 3.5502572e-31 -0.21111549
0.28209481 0.21638383 0.12271138 0.42053819 0.41644683 0.12151754 -0.25571147 0.23616721 0.29753923 0.52947986 0.2767182 -0.1385738 -0.25160933 -0.26931575 0.19770716 0.077403829 0.51972395 0.3989329 -0.2014156 -0.19038627 0.13191374 -0.37001234 -0.14390562 0.058319371 -0.17804851 0.38645798 0.43291062 -0.18979937 -0.37205246 0.040218096 0.31825471 0.078163169 -0.26582074 -0.027746471 -0.14830774 -0.40212587 0.16084644 0.34994769 -0.12829116 -0.47878757 -0.0014266928 0.20989415 0.027184688 0.40792561 -0.0010193308 -0.069993198 0.043950349 -0.36413535 -0.53837705
0.28209481 0.42224434 -0.12271138 0.21303532 0.41166577 -0.23712535 -0.25571147 -0.11963706 -0.3041198 -0.090002865 -0.2735413 -0.27040836 0.25160933 -0.13642937 0.20207979 -0.52748436 -0.52511978 0.067812033 -0.19910322 0.37151352 0.13191374 0.18744005 0.14708833 0.39742944 -0.1614418 -0.38645798 0.43740514 0.032262769 0.36778107 0.078480281 -0.31825471 0.039595727 -0.27169979 0.18908407 0.13447499 0.40212587 0.18632258 0.34994769 0.1296231 -0.081386007 -0.0014103135 -0.40958059 0.027184688 -0.20664605 0.001041875 -0.47698313 0.039851073 -0.36413535 0.53009933
0.28209481 0.39528772 2.9918276e-17 0.28719336 0.51953763 5.4122669e-17 -0.31539157 3.9322419e-17 -0.16880801 0.1823335 8.4167977e-17 -0.36975783 -6.8551382e-17 -0.26864478 -2.7347835e-17 -0.5611648 -0.36785701 3.3494121e-17 -0.44993281 -9.942969e-17 0.31735665 -7.22399e-17 0.14619203 -1.030843e-16 -0.50631177 -0.65638208 -7.4706129e-17 -0.15118295 -1.395768e-16 0.36644155 1.0741713e-16 0.26623535 4.5351252e-17 0.46529326 -1.0282417e-16 6.4347526e-16 -0.40156555 -1.4491363e-16 0.29657581 -5.2292677e-17 0.43805912 1.4430949e-16 -0.317846 1.0484699e-16 -0.14233404 1.6094031e-16 0.40820158 1.4206411e-31 0.55270755
0.28209481 0.33308929 0.12271138 0.33574671 0.51180172 0.18705738 -0.25571147 0.18854973 0.0040670186 0.38286138 0.3400791 -0.21331283 -0.25160933 -0.21501465 0.0027024292 -0.37384146 0.0087306555 0.28846425 -0.24753425 -0.29307008 0.13191374 -0.29540819 -0.0019670241 -0.28166825 -0.54930687 -0.38645798 0.0072723092 -0.13724196 -0.45724228 0.061909515 0.31825471 0.062403429 -0.0036334633 0.13400865 -0.45755208 -0.40212587 -0.56173128 -0.34994769 -0.002155117 -0.34620631 -0.0017533663 0.32309943 0.027184688 0.32567713 -1.3933078e-05 0.33804995 0.13559355 -0.36413535 -0.013393602
0.28209481 0.41563013 0.13504641 0.21850969 0.41563013 0.25687352 -0.24311025 0.13504641 -0.28603289 -0.062040854 0.30393687 -0.24028321 -0.27003291 -0.12632436 -0.2091666 -0.52005124 -0.49864554 -0.051443011 -0.16746414 -0.38778904 0.096525222 -0.20387277 0.11524731 -0.43121588 -0.19070552 -0.40402725 -0.45710465 0.016073493 -0.38851064 0.020439979 0.32389373 0.010745933 0.26736951 0.13473445 -0.17481832 0.35542783 0.12662618 -0.40263328 0.06419263 0.057818364 -0.063953876 0.39735737 0.081747204 0.20890313 0.044012483 0.48465663 0.024550281 0.35420156 0.52316248
0.28209481 0.4646886 2.9918276e-17 0.15098648 0.32109192 6.3625012e-17 -0.31539157 2.067302e-17 -0.44194514 -0.34681892 5.2018672e-17 -0.43467638 -6.8551382e-17 -0.14123492 -7.1597558e-17 -0.4773553 -0.59520513 -6.3709603e-17 -0.27807376 -1.1688662e-16 0.31735665 -3.7978764e-17 0.3827357 -8.7688742e-17 0.19339387 -5.6268531e-16 -1.2087705e-16 0.28756705 -8.6263212e-17 0.43077788 1.0741713e-16 0.13996822 1.1873112e-16 0.39580211 3.9275336e-17 0.65638208 0.64974672 -1.2422761e-31 0.47986972 9.9466583e-17 0.27073544 1.6964598e-16 -0.317846 5.5121324e-17 -0.37263536 1.36904e-16 -0.15591913 1.4491363e-16 0.21111549
0.28209481 0.4646886 0.13504641 0.067523204 0.14359668 0.28719333 -0.24311025 0.041731633 -0.48367676 -0.47542647 0.1050076 -0.26864481 -0.27003291 -0.039036375 -0.35369718 -0.21970904 -0.29131883 -0.39421391 -0.057857439 -0.43356133 0.096525222 -0.06300015 0.19488125 -0.18217824 0.44738051 0.40402725 -0.26704979 0.1231731 -0.13422713 0.022852592 0.32389373 0.0033206758 0.45211732 0.056922037 0.41011035 0.35542783 0.40994993 0.40263328 0.037502635 0.44306901 -0.022095522 0.44425905 0.081747204 0.064554617 0.074424356 0.20475566 -0.057593074 0.35420156 -0.34881836
0.28209481 0.46682188 -0.12271138 0.07583981 0.1620234 -0.26215935 -0.25571147 -0.042590369 -0.4854956 -0.47385505 -0.10766038 -0.29895616 0.25160933 -0.048568372 0.32259932 -0.24859945 -0.32993773 0.35702276 -0.078363039 0.41073525 0.13191374 0.066727988 0.23481122 0.18730552 0.43926683 0.38645798 0.27482578 0.16985989 0.14475127 0.086765662 -0.31825471 0.014095937 -0.43374044 0.089113906 -0.36589283 0.40212587 0.46232271 -0.34994769 0.081443414 -0.42848825 -0.00055507116 -0.45282117 0.027184688 -0.07356526 0.0016632449 -0.22479859 -0.10843074 -0.36413535 -0.31934172
0.28209481 0.48860252 2.9918276e-17 8.9754827e-17 2.0069789e-16 6.6899297e-17 -0.31539157 1.2289201e-32 -0.54627424 -0.5900436 3.2514171e-32 -0.45704579 -6.8551382e-17 -8.3957952e-17 -8.8499452e-17 -3.2516774e-16 -4.5985662e-16 -1.0838925e-16 -1.7380947e-16 -1.2290186e-16 0.31735665 -2.2576705e-32 0.47308734 -5.9732346e-32 0.62583572 0.65638208 -9.3389846e-32 0.48923829 -5.391865e-32 0.45294666 1.0741713e-16 8.3204953e-17 1.4675973e-16 2.6961485e-16 1.2709766e-16 1.7688459e-15 7.5299328e-16 1.4491363e-16 3.7074828e-16 1.6922266e-16 1.6922266e-16 1.7837635e-16 -0.317846 3.2767202e-32 -0.46060264 9.3257098e-32 -0.50456488 3.9051932e-31 -0.68318409
0.28209481 0.46682188 0.12271138 -0.07583981 -0.1620234 0.26215935 -0.25571147 -0.042590369 -0.4854956 -0.47385505 -0.10766038 -0.29895616 -0.25160933 0.048568372 -0.32259932 0.24859945 0.32993773 -0.35702276 0.078363039 -0.41073525 0.13191374 0.066727988 0.23481122 0.18730552 0.43926683 0.38645798 0.27482578 0.16985989 0.14475127 0.086765662 0.31825471 -0.014095937 0.43374044 -0.089113906 0.36589283 -0.40212587 -0.46232271 0.34994769 -0.081443414 0.42848825 0.00055507116 0.45282117 0.027184688 -0.07356526 0.0016632449 -0.22479859 -0.10843074 -0.36413535 -0.31934172
0.28209481 0.33308929 -0.12271138 -0.33574671 -0.51180172 -0.18705738 -0.25571147 0.18854973 0.0040670186 0.38286138 0.3400791 -0.21331283 0.25160933 0.21501465 -0.0027024292 0.37384146 -0.0087306555 -0.28846425 0.24753425 0.29307008 0.13191374 -0.29540819 -0.0019670241 -0.28166825 -0.54930687 -0.38645798 0.0072723092 -0.13724196 -0.45724228 0.061909515 -0.31825471 -0.062403429 0.0036334633 -0.13400865 0.45755208 0.40212587 0.56173128 0.34994769 0.002155117 0.34620631 0.0017533663 -0.32309943 0.027184688 0.32567713 -1.3933078e-05 0.33804995 0.13559355 -0.36413535 -0.013393602
0.28209481 0.39528772 2.9918276e-17 -0.28719336 -0.51953763 5.4122669e-17 -0.31539157 -3.9322419e-17 -0.16880801 0.1823335 -8.4167977e-17 -0.36975783 -6.8551382e-17 0.26864478 -2.7347835e-17 0.5611648 0.36785701 3.3494121e-17 0.44993281 -9.942969e-17 0.31735665 7.22399e-17 0.14619203 1.030843e-16 -0.50631177 -0.65638208 7.4706129e-17 -0.15118295 1.395768e-16 0.36644155 1.0741713e-16 -0.26623535 4.5351252e-17 -0.46529326 -1.0282417e-16 4.8270798e-16 0.40156555 -1.4491363e-16 -0.29657581 -5.2292677e-17 -0.43805912 1.4430949e-16 -0.317846 -1.0484699e-16 -0.14233404 -1.6094031e-16 0.40820158 1.0657051e-31 0.55270755
0.28209481 0.42224434 0.12271138 -0.21303532 -0.41166577 0.23712535 -0.25571147 -0.11963706 -0.3041198 -0.090002865 -0.2735413 -0.27040836 -0.25160933 0.13642937 -0.20207979 0.52748436 0.52511978 -0.067812033 0.19910322 -0.37151352 0.13191374 0.18744005 0.14708833 0.39742944 -0.1614418 -0.38645798 0.43740514 0.032262769 0.36778107 0.078480281 0.31825471 -0.039595727 0.27169979 -0.18908407 -0.13447499 -0.40212587 -0.18632258 -0.34994769 -0.1296231 0.081386007 0.0014103135 0.40958059 0.027184688 -0.20664605 0.001041875 -0.47698313 0.039851073 -0.36413535 0.53009933
0.28209481 0.33625183 0.13504641 -0.32776454 -0.50437772 0.20781505 -0.24311025 -0.2025696 -0.012895785 0.35587057 -0.36883512 -0.1943932 -0.27003291 0.18948653 -0.0094302706 0.3842636 0.027281778 0.2950806 0.20322201 -0.31372795 0.096525222 0.30580914 0.0051959218 0.31862351 -0.53317136 -0.40402725 0.025009001 -0.092198655 0.47146758 0.01653629 0.32389373 -0.016118899 0.012054347 -0.099554695 -0.48875418 0.35542783 0.53668672 -0.40263328 -0.0035120919 -0.33165008 0.077609666 0.32146886 0.081747204 -0.3133547 0.0019843015 -0.35811067 0.068637274 0.35420156 0.041237459
0.28209481 0.28719336 2.9918276e-17 -0.39528772 -0.51953763 3.9322419e-17 -0.31539157 -5.4122669e-17 0.16880801 0.5611648 -8.4167977e-17 -0.26864478 -6.8551382e-17 0.36975783 2.7347835e-17 0.1823335 -0.36785701 1.030843e-16 0.44993281 -7.22399e-17 0.31735665 9.942969e-17 -0.14619203 3.3494121e-17 -0.50631177 -7.2345259e-16 -7.4706129e-17 -0.46529326 1.395768e-16 0.26623535 1.0741713e-16 -0.36644155 -4.5351252e-17 -0.15118295 -1.0282417e-16 0.65638208 0.40156555 -1.5972121e-31 0.29657581 -1.6094031e-16 -0.43805912 1.0484699e-16 -0.317846 -1.4430949e-16 0.14233404 -5.2292677e-17 0.40820158 1.4491363e-16 -0.55270755
0.28209481 0.20781507 0.13504641 -0.42107931 -0.40047023 0.12843676 -0.24311025 -0.2602413 0.30689871 0.51376981 -0.29285091 -0.1201416 -0.27003291 0.24343348 0.22442509 -0.10170031 -0.51550663 0.42600742 0.16135597 -0.19389452 0.096525222 0.39287323 -0.12365448 -0.084327824 -0.1388125 0.40402725 -0.47256106 -0.13310707 0.37433991 0.010219989 0.32389373 -0.020707961 -0.28687385 0.026348434 -0.12724838 0.35542783 -0.20506448 0.40263328 0.066363223 -0.47880271 0.061621193 0.19867869 0.081747204 -0.402567 -0.047223151 0.094778605 0.017869886 0.35420156 -0.49767634
0.28209481 0.21638383 -0.12271138 -0.42053819 -0.41644683 -0.12151754 -0.25571147 0.23616721 0.29753923 0.52947986 0.2767182 -0.1385738 0.25160933 0.26931575 -0.19770716 -0.077403829 -0.51972395 -0.3989329 0.2014156 0.19038627 0.13191374 -0.37001234 -0.14390562 0.058319371 -0.17804851 0.38645798 0.43291062 -0.18979937 -0.37205246 0.040218096 -0.31825471 -0.078163169 0.26582074 0.027746471 0.14830774 0.40212587 -0.16084644 -0.34994769 0.12829116 0.47878757 0.0014266928 -0.20989415 0.027184688 0.40792561 -0.0010193308 -0.069993198 0.043950349 -0.36413535 -0.53837705
0.28209481 0.15098648 2.9918276e-17 -0.4646886 -0.32109192 2.067302e-17 -0.31539157 -6.3625012e-17 0.44194514 0.4773553 -5.2018672e-17 -0.14123492 -6.8551382e-17 0.43467638 7.1597558e-17 -0.34681892 -0.59520513 8.7688742e-17 0.27807376 -3.7978764e-17 0.31735665 1.1688662e-16 -0.3827357 -6.3709603e-17 0.19339387 0.65638208 -1.2087705e-16 -0.39580211 8.6263212e-17 0.13996822 1.0741713e-16 -0.43077788 -1.1873112e-16 0.28756705 3.9275336e-17 1.9296131e-15 -0.64974672 1.4491363e-16 0.47986972 -1.36904e-16 -0.27073544 5.5121324e-17 -0.317846 -1.6964598e-16 0.37263536 9.9466583e-17 -0.15591913 4.2601293e-31 -0.21111549
0.28209481 0.072127946 0.12271138 -0.46740976 -0.15428747 0.040505845 -0.25571147 -0.2624895 0.48800915 0.2372337 -0.10252006 -0.046191264 -0.25160933 0.29933265 0.32426953 -0.47964618 -0.31581122 0.17874207 0.074621536 -0.063462086 0.13191374 0.41125253 -0.2360269 -0.36138606 0.44953033 0.38645798 -0.26305893 -0.085039698 0.13784 0.013406033 0.31825471 -0.086874932 -0.43598604 0.1719358 0.37444195 -0.40212587 -0.44657758 0.34994769 0.077956364 -0.21452099 0.00052856887 0.069964714 0.027184688 -0.45339143 -0.001671856 0.43372494 -0.11096424 -0.36413535 0.34101301
0.28209481 -0.41563013 -0.13504641 -0.21850969 0.41563013 0.25687352 -0.24311025 0.13504641 -0.28603289 0.062040854 -0.30393687 0.24028321 0.27003291 0.12632436 0.2091666 0.52005124 -0.49864554 -0.051443011 -0.16746414 -0.38778904 0.096525222 -0.20387277 0.11524731 -0.43121588 -0.19070552 0.40402725 0.45710465 -0.016073493 0.38851064 -0.020439979 -0.32389373 -0.010745933 -0.26736951 -0.13473445 0.17481832 -0.35542783 0.12662618 -0.40263328 0.06419263 0.057818364 -0.063953876 0.39735737 0.081747204 0.20890313 0.044012483 0.48465663 0.024550281 0.35420156 0.52316248
0.28209481 -0.4646886 -0.13504641 -0.067523204 0.14359668 0.28719333 -0.24311025 0.041731633 -0.48367676 0.47542647 -0.1050076 0.26864481 0.27003291 0.039036375 0.35369718 0.21970904 -0.29131883 -0.39421391 -0.057857439 -0.43356133 0.096525222 -0.06300015 0.19488125 -0.18217824 0.44738051 -0.40402725 0.26704979 -0.1231731 0.13422713 -0.022852592 -0.32389373 -0.0033206758 -0.45211732 -0.056922037 -0.41011035 -0.35542783 0.40994993 0.40263328 0.037502635 0.44306901 -0.022095522 0.44425905 0.081747204 0.064554617 0.074424356 0.20475566 -0.057593074 0.35420156 -0.34881836
0.28209481 -0.4646886 2.9918276e-17 -0.15098648 0.32109192 -6.3625012e-17 -0.31539157 -2.067302e-17 -0.44194514 0.34681892 5.2018672e-17 0.43467638 -6.8551382e-17 0.14123492 -7.1597558e-17 0.4773553 -0.59520513 6.3709603e-17 -0.27807376 1.1688662e-16 0.31735665 3.7978764e-17 0.3827357 8.7688742e-17 0.19339387 1.6076724e-16 -1.2087705e-16 -0.28756705 -8.6263212e-17 -0.43077788 1.0741713e-16 -0.13996822 1.1873112e-16 -0.39580211 3.9275336e-17 -0.65638208 0.64974672 3.5493602e-32 0.47986972 -9.9466583e-17 0.27073544 -1.6964598e-16 -0.317846 -5.5121324e-17 -0.37263536 -1.36904e-16 -0.15591913 -1.4491363e-16 0.21111549
0.28209481 -0.33625183 -0.13504641 0.32776454 -0.50437772 0.20781505 -0.24311025 -0.2025696 -0.012895785 -0.35587057 0.36883512 0.1943932 0.27003291 -0.18948653 0.0094302706 -0.3842636 0.027281778 0.2950806 0.20322201 -0.31372795 0.096525222 0.30580914 0.0051959218 0.31862351 -0.53317136 0.40402725 -0.025009001 0.092198655 -0.47146758 -0.01653629 -0.32389373 0.016118899 -0.012054347 0.099554695 0.48875418 -0.35542783 0.53668672 -0.40263328 -0.0035120919 -0.33165008 0.077609666 0.32146886 0.081747204 -0.3133547 0.0019843015 -0.35811067 0.068637274 0.35420156 0.041237459
0.28209481 -0.20781507 -0.13504641 0.42107931 -0.40047023 0.12843676 -0.24311025 -0.2602413 0.30689871 -0.51376981 0.29285091 0.1201416 0.27003291 -0.24343348 -0.22442509 0.10170031 -0.51550663 0.42600742 0.16135597 -0.19389452 0.096525222 0.39287323 -0.12365448 -0.084327824 -0.1388125 -0.40402725 0.47256106 0.13310707 -0.37433991 -0.010219989 -0.32389373 0.020707961 0.28687385 -0.026348434 0.12724838 -0.35542783 -0.20506448 0.40263328 0.066363223 -0.47880271 0.061621193 0.19867869 0.081747204 -0.402567 -0.047223151 0.094778605 0.017869886 0.35420156 -0.49767634
0.28209481 -0.28719336 2.9918276e-17 0.39528772 -0.51953763 -3.9322419e-17 -0.31539157 5.4122669e-17 0.16880801 -0.5611648 -8.4167977e-17 0.26864478 -6.8551382e-17 -0.36975783 2.7347835e-17 -0.1823335 -0.36785701 -1.030843e-16 0.44993281 7.22399e-17 0.31735665 -9.942969e-17 -0.14619203 -3.3494121e-17 -0.50631177 3.2153447e-16 -7.4706129e-17 0.46529326 1.395768e-16 -0.26623535 1.0741713e-16 0.36644155 -4.5351252e-17 0.15118295 -1.0282417e-16 -0.65638208 0.40156555 7.0987205e-32 0.29657581 1.6094031e-16 -0.43805912 -1.0484699e-16 -0.317846 1.4430949e-16 0.14233404 5.2292677e-17 0.40820158 -1.4491363e-16 -0.55270755
0.28209481 0.20781507 -0.13504641 0.42107931 0.40047023 -0.12843676 -0.24311025 -0.2602413 0.30689871 0.51376981 -0.29285091 -0.1201416 0.27003291 -0.24343348 -0.22442509 0.10170031 0.51550663 -0.42600742 -0.16135597 0.19389452 0.096525222 0.39287323 -0.12365448 -0.084327824 -0.1388125 0.40402725 -0.47256106 -0.13310707 0.37433991 0.010219989 -0.32389373 0.020707961 0.28687385 -0.026348434 0.12724838 -0.35542783 0.20506448 -0.40263328 -0.066363223 0.47880271 -0.061621193 -0.19867869 0.081747204 -0.402567 -0.047223151 0.094778605 0.017869886 0.35420156 -0.49767634
0.28209481 0.33625183 -0.13504641 0.32776454 0.50437772 -0.20781505 -0.24311025 -0.2025696 -0.012895785 0.35587057 -0.36883512 -0.1943932 0.27003291 -0.18948653 0.0094302706 -0.3842636 -0.027281778 -0.2950806 -0.20322201 0.31372795 0.096525222 0.30580914 0.0051959218 0.31862351 -0.53317136 -0.40402725 0.025009001 -0.092198655 0.47146758 0.01653629 -0.32389373 0.016118899 -0.012054347 0.099554695 0.48875418 -0.35542783 -0.53668672 0.40263328 0.0035120919 0.33165008 -0.077609666 -0.32146886 0.081747204 -0.3133547 0.0019843015 -0.35811067 0.068637274 0.35420156 0.041237459
0.28209481 0.28719336 2.9918276e-17 0.39528772 0.51953763 3.9322419e-17 -0.31539157 5.4122669e-17 0.16880801 0.5611648 8.4167977e-17 -0.26864478 -6.8551382e-17 -0.36975783 2.7347835e-17 -0.1823335 0.36785701 1.030843e-16 -0.44993281 -7.22399e-17 0.31735665 -9.942969e-17 -0.14619203 -3.3494121e-17 -0.50631177 4.8230172e-16 7.4706129e-17 -0.46529326 -1.395768e-16 0.26623535 1.0741713e-16 0.36644155 -4.5351252e-17 0.15118295 -1.0282417e-16 -0.65638208 -0.40156555 1.064808e-31 -0.29657581 -1.6094031e-16 0.43805912 1.0484699e-16 -0.317846 1.4430949e-16 0.14233404 5.2292677e-17 0.40820158 -1.4491363e-16 -0.55270755
0.28209481 0.4646886 -0.13504641 -0.067523204 -0.14359668 -0.28719333 -0.24311025 0.041731633 -0.48367676 -0.47542647 0.1050076 -0.26864481 0.27003291 0.039036375 0.35369718 0.21970904 0.29131883 0.39421391 0.057857439 0.43356133 0.096525222 -0.06300015 0.19488125 -0.18217824 0.44738051 0.40402725 -0.26704979 0.1231731 -0.13422713 0.022852592 -0.32389373 -0.0033206758 -0.45211732 -0.056922037 -0.41011035 -0.35542783 -0.40994993 -0.40263328 -0.037502635 -0.44306901 0.022095522 -0.44425905 0.081747204 0.064554617 0.074424356 0.20475566 -0.057593074 0.35420156 -0.34881836
0.28209481 0.41563013 -0.13504641 -0.21850969 -0.41563013 -0.25687352 -0.24311025 0.13504641 -0.28603289 -0.062040854 0.30393687 -0.24028321 0.27003291 0.12632436 0.2091666 0.52005124 0.49864554 0.051443011 0.16746414 0.38778904 0.096525222 -0.20387277 0.11524731 -0.43121588 -0.19070552 -0.40402725 -0.45710465 0.016073493 -0.38851064 0.020439979 -0.32389373 -0.010745933 -0.26736951 -0.13473445 0.17481832 -0.35542783 -0.12662618 0.40263328 -0.06419263 -0.057818364 0.063953876 -0.39735737 0.081747204 0.20890313 0.044012483 0.48465663 0.024550281 0.35420156 0.52316248
0.28209481 0.4646886 2.9918276e-17 -0.15098648 -0.32109192 6.3625012e-17 -0.31539157 -2.067302e-17 -0.44194514 -0.34681892 -5.2018672e-17 -0.43467638 -6.8551382e-17 0.14123492 -7.1597558e-17 0.4773553 0.59520513 -6.3709603e-17 0.27807376 -1.1688662e-16 0.31735665 3.7978764e-17 0.3827357 8.7688742e-17 0.19339387 6.4306895e-16 1.2087705e-16 0.28756705 8.6263212e-17 0.43077788 1.0741713e-16 -0.13996822 1.1873112e-16 -0.39580211 3.9275336e-17 -0.65638208 -0.64974672 1.4197441e-31 -0.47986972 9.9466583e-17 -0.27073544 1.6964598e-16 -0.317846 -5.5121324e-17 -0.37263536 -1.36904e-16 -0.15591913 -1.4491363e-16 0.21111549
0.28209481 0.079378292 -0.13504641 -0.46281093 -0.16812591 -0.049058478 -0.24311025 0.28603289 0.47570673 0.25548634 0.12294504 -0.045890011 0.27003291 0.26755929 -0.34786895 -0.45719701 -0.33546168 -0.21184406 0.067740671 0.074061118 0.096525222 -0.43180946 -0.19166999 0.37909842 0.41530886 0.40402725 0.3075152 -0.066191196 -0.15715586 0.0039036886 -0.32389373 -0.022760252 0.44466731 0.11845022 -0.38071051 -0.35542783 -0.45842746 -0.40263328 0.04318532 0.23809798 0.025869887 -0.075888507 0.081747204 0.44246393 -0.073197991 -0.42608023 -0.053464364 0.35420156 0.28209475
0.28209481 -0.079378292 -0.13504641 -0.46281093 0.16812591 0.049058478 -0.24311025 0.28603289 0.47570673 -0.25548634 -0.12294504 0.045890011 0.27003291 0.26755929 -0.34786895 -0.45719701 0.33546168 0.21184406 -0.067740671 -0.074061118 0.096525222 -0.43180946 -0.19166999 0.37909842 0.41530886 -0.40402725 -0.3075152 0.066191196 0.15715586 -0.0039036886 -0.32389373 -0.022760252 0.44466731 0.11845022 -0.38071051 -0.35542783 0.45842746 0.40263328 -0.04318532 -0.23809798 -0.025869887 0.075888507 0.081747204 0.44246393 -0.073197991 -0.42608023 -0.053464364 0.35420156 0.28209475
0.28209481 1.196731e-16 2.9918276e-17 -0.48860252 -2.6759719e-16 1.6385602e-32 -0.31539157 -6.6899297e-17 0.54627424 4.3355699e-16 -4.3352229e-32 -1.1194394e-16 -6.8551382e-17 0.45704579 8.8499452e-17 -0.5900436 -6.1314216e-16 7.9643128e-32 2.3174596e-16 -3.0102274e-32 0.31735665 1.2290186e-16 -0.47308734 -1.0838925e-16 0.62583572 8.0383617e-16 -1.245198e-31 -3.5948647e-16 7.1891536e-32 1.1093994e-16 1.0741713e-16 -0.45294666 -1.4675973e-16 0.48923829 1.2709766e-16 -0.65638208 -1.0039911e-15 1.7746801e-31 4.9433102e-16 -1.2434279e-31 -2.256302e-16 4.3689604e-32 -0.317846 -1.7837635e-16 0.46060264 1.6922266e-16 -0.50456488 -1.4491363e-16 0.68318409
