0.28209481 0 0.48860252 0 0 0 0.63078314 0 0 0 0 0 0.74635267 0 0 0 0 0 0 0 0.84628439 0 0 0 0
0.28209481 0 0.21850967 -0.43701938 0 0 -0.12615664 -0.43701935 0.43701938 0 0 0 -0.33377907 3.3592887e-08 0.51708829 -0.42220083 0 0 0 0 -0.16925685 0.42818981 0.15138792 -0.56644183 0.4005349
0.28209481 -0.41563013 0.21850967 -0.13504641 0.25687355 -0.4156301 -0.12615664 -0.13504641 -0.3535561 0.24816343 0.30393687 3.1948733e-08 -0.33377907 1.0380773e-08 -0.4183332 0.34156767 -0.38093132 0.33294615 0.08898358 0.4072327 -0.16925685 0.13231793 -0.12247539 0.45826107 0.12377208
0.28209481 -0.25687355 0.21850967 0.3535561 -0.41563013 -0.25687355 -0.12615664 0.3535561 0.13504642 -0.40153685 -0.49178019 1.9745404e-08 -0.33377907 -2.7177215e-08 0.15978907 -0.13046724 -0.2354285 -0.53871822 -0.14397846 0.25168365 -0.16925685 -0.34641284 0.046781436 -0.17504016 -0.32403952
0.28209481 0.25687355 0.21850967 0.3535561 0.41563013 0.25687355 -0.12615664 0.3535561 0.13504642 0.40153685 0.49178019 -1.9745404e-08 -0.33377907 -2.7177215e-08 0.15978907 -0.13046724 0.2354285 0.53871822 0.14397846 -0.25168365 -0.16925685 -0.34641284 0.046781436 -0.17504016 -0.32403952
0.28209481 0.41563013 0.21850967 -0.13504641 -0.25687355 0.4156301 -0.12615664 -0.13504641 -0.3535561 -0.24816343 -0.30393687 -3.1948733e-08 -0.33377907 1.0380773e-08 -0.4183332 0.34156767 0.38093132 -0.33294615 -0.08898358 -0.4072327 -0.16925685 0.13231793 -0.12247539 0.45826107 0.12377208
0.28209481 -0.25687355 -0.21850967 -0.3535561 0.41563013 0.25687355 -0.12615664 0.3535561 0.13504642 -0.40153685 -0.49178019 1.9745404e-08 0.33377907 2.7177215e-08 -0.15978907 0.13046724 0.2354285 0.53871822 0.14397846 -0.25168365 -0.16925685 -0.34641284 0.046781436 -0.17504016 -0.32403952
0.28209481 -0.41563013 -0.21850967 0.13504641 -0.25687355 0.4156301 -0.12615664 -0.13504641 -0.3535561 0.24816343 0.30393687 3.1948733e-08 0.33377907 -1.0380773e-08 0.4183332 -0.34156767 0.38093132 -0.33294615 -0.08898358 -0.4072327 -0.16925685 0.13231793 -0.12247539 0.45826107 0.12377208
0.28209481 -5.3519439e-17 -0.21850967 0.43701938 -1.0703888e-16 5.3519436e-17 -0.12615664 -0.43701935 0.43701938 -1.5511407e-16 1.266501e-16 4.113942e-24 0.33377907 -3.3592887e-08 -0.51708829 0.42220083 -1.9620551e-16 2.0810735e-16 -3.7079344e-17 -5.2438129e-17 -0.16925685 0.42818981 0.15138792 -0.56644183 0.4005349
0.28209481 0.41563013 -0.21850967 0.13504641 0.25687355 -0.4156301 -0.12615664 -0.13504641 -0.3535561 -0.24816343 -0.30393687 -3.1948733e-08 0.33377907 -1.0380773e-08 0.4183332 -0.34156767 -0.38093132 0.33294615 0.08898358 0.4072327 -0.16925685 0.13231793 -0.12247539 0.45826107 0.12377208
0.28209481 0.25687355 -0.21850967 -0.3535561 -0.41563013 -0.25687355 -0.12615664 0.3535561 0.13504642 0.40153685 0.49178019 -1.9745404e-08 0.33377907 2.7177215e-08 -0.15978907 0.13046724 -0.2354285 -0.53871822 -0.14397846 0.25168365 -0.16925685 -0.34641284 0.046781436 -0.17504016 -0.32403952
0.28209481 0 -0.48860252 0 0 0 0.63078314 0 0 0 0 0 -0.74635267 0 0 0 0 0 0 0 0.84628439 0 0 0 0
0.28209481 0 0.35525104 -0.3354536 0 0 0.18479343 -0.54537737 0.25749227 0 0 0 -0.09681078 -0.51561528 0.49532801 -0.19094767 0 0 0 0 -0.32561818 -0.2339402 0.60219181 -0.41650024 0.13904883
0.28209481 -0.31903532 0.35525104 -0.10366086 0.15135016 -0.51868469 0.18479343 -0.16853088 -0.20831563 0.11223622 0.29114649 -0.49037927 -0.09681078 -0.15933388 -0.40072876 0.15447991 -0.13224331 0.2448127 0.35395947 -0.22249034 -0.32561818 -0.072291493 -0.48718342 0.33695579 0.042968452
0.28209481 0 0.4589119 -0.1677268 0 0 0.51928568 -0.35225818 0.064373069 0 0 0 0.49448469 -0.53513408 0.15996569 -0.023868458 0 0 0 0 0.39906675 -0.68491495 0.28850618 -0.067254171 0.0086905519
0.28209481 -0.17434417 0.38827017 -0.23996417 0.19146223 -0.3097924 0.28209478 -0.42639267 0.062209852 -0.12554216 0.40254134 -0.35183403 0.046670027 -0.48425797 0.13079362 0.04079112 0.049958717 -0.29928792 0.5671289 -0.26944843 -0.21026106 -0.37086394 0.18427135 0.097244538 -0.068762273
0.28209481 -0.15951766 0.4589119 -0.05183043 0.037837539 -0.33501744 0.51928568 -0.10885376 -0.052078906 0.014029527 0.094025478 -0.50894272 0.49448469 -0.16536552 -0.12941496 0.019309988 -0.0082652066 0.039531011 0.16957968 -0.65139282 0.39906675 -0.21165037 -0.23340641 0.054409768 0.0026855282
0.28209481 -0.15951766 0.25159019 -0.38728401 0.28272724 -0.18366727 -0.064522386 -0.44591549 0.28498286 -0.34255067 0.38517195 -0.048599694 -0.32172498 -0.11799248 0.3882449 -0.14428686 0.33795226 -0.52915639 0.20958659 0.12867075 -0.26380086 0.31239253 0.21125868 -0.22288765 0.0026855282
0.28209481 -0.31903532 0.25159019 -0.27138767 0.39623988 -0.36733454 -0.064522386 -0.31247342 -0.064373069 -0.19231962 0.53981531 -0.097199388 -0.32172498 -0.082682736 -0.087698311 0.31807673 -0.10698707 -0.29708645 0.29373384 0.2573415 -0.26380086 0.21890776 -0.047719955 0.49135023 -0.32058182
0.28209481 -0.19717467 0.35525104 0.27138767 -0.24488971 -0.32056478 0.18479343 0.44121957 0.079569489 -0.18160202 -0.47108492 -0.30307105 -0.09681078 0.41714153 0.15306477 -0.059006073 -0.081730857 -0.39611527 -0.57271844 -0.13750659 -0.32561818 0.18926159 0.1860875 -0.12870565 -0.11249287
0.28209481 -0.28209481 0.38827017 0.091658153 -0.11833017 -0.50125462 0.28209478 0.1628675 -0.16286752 0.077589318 -0.24878423 -0.56927937 0.046670027 0.1849701 -0.34242213 -0.10679254 0.080834903 0.1849701 -0.35050493 -0.43597671 -0.21026106 0.14165743 -0.48242867 -0.2545895 0.026264852
0.28209481 -0.098587334 0.4589119 0.13569383 -0.061222427 -0.20705216 0.51928568 0.28498286 0.019892372 -0.022700252 -0.15213642 -0.3145439 0.49448469 0.43293256 0.049432117 -0.0073757591 -0.0051081786 -0.063962519 -0.27438569 -0.40258291 0.39906675 0.55410784 0.08915332 -0.020782683 -0.0070308046
0.28209481 -0.41762266 0.25159019 0.032032967 -0.061222427 -0.48084715 -0.064522386 0.036882482 -0.39673889 0.36193898 -0.083406046 -0.12723565 -0.32172498 0.009759373 -0.5404951 -0.084615707 0.1018789 0.55910659 -0.045384374 0.33686441 -0.26380086 -0.025838556 -0.29410377 -0.13071044 0.32224157
0.28209481 -0.35669234 0.25159019 0.21955723 -0.35840231 -0.41069248 -0.064522386 0.25279629 -0.18082504 -0.031370975 -0.48826751 -0.10867222 -0.32172498 0.066891737 -0.24634604 -0.37037212 0.27183059 -0.048460431 -0.26568475 0.28771654 -0.26380086 -0.17710009 -0.13404617 -0.57213372 -0.20081599
0.28209481 0.19717467 0.35525104 0.27138767 0.24488971 0.32056478 0.18479343 0.44121957 0.079569489 0.18160202 0.47108492 0.30307105 -0.09681078 0.41714153 0.15306477 -0.059006073 0.081730857 0.39611527 0.57271844 0.13750659 -0.32561818 0.18926159 0.1860875 -0.12870565 -0.11249287
0.28209481 -3.6324495e-17 0.38827017 0.29661202 -4.9308031e-17 -6.4545049e-17 0.28209478 0.52705032 0.20131531 -4.8497057e-17 -1.0366807e-16 -7.3304389e-17 0.046670027 0.59857577 0.42325702 0.13200283 -4.1635464e-17 -1.1561521e-16 -1.4605496e-16 -5.6139411e-17 -0.21026106 0.45841306 0.59631461 0.31468993 0.084994845
0.28209481 0.098587334 0.4589119 0.13569383 0.061222427 0.20705216 0.51928568 0.28498286 0.019892372 0.022700252 0.15213642 0.3145439 0.49448469 0.43293256 0.049432117 -0.0073757591 0.0051081786 0.063962519 0.27438569 0.40258291 0.39906675 0.55410784 0.08915332 -0.020782683 -0.0070308046
0.28209481 -0.098587334 0.25159019 0.40708148 -0.18366727 -0.11351261 -0.064522386 0.46871012 0.35695413 -0.24307893 -0.25021815 -0.030036261 -0.32172498 0.1240241 0.48629457 0.28119794 -0.27498764 -0.37549707 -0.13615313 0.0795229 -0.26380086 -0.32836163 0.26461121 0.43438157 0.19647071
0.28209481 0.098587334 0.25159019 0.40708148 0.18366727 0.11351261 -0.064522386 0.46871012 0.35695413 0.24307893 0.25021815 0.030036261 -0.32172498 0.1240241 0.48629457 0.28119794 0.27498764 0.37549707 0.13615313 -0.0795229 -0.26380086 -0.32836163 0.26461121 0.43438157 0.19647071
0.28209481 0.31903532 0.35525104 -0.10366086 -0.15135016 0.51868469 0.18479343 -0.16853088 -0.20831563 -0.11223622 -0.29114649 0.49037927 -0.09681078 -0.15933388 -0.40072876 0.15447991 0.13224331 -0.2448127 -0.35395947 0.22249034 -0.32561818 -0.072291493 -0.48718342 0.33695579 0.042968452
0.28209481 0.28209481 0.38827017 0.091658153 0.11833017 0.50125462 0.28209478 0.1628675 -0.16286752 -0.077589318 0.24878423 0.56927937 0.046670027 0.1849701 -0.34242213 -0.10679254 -0.080834903 -0.1849701 0.35050493 0.43597671 -0.21026106 0.14165743 -0.48242867 -0.2545895 0.026264852
0.28209481 0.15951766 0.4589119 -0.05183043 -0.037837539 0.33501744 0.51928568 -0.10885376 -0.052078906 -0.014029527 -0.094025478 0.50894272 0.49448469 -0.16536552 -0.12941496 0.019309988 0.0082652066 -0.039531011 -0.16957968 0.65139282 0.39906675 -0.21165037 -0.23340641 0.054409768 0.0026855282
0.28209481 0.35669234 0.25159019 0.21955723 0.35840231 0.41069248 -0.064522386 0.25279629 -0.18082504 0.031370975 0.48826751 0.10867222 -0.32172498 0.066891737 -0.24634604 -0.37037212 -0.27183059 0.048460431 0.26568475 -0.28771654 -0.26380086 -0.17710009 -0.13404617 -0.57213372 -0.20081599
0.28209481 0.41762266 0.25159019 0.032032967 0.061222427 0.48084715 -0.064522386 0.036882482 -0.39673889 -0.36193898 0.083406046 0.12723565 -0.32172498 0.009759373 -0.5404951 -0.084615707 -0.1018789 -0.55910659 0.045384374 -0.33686441 -0.26380086 -0.025838556 -0.29410377 -0.13071044 0.32224157
0.28209481 0.17434417 0.38827017 -0.23996417 -0.19146223 0.3097924 0.28209478 -0.42639267 0.062209852 0.12554216 -0.40254134 0.35183403 0.046670027 -0.48425797 0.13079362 0.04079112 -0.049958717 0.29928792 -0.5671289 0.26944843 -0.21026106 -0.37086394 0.18427135 0.097244538 -0.068762273
0.28209481 0.31903532 0.25159019 -0.27138767 -0.39623988 0.36733454 -0.064522386 -0.31247342 -0.064373069 0.19231962 -0.53981531 0.097199388 -0.32172498 -0.082682736 -0.087698311 0.31807673 0.10698707 0.29708645 -0.29373384 -0.2573415 -0.26380086 0.21890776 -0.047719955 0.49135023 -0.32058182
0.28209481 0.15951766 0.25159019 -0.38728401 -0.28272724 0.18366727 -0.064522386 -0.44591549 0.28498286 0.34255067 -0.38517195 0.048599694 -0.32172498 -0.11799248 0.3882449 -0.14428686 -0.33795226 0.52915639 -0.20958659 -0.12867075 -0.26380086 0.31239253 0.21125868 -0.22288765 0.0026855282
0.28209481 -0.31903532 -0.35525104 0.10366086 -0.15135016 0.51868469 0.18479343 -0.16853088 -0.20831563 0.11223622 0.29114649 -0.49037927 0.09681078 0.15933388 0.40072876 -0.15447991 0.13224331 -0.2448127 -0.35395947 0.22249034 -0.32561818 -0.072291493 -0.48718342 0.33695579 0.042968452
0.28209481 -0.19717467 -0.35525104 -0.27138767 0.24488971 0.32056478 0.18479343 0.44121957 0.079569489 -0.18160202 -0.47108492 -0.30307105 0.09681078 -0.41714153 -0.15306477 0.059006073 0.081730857 0.39611527 0.57271844 0.13750659 -0.32561818 0.18926159 0.1860875 -0.12870565 -0.11249287
0.28209481 -0.15951766 -0.4589119 0.05183043 -0.037837539 0.33501744 0.51928568 -0.10885376 -0.052078906 0.014029527 0.094025478 -0.50894272 -0.49448469 0.16536552 0.12941496 -0.019309988 0.0082652066 -0.039531011 -0.16957968 0.65139282 0.39906675 -0.21165037 -0.23340641 0.054409768 0.0026855282
0.28209481 -0.28209481 -0.38827017 -0.091658153 0.11833017 0.50125462 0.28209478 0.1628675 -0.16286752 0.077589318 -0.24878423 -0.56927937 -0.046670027 -0.1849701 0.34242213 0.10679254 -0.080834903 -0.1849701 0.35050493 0.43597671 -0.21026106 0.14165743 -0.48242867 -0.2545895 0.026264852
0.28209481 -0.098587334 -0.4589119 -0.13569383 0.061222427 0.20705216 0.51928568 0.28498286 0.019892372 -0.022700252 -0.15213642 -0.3145439 -0.49448469 -0.43293256 -0.049432117 0.0073757591 0.0051081786 0.063962519 0.27438569 0.40258291 0.39906675 0.55410784 0.08915332 -0.020782683 -0.0070308046
0.28209481 -0.41762266 -0.25159019 -0.032032967 0.061222427 0.48084715 -0.064522386 0.036882482 -0.39673889 0.36193898 -0.083406046 -0.12723565 0.32172498 -0.009759373 0.5404951 0.084615707 -0.1018789 -0.55910659 0.045384374 -0.33686441 -0.26380086 -0.025838556 -0.29410377 -0.13071044 0.32224157
0.28209481 -0.35669234 -0.25159019 -0.21955723 0.35840231 0.41069248 -0.064522386 0.25279629 -0.18082504 -0.031370975 -0.48826751 -0.10867222 0.32172498 -0.066891737 0.24634604 0.37037212 -0.27183059 0.048460431 0.26568475 -0.28771654 -0.26380086 -0.17710009 -0.13404617 -0.57213372 -0.20081599
0.28209481 -4.1081217e-17 -0.35525104 0.3354536 -6.306742e-17 6.6789468e-17 0.18479343 -0.54537737 0.25749227 -7.0153036e-17 1.2132037e-16 -6.3144658e-17 0.09681078 0.51561528 -0.49532801 0.19094767 -6.8114287e-17 1.530197e-16 -1.4749446e-16 2.864941e-17 -0.32561818 -0.2339402 0.60219181 -0.41650024 0.13904883
0.28209481 -2.0540609e-17 -0.4589119 0.1677268 -1.5766855e-17 4.3139186e-17 0.51928568 -0.35225818 0.064373069 -8.7691294e-18 3.9180296e-17 -6.5535019e-17 -0.49448469 0.53513408 -0.15996569 0.023868458 -4.2571429e-18 2.4708783e-17 -7.0663638e-17 8.3877894e-17 0.39906675 -0.68491495 0.28850618 -0.067254171 0.0086905519
0.28209481 -0.17434417 -0.38827017 0.23996417 -0.19146223 0.3097924 0.28209478 -0.42639267 0.062209852 -0.12554216 0.40254134 -0.35183403 -0.046670027 0.48425797 -0.13079362 -0.04079112 -0.049958717 0.29928792 -0.5671289 0.26944843 -0.21026106 -0.37086394 0.18427135 0.097244538 -0.068762273
0.28209481 -0.15951766 -0.25159019 0.38728401 -0.28272724 0.18366727 -0.064522386 -0.44591549 0.28498286 -0.34255067 0.38517195 -0.048599694 0.32172498 0.11799248 -0.3882449 0.14428686 -0.33795226 0.52915639 -0.20958659 -0.12867075 -0.26380086 0.31239253 0.21125868 -0.22288765 0.0026855282
0.28209481 -0.31903532 -0.25159019 0.27138767 -0.39623988 0.36733454 -0.064522386 -0.31247342 -0.064373069 -0.19231962 0.53981531 -0.097199388 0.32172498 0.082682736 0.087698311 -0.31807673 0.10698707 0.29708645 -0.29373384 -0.2573415 -0.26380086 0.21890776 -0.047719955 0.49135023 -0.32058182
0.28209481 0.31903532 -0.35525104 0.10366086 0.15135016 -0.51868469 0.18479343 -0.16853088 -0.20831563 -0.11223622 -0.29114649 0.49037927 0.09681078 0.15933388 0.40072876 -0.15447991 -0.13224331 0.2448127 0.35395947 -0.22249034 -0.32561818 -0.072291493 -0.48718342 0.33695579 0.042968452
0.28209481 0.15951766 -0.4589119 0.05183043 0.037837539 -0.33501744 0.51928568 -0.10885376 -0.052078906 -0.014029527 -0.094025478 0.50894272 -0.49448469 0.16536552 0.12941496 -0.019309988 -0.0082652066 0.039531011 0.16957968 -0.65139282 0.39906675 -0.21165037 -0.23340641 0.054409768 0.0026855282
0.28209481 0.17434417 -0.38827017 0.23996417 0.19146223 -0.3097924 0.28209478 -0.42639267 0.062209852 0.12554216 -0.40254134 0.35183403 -0.046670027 0.48425797 -0.13079362 -0.04079112 0.049958717 -0.29928792 0.5671289 -0.26944843 -0.21026106 -0.37086394 0.18427135 0.097244538 -0.068762273
0.28209481 0.31903532 -0.25159019 0.27138767 0.39623988 -0.36733454 -0.064522386 -0.31247342 -0.064373069 0.19231962 -0.53981531 0.097199388 0.32172498 0.082682736 0.087698311 -0.31807673 -0.10698707 -0.29708645 0.29373384 0.2573415 -0.26380086 0.21890776 -0.047719955 0.49135023 -0.32058182
0.28209481 0.15951766 -0.25159019 0.38728401 0.28272724 -0.18366727 -0.064522386 -0.44591549 0.28498286 0.34255067 -0.38517195 0.048599694 0.32172498 0.11799248 -0.3882449 0.14428686 0.33795226 -0.52915639 0.20958659 0.12867075 -0.26380086 0.31239253 0.21125868 -0.22288765 0.0026855282
0.28209481 0.19717467 -0.35525104 -0.27138767 -0.24488971 -0.32056478 0.18479343 0.44121957 0.079569489 0.18160202 0.47108492 0.30307105 0.09681078 -0.41714153 -0.15306477 0.059006073 -0.081730857 -0.39611527 -0.57271844 -0.13750659 -0.32561818 0.18926159 0.1860875 -0.12870565 -0.11249287
0.28209481 0.098587334 -0.4589119 -0.13569383 -0.061222427 -0.20705216 0.51928568 0.28498286 0.019892372 0.022700252 0.15213642 0.3145439 -0.49448469 -0.43293256 -0.049432117 0.0073757591 -0.0051081786 -0.063962519 -0.27438569 -0.40258291 0.39906675 0.55410784 0.08915332 -0.020782683 -0.0070308046
0.28209481 0.28209481 -0.38827017 -0.091658153 -0.11833017 -0.50125462 0.28209478 0.1628675 -0.16286752 -0.077589318 0.24878423 0.56927937 -0.046670027 -0.1849701 0.34242213 0.10679254 0.080834903 0.1849701 -0.35050493 -0.43597671 -0.21026106 0.14165743 -0.48242867 -0.2545895 0.026264852
0.28209481 0.35669234 -0.25159019 -0.21955723 -0.35840231 -0.41069248 -0.064522386 0.25279629 -0.18082504 0.031370975 0.48826751 0.10867222 0.32172498 -0.066891737 0.24634604 0.37037212 0.27183059 -0.048460431 -0.26568475 0.28771654 -0.26380086 -0.17710009 -0.13404617 -0.57213372 -0.20081599
0.28209481 0.41762266 -0.25159019 -0.032032967 -0.061222427 -0.48084715 -0.064522386 0.036882482 -0.39673889 -0.36193898 0.083406046 0.12723565 0.32172498 -0.009759373 0.5404951 0.084615707 0.1018789 0.55910659 -0.045384374 0.33686441 -0.26380086 -0.025838556 -0.29410377 -0.13071044 0.32224157
0.28209481 7.264899e-17 -0.38827017 -0.29661202 -9.8616062e-17 -1.290901e-16 0.28209478 0.52705032 0.20131531 9.6994113e-17 2.0733614e-16 1.4660878e-16 -0.046670027 -0.59857577 -0.42325702 -0.13200283 -8.3270929e-17 -2.3123041e-16 -2.9210993e-16 -1.1227882e-16 -0.21026106 0.45841306 0.59631461 0.31468993 0.084994845
0.28209481 -0.098587334 -0.25159019 -0.40708148 0.18366727 0.11351261 -0.064522386 0.46871012 0.35695413 -0.24307893 -0.25021815 -0.030036261 0.32172498 -0.1240241 -0.48629457 -0.28119794 0.27498764 0.37549707 0.13615313 -0.0795229 -0.26380086 -0.32836163 0.26461121 0.43438157 0.19647071
0.28209481 0.098587334 -0.25159019 -0.40708148 -0.18366727 -0.11351261 -0.064522386 0.46871012 0.35695413 0.24307893 0.25021815 0.030036261 0.32172498 -0.1240241 -0.48629457 -0.28119794 -0.27498764 -0.37549707 -0.13615313 0.0795229 -0.26380086 -0.32836163 0.26461121 0.43438157 0.19647071
0.28209481 -0.19717467 -0.083863392 -0.43911445 0.39623985 0.075675078 -0.28751722 0.16853087 0.35225818 -0.5381822 -0.17993842 0.15727195 0.18272033 0.3502498 -0.15996568 -0.16923141 0.58544779 0.27711964 -0.27238849 -0.12946746 0.22707659 -0.28832829 -0.24215402 0.087140284 -0.069040105
0.28209481 -0.098587334 0.083863392 -0.47114742 0.21257257 -0.037837539 -0.28751722 -0.18082502 0.48570025 -0.32725608 0.096532375 0.078635976 -0.18272033 0.37580016 0.22056372 -0.4595463 0.43305647 -0.16851 -0.14612947 0.064733729 0.22707659 0.30936155 -0.33388656 -0.23662861 0.3999722
0.28209481 -0.28209481 0.091658153 -0.38827017 0.50125462 -0.11833017 -0.28209481 -0.1628675 0.1628675 -0.5318051 0.24878421 0.21744539 -0.19769749 0.29928792 0.080834888 0.17279394 0.3424221 -0.29928789 -0.32716474 0.19953632 0.21026105 0.27463818 -0.10630227 0.097244531 -0.47130361
0.28209481 -0.35669234 -0.083863392 -0.32321808 0.52761692 0.13689749 -0.28751722 0.12405018 -0.052078906 -0.3359268 -0.23959871 0.28450763 0.18272033 0.25780767 0.023649806 0.45324665 -0.11525228 0.17297472 -0.36270148 -0.23420884 0.22707659 -0.21222921 0.035800777 -0.2333848 -0.57812852
0.28209481 -0.41762266 0.083863392 -0.23935468 0.45746228 -0.16028237 -0.28751722 -0.09186364 -0.26799273 0.0053588026 0.20774044 0.33310735 -0.18272033 0.1909159 -0.12169949 0.56413704 -0.51421797 0.0027593432 -0.31447482 0.2742165 0.22707659 0.15716341 0.18422714 0.29048428 -0.28826296
0.28209481 -0.47855297 -0.083863392 0.05183043 -0.11351262 0.18366726 -0.28751722 -0.01989237 -0.51788682 0.53487027 0.051547769 0.38170704 0.18272033 -0.041341379 0.23518011 -0.17942446 0.24657436 -0.27541426 0.078032359 -0.31422412 0.22707659 0.034032539 0.35601264 0.092388868 0.5354594
0.28209481 -0.47855297 0.083863392 -0.05183043 0.11351262 -0.18366726 -0.28751722 -0.01989237 -0.51788682 0.53487027 0.051547769 0.38170704 -0.18272033 0.041341379 -0.23518011 0.17942446 -0.24657436 0.27541426 -0.078032359 0.31422412 0.22707659 0.034032539 0.35601264 0.092388868 0.5354594
0.28209481 -0.45643896 0.091658153 0.14830601 -0.3097924 -0.19146222 -0.28209481 0.062209848 -0.42639267 0.32867363 -0.1537571 0.35183403 -0.19769749 -0.1143178 -0.2116285 -0.45238042 0.55405062 0.18497008 0.20219894 0.32285655 0.21026105 -0.10490245 0.27830297 -0.25458947 0.18002196
0.28209481 -0.41762266 -0.083863392 0.23935468 -0.45746228 0.16028237 -0.28751722 -0.09186364 -0.26799273 0.0053588026 0.20774044 0.33310735 0.18272033 -0.1909159 0.12169949 -0.56413704 0.51421797 -0.0027593432 0.31447482 -0.2742165 0.22707659 0.15716341 0.18422714 0.29048428 -0.28826296
0.28209481 -0.35669234 0.083863392 0.32321808 -0.52761692 -0.13689749 -0.28751722 0.12405018 -0.052078906 -0.3359268 -0.23959871 0.28450763 -0.18272033 -0.25780767 -0.023649806 -0.45324665 0.11525228 -0.17297472 0.36270148 0.23420884 0.22707659 -0.21222921 0.035800777 -0.2333848 -0.57812852
0.28209481 -0.098587334 -0.083863392 0.47114742 -0.21257257 0.037837539 -0.28751722 -0.18082502 0.48570025 -0.32725608 0.096532375 0.078635976 0.18272033 -0.37580016 -0.22056372 0.4595463 -0.43305647 0.16851 0.14612947 -0.064733729 0.22707659 0.30936155 -0.33388656 -0.23662861 0.3999722
0.28209481 -0.19717467 0.083863392 0.43911445 -0.39623985 -0.075675078 -0.28751722 0.16853087 0.35225818 -0.5381822 -0.17993842 0.15727195 -0.18272033 -0.3502498 0.15996568 0.16923141 -0.58544779 -0.27711964 0.27238849 0.12946746 0.22707659 -0.28832829 -0.24215402 0.087140284 -0.069040105
0.28209481 -5.8774266e-17 0.091658153 0.47992831 -1.290901e-16 -2.4654014e-17 -0.28209481 0.2013153 0.52705032 -2.0543682e-16 -6.4070386e-17 4.5304606e-17 -0.19769749 -0.36994019 0.2615872 0.55917299 -2.8537371e-16 -1.1561519e-16 8.4256035e-17 4.1573264e-17 0.21026105 -0.33947146 -0.34400138 0.3146899 0.58256328
0.28209481 0.098587334 -0.083863392 0.47114742 0.21257257 -0.037837539 -0.28751722 -0.18082502 0.48570025 0.32725608 -0.096532375 -0.078635976 0.18272033 -0.37580016 -0.22056372 0.4595463 0.43305647 -0.16851 -0.14612947 0.064733729 0.22707659 0.30936155 -0.33388656 -0.23662861 0.3999722
0.28209481 0.19717467 0.083863392 0.43911445 0.39623985 0.075675078 -0.28751722 0.16853087 0.35225818 0.5381822 0.17993842 -0.15727195 -0.18272033 -0.3502498 0.15996568 0.16923141 0.58544779 0.27711964 -0.27238849 -0.12946746 0.22707659 -0.28832829 -0.24215402 0.087140284 -0.069040105
0.28209481 0.41762266 -0.083863392 0.23935468 0.45746228 -0.16028237 -0.28751722 -0.09186364 -0.26799273 -0.0053588026 -0.20774044 -0.33310735 0.18272033 -0.1909159 0.12169949 -0.56413704 -0.51421797 0.0027593432 -0.31447482 0.2742165 0.22707659 0.15716341 0.18422714 0.29048428 -0.28826296
0.28209481 0.35669234 0.083863392 0.32321808 0.52761692 0.13689749 -0.28751722 0.12405018 -0.052078906 0.3359268 0.23959871 -0.28450763 -0.18272033 -0.25780767 -0.023649806 -0.45324665 -0.11525228 0.17297472 -0.36270148 -0.23420884 0.22707659 -0.21222921 0.035800777 -0.2333848 -0.57812852
0.28209481 0.45643896 0.091658153 0.14830601 0.3097924 0.19146222 -0.28209481 0.062209848 -0.42639267 -0.32867363 0.1537571 -0.35183403 -0.19769749 -0.1143178 -0.2116285 -0.45238042 -0.55405062 -0.18497008 -0.20219894 -0.32285655 0.21026105 -0.10490245 0.27830297 -0.25458947 0.18002196
0.28209481 0.47855297 -0.083863392 0.05183043 0.11351262 -0.18366726 -0.28751722 -0.01989237 -0.51788682 -0.53487027 -0.051547769 -0.38170704 0.18272033 -0.041341379 0.23518011 -0.17942446 -0.24657436 0.27541426 -0.078032359 0.31422412 0.22707659 0.034032539 0.35601264 0.092388868 0.5354594
0.28209481 0.47855297 0.083863392 -0.05183043 -0.11351262 0.18366726 -0.28751722 -0.01989237 -0.51788682 -0.53487027 -0.051547769 -0.38170704 -0.18272033 0.041341379 -0.23518011 0.17942446 0.24657436 -0.27541426 0.078032359 -0.31422412 0.22707659 0.034032539 0.35601264 0.092388868 0.5354594
0.28209481 0.35669234 -0.083863392 -0.32321808 -0.52761692 -0.13689749 -0.28751722 0.12405018 -0.052078906 0.3359268 0.23959871 -0.28450763 0.18272033 0.25780767 0.023649806 0.45324665 0.11525228 -0.17297472 0.36270148 0.23420884 0.22707659 -0.21222921 0.035800777 -0.2333848 -0.57812852
0.28209481 0.41762266 0.083863392 -0.23935468 -0.45746228 0.16028237 -0.28751722 -0.09186364 -0.26799273 -0.0053588026 -0.20774044 -0.33310735 -0.18272033 0.1909159 -0.12169949 0.56413704 0.51421797 -0.0027593432 0.31447482 -0.2742165 0.22707659 0.15716341 0.18422714 0.29048428 -0.28826296
0.28209481 0.28209481 0.091658153 -0.38827017 -0.50125462 0.11833017 -0.28209481 -0.1628675 0.1628675 0.5318051 -0.24878421 -0.21744539 -0.19769749 0.29928792 0.080834888 0.17279394 -0.3424221 0.29928789 0.32716474 -0.19953632 0.21026105 0.27463818 -0.10630227 0.097244531 -0.47130361
0.28209481 0.19717467 -0.083863392 -0.43911445 -0.39623985 -0.075675078 -0.28751722 0.16853087 0.35225818 0.5381822 0.17993842 -0.15727195 0.18272033 0.3502498 -0.15996568 -0.16923141 -0.58544779 -0.27711964 0.27238849 0.12946746 0.22707659 -0.28832829 -0.24215402 0.087140284 -0.069040105
0.28209481 0.098587334 0.083863392 -0.47114742 -0.21257257 0.037837539 -0.28751722 -0.18082502 0.48570025 0.32725608 -0.096532375 -0.078635976 -0.18272033 0.37580016 0.22056372 -0.4595463 -0.43305647 0.16851 0.14612947 -0.064733729 0.22707659 0.30936155 -0.33388656 -0.23662861 0.3999722
0.28209481 -0.45643896 -0.091658153 -0.14830601 0.3097924 0.19146222 -0.28209481 0.062209848 -0.42639267 0.32867363 -0.1537571 0.35183403 0.19769749 0.1143178 0.2116285 0.45238042 -0.55405062 -0.18497008 -0.20219894 -0.32285655 0.21026105 -0.10490245 0.27830297 -0.25458947 0.18002196
0.28209481 -0.28209481 -0.091658153 0.38827017 -0.50125462 0.11833017 -0.28209481 -0.1628675 0.1628675 -0.5318051 0.24878421 0.21744539 0.19769749 -0.29928792 -0.080834888 -0.17279394 -0.3424221 0.29928789 0.32716474 -0.19953632 0.21026105 0.27463818 -0.10630227 0.097244531 -0.47130361
0.28209481 0.28209481 -0.091658153 0.38827017 0.50125462 -0.11833017 -0.28209481 -0.1628675 0.1628675 0.5318051 -0.24878421 -0.21744539 0.19769749 -0.29928792 -0.080834888 -0.17279394 0.3424221 -0.29928789 -0.32716474 0.19953632 0.21026105 0.27463818 -0.10630227 0.097244531 -0.47130361
0.28209481 0.45643896 -0.091658153 -0.14830601 -0.3097924 -0.19146222 -0.28209481 0.062209848 -0.42639267 -0.32867363 0.1537571 -0.35183403 0.19769749 0.1143178 0.2116285 0.45238042 0.55405062 0.18497008 0.20219894 0.32285655 0.21026105 -0.10490245 0.27830297 -0.25458947 0.18002196
0.28209481 -8.5329189e-18 -0.091658153 -0.47992831 1.8741454e-17 3.579299e-18 -0.28209481 0.2013153 0.52705032 -2.9825562e-17 -9.3018147e-18 6.5773771e-18 0.19769749 0.36994019 -0.2615872 -0.55917299 4.1430896e-17 1.6785152e-17 -1.2232392e-17 -6.0356561e-18 0.21026105 -0.33947146 -0.34400138 0.3146899 0.58256328
