0.28209481 0 0.48860252 0
0.28209481 0 0.21850967 -0.43701938
0.28209481 -0.41563013 0.21850967 -0.13504641
0.28209481 -0.25687355 0.21850967 0.3535561
0.28209481 0.25687355 0.21850967 0.3535561
0.28209481 0.41563013 0.21850967 -0.13504641
0.28209481 -0.25687355 -0.21850967 -0.3535561
0.28209481 -0.41563013 -0.21850967 0.13504641
0.28209481 -5.3519439e-17 -0.21850967 0.43701938
0.28209481 0.41563013 -0.21850967 0.13504641
0.28209481 0.25687355 -0.21850967 -0.3535561
0.28209481 0 -0.48860252 0
0.28209481 0 0.25872809 -0.41447821
0.28209481 -0.39419222 0.25872809 -0.12808082
0.28209481 0 0.30038831 -0.38535604
0.28209481 -0.36649537 0.30038831 -0.11908156
0.28209481 0 0.34183678 -0.3491132
0.28209481 -0.33202639 0.34183678 -0.10788191
0.28209481 0 0.38097942 -0.30592009
0.28209481 -0.29094729 0.38097942 -0.094534509
0.28209481 0 0.41563013 -0.25687355
0.28209481 -0.24430126 0.41563013 -0.079378292
0.28209481 0 0.44400242 -0.20394672
0.28209481 -0.19396487 0.44400242 -0.063023008
0.28209481 0 0.46513039 -0.14961995
0.28209481 -0.14229703 0.46513039 -0.046235107
0.28209481 0 0.47901067 -0.09633901
0.28209481 -0.091623843 0.47901067 -0.029770391
0.28209481 0 0.48642731 -0.046053138
0.28209481 -0.046122722 0.48226038 -0.063482478
0.28209481 -0.043799136 0.48642731 -0.014231201
0.28209481 -0.048130419 0.47197586 -0.11685316
0.28209481 -0.096260838 0.47197586 -0.081884362
0.28209481 -0.049624328 0.45437756 -0.17265823
0.28209481 -0.10004011 0.45800099 -0.13769341
0.28209481 -0.14887299 0.45437756 -0.10054987
0.28209481 -0.050425407 0.42894411 -0.22846584
0.28209481 -0.10253315 0.43609953 -0.19502965
0.28209481 -0.15379973 0.43609953 -0.1577823
0.28209481 -0.20170163 0.42894411 -0.11855724
0.28209481 -0.050425407 0.39617568 -0.28148624
0.28209481 -0.10340652 0.40621537 -0.25105491
0.28209481 -0.15645389 0.40973547 -0.21534032
0.28209481 -0.20681304 0.40621537 -0.17592569
0.28209481 -0.25212702 0.39617568 -0.13494144
0.28209481 -0.049624328 0.35763404 -0.32919255
0.28209481 -0.10253315 0.36946946 -0.30283937
0.28209481 -0.15645389 0.37584549 -0.27017543
0.28209481 -0.20860519 0.37584549 -0.23228529
0.28209481 -0.25633287 0.36946946 -0.19109733
0.28209481 -0.29774597 0.35763404 -0.14892164
0.28209481 -0.048130419 0.31559065 -0.36988974
0.28209481 -0.10004011 0.327981 -0.3480702
0.28209481 -0.15379973 0.3361544 -0.3194969
0.28209481 -0.20681304 0.33901775 -0.28465372
0.28209481 -0.25633287 0.3361544 -0.24500221
0.28209481 -0.30012032 0.327981 -0.2027034
0.28209481 -0.33691293 0.31559065 -0.16007696
0.28209481 -0.046122722 0.27245384 -0.40295658
0.28209481 -0.096260838 0.28431362 -0.38552827
0.28209481 -0.14887299 0.29313836 -0.36144039
0.28209481 -0.20170163 0.29787046 -0.33063889
0.28209481 -0.25212702 0.29787046 -0.29400268
0.28209481 -0.29774597 0.29313836 -0.25327784
0.28209481 -0.33691293 0.28431362 -0.21068428
0.28209481 -0.36898178 0.27245384 -0.16838574
0.28209481 -0.043799136 0.23026566 -0.42870942
0.28209481 -0.091623843 0.24084751 -0.41512644
0.28209481 -0.14229703 0.24936657 -0.39534831
0.28209481 -0.19396487 0.25493339 -0.3689431
0.28209481 -0.24430126 0.25687352 -0.33625183
0.28209481 -0.29094729 0.25493339 -0.29848123
0.28209481 -0.33202639 0.24936657 -0.25750187
0.28209481 -0.36649537 0.24084751 -0.21542057
0.28209481 -0.39419222 0.23026566 -0.17413396
0.28209481 -0.2436242 0.25872809 0.33531994
0.28209481 -0.22650661 0.30038831 0.31175959
0.28209481 -0.20520359 0.34183678 0.28243852
0.28209481 -0.17981532 0.38097942 0.24749455
0.28209481 -0.15098648 0.41563013 0.20781507
0.28209481 -0.11987688 0.44400242 0.16499637
0.28209481 -0.087944396 0.46513039 0.12104508
0.28209481 -0.056626651 0.47901067 0.077939898
0.28209481 -0.07462813 0.48226038 0.024248149
0.28209481 -0.027069354 0.48642731 0.037257768
0.28209481 -0.12600707 0.47197586 0.0096651372
0.28209481 -0.10762288 0.47197586 0.066245839
0.28209481 -0.1795425 0.45437756 -0.0061587896
0.28209481 -0.1618683 0.45800099 0.0525942
0.28209481 -0.14163288 0.45437756 0.110515
0.28209481 -0.23286624 0.42894411 -0.022642419
0.28209481 -0.2171687 0.43609953 0.037247349
0.28209481 -0.19758661 0.43609953 0.097514823
0.28209481 -0.17508386 0.42894411 0.15519345
0.28209481 -0.28329164 0.39617568 -0.039026625
0.28209481 -0.27072179 0.40621537 0.02076521
0.28209481 -0.25314772 0.40973547 0.082252681
0.28209481 -0.23122402 0.40621537 0.14232686
0.28209481 -0.20624848 0.39617568 0.19808786
0.28209481 -0.32841548 0.35763404 -0.054530554
0.28209481 -0.31970185 0.36946946 0.003932307
0.28209481 -0.30529901 0.37584549 0.065307699
0.28209481 -0.28537899 0.37584549 0.12661523
0.28209481 -0.26095557 0.36946946 0.18473473
0.28209481 -0.23364145 0.35763404 0.23715392
0.28209481 -0.36665916 0.31559065 -0.068527468
0.28209481 -0.36194852 0.327981 -0.012415806
0.28209481 -0.35138634 0.3361544 0.047542263
0.28209481 -0.33463052 0.33901775 0.10872805
0.28209481 -0.31222215 0.3361544 0.16807722
0.28209481 -0.28552467 0.327981 0.2227926
0.28209481 -0.25635406 0.31559065 0.27095672
0.28209481 -0.39748719 0.27245384 -0.080655113
0.28209481 -0.3964054 0.28431362 -0.027585289
0.28209481 -0.38975453 0.29313836 0.029895393
0.28209481 -0.37678549 0.29787046 0.089656614
0.28209481 -0.35752469 0.29787046 0.14893523
0.28209481 -0.33289009 0.29313836 0.20490608
0.28209481 -0.30448449 0.28431362 0.25531822
0.28209481 -0.27416602 0.27245384 0.29888847
0.28209481 -0.42126158 0.23026566 -0.090823047
0.28209481 -0.42312202 0.24084751 -0.04114167
0.28209481 -0.41997078 0.24936657 0.013163165
0.28209481 -0.41082418 0.25493339 0.070461862
0.28209481 -0.39528775 0.25687352 0.12843677
0.28209481 -0.37378019 0.25493339 0.18447155
0.28209481 -0.34750062 0.24936657 0.23620342
0.28209481 -0.31813043 0.24084751 0.28198919
0.28209481 -0.28742331 0.23026566 0.32108873
0.28209481 0.2436242 0.25872809 0.33531994
0.28209481 0.22650661 0.30038831 0.31175959
0.28209481 0.20520359 0.34183678 0.28243852
0.28209481 0.17981532 0.38097942 0.24749455
0.28209481 0.15098648 0.41563013 0.20781507
0.28209481 0.11987688 0.44400242 0.16499637
0.28209481 0.087944396 0.46513039 0.12104508
0.28209481 0.056626651 0.47901067 0.077939898
0.28209481 -9.6096392e-18 0.48226038 0.078468665
0.28209481 0.027069354 0.48642731 0.037257768
0.28209481 -0.029746234 0.47197586 0.12282654
0.28209481 0.029746234 0.47197586 0.12282654
0.28209481 -0.061339039 0.45437756 0.1688519
0.28209481 -2.0843294e-17 0.45800099 0.17019841
0.28209481 0.061339039 0.45437756 0.1688519
0.28209481 -0.093493842 0.42894411 0.21447206
0.28209481 -0.031684488 0.43609953 0.21804978
0.28209481 0.031684488 0.43609953 0.21804978
0.28209481 0.093493842 0.42894411 0.21447206
0.28209481 -0.12465846 0.39617568 0.25736648
0.28209481 -0.063908748 0.40621537 0.26388854
0.28209481 -3.2597067e-17 0.40973547 0.26617527
0.28209481 0.063908748 0.40621537 0.26388854
0.28209481 0.12465846 0.39617568 0.25736648
0.28209481 -0.1533476 0.35763404 0.2954908
0.28209481 -0.095053457 0.36946946 0.30526969
0.28209481 -0.032231275 0.37584549 0.31053782
0.28209481 0.032231275 0.37584549 0.31053782
0.28209481 0.095053457 0.36946946 0.30526969
0.28209481 0.1533476 0.35763404 0.2954908
0.28209481 -0.17847741 0.31559065 0.32753742
0.28209481 -0.12365638 0.327981 0.34039682
0.28209481 -0.063368976 0.3361544 0.34887964
0.28209481 -4.3089363e-17 0.33901775 0.35185137
0.28209481 0.063368976 0.3361544 0.34887964
0.28209481 0.12365638 0.327981 0.34039682
0.28209481 0.17847741 0.31559065 0.32753742
0.28209481 -0.19953787 0.27245384 0.35310897
0.28209481 -0.14873117 0.28431362 0.36847961
0.28209481 -0.092008561 0.29313836 0.37991676
0.28209481 -0.031164614 0.29787046 0.38604972
0.28209481 0.031164614 0.29787046 0.38604972
0.28209481 0.092008561 0.29313836 0.37991676
0.28209481 0.14873117 0.28431362 0.36847961
0.28209481 0.19953787 0.27245384 0.35310897
0.28209481 -0.21655484 0.23026566 0.3725777
0.28209481 -0.16987996 0.24084751 0.38969949
0.28209481 -0.1172592 0.24936657 0.4034836
0.28209481 -0.059938438 0.25493339 0.41249093
0.28209481 -5.090001e-17 0.25687352 0.41563013
0.28209481 0.059938438 0.25493339 0.41249093
0.28209481 0.1172592 0.24936657 0.4034836
0.28209481 0.16987996 0.24084751 0.38969949
0.28209481 0.21655484 0.23026566 0.3725777
0.28209481 0.39419222 0.25872809 -0.12808082
0.28209481 0.36649537 0.30038831 -0.11908156
0.28209481 0.33202639 0.34183678 -0.10788191
0.28209481 0.29094729 0.38097942 -0.094534509
0.28209481 0.24430126 0.41563013 -0.079378292
0.28209481 0.19396487 0.44400242 -0.063023008
0.28209481 0.14229703 0.46513039 -0.046235107
0.28209481 0.091623843 0.47901067 -0.029770391
0.28209481 0.07462813 0.48226038 0.024248149
0.28209481 0.043799136 0.48642731 -0.014231201
0.28209481 0.10762288 0.47197586 0.066245839
0.28209481 0.12600707 0.47197586 0.0096651372
0.28209481 0.14163288 0.45437756 0.110515
0.28209481 0.1618683 0.45800099 0.0525942
0.28209481 0.1795425 0.45437756 -0.0061587896
0.28209481 0.17508386 0.42894411 0.15519345
0.28209481 0.19758661 0.43609953 0.097514823
0.28209481 0.2171687 0.43609953 0.037247349
0.28209481 0.23286624 0.42894411 -0.022642419
0.28209481 0.20624848 0.39617568 0.19808786
0.28209481 0.23122402 0.40621537 0.14232686
0.28209481 0.25314772 0.40973547 0.082252681
0.28209481 0.27072179 0.40621537 0.02076521
0.28209481 0.28329164 0.39617568 -0.039026625
0.28209481 0.23364145 0.35763404 0.23715392
0.28209481 0.26095557 0.36946946 0.18473473
0.28209481 0.28537899 0.37584549 0.12661523
0.28209481 0.30529901 0.37584549 0.065307699
0.28209481 0.31970185 0.36946946 0.003932307
0.28209481 0.32841548 0.35763404 -0.054530554
0.28209481 0.25635406 0.31559065 0.27095672
0.28209481 0.28552467 0.327981 0.2227926
0.28209481 0.31222215 0.3361544 0.16807722
0.28209481 0.33463052 0.33901775 0.10872805
0.28209481 0.35138634 0.3361544 0.047542263
0.28209481 0.36194852 0.327981 -0.012415806
0.28209481 0.36665916 0.31559065 -0.068527468
0.28209481 0.27416602 0.27245384 0.29888847
0.28209481 0.30448449 0.28431362 0.25531822
0.28209481 0.33289009 0.29313836 0.20490608
0.28209481 0.35752469 0.29787046 0.14893523
0.28209481 0.37678549 0.29787046 0.089656614
0.28209481 0.38975453 0.29313836 0.029895393
0.28209481 0.3964054 0.28431362 -0.027585289
0.28209481 0.39748719 0.27245384 -0.080655113
0.28209481 0.28742331 0.23026566 0.32108873
0.28209481 0.31813043 0.24084751 0.28198919
0.28209481 0.34750062 0.24936657 0.23620342
0.28209481 0.37378019 0.25493339 0.18447155
0.28209481 0.39528775 0.25687352 0.12843677
0.28209481 0.41082418 0.25493339 0.070461862
0.28209481 0.41997078 0.24936657 0.013163165
0.28209481 0.42312202 0.24084751 -0.04114167
0.28209481 0.42126158 0.23026566 -0.090823047
0.28209481 0.046122722 0.48226038 -0.063482478
0.28209481 0.096260838 0.47197586 -0.081884362
0.28209481 0.048130419 0.47197586 -0.11685316
0.28209481 0.14887299 0.45437756 -0.10054987
0.28209481 0.10004011 0.45800099 -0.13769341
0.28209481 0.049624328 0.45437756 -0.17265823
0.28209481 0.20170163 0.42894411 -0.11855724
0.28209481 0.15379973 0.43609953 -0.1577823
0.28209481 0.10253315 0.43609953 -0.19502965
0.28209481 0.050425407 0.42894411 -0.22846584
0.28209481 0.25212702 0.39617568 -0.13494144
0.28209481 0.20681304 0.40621537 -0.17592569
0.28209481 0.15645389 0.40973547 -0.21534032
0.28209481 0.10340652 0.40621537 -0.25105491
0.28209481 0.050425407 0.39617568 -0.28148624
0.28209481 0.29774597 0.35763404 -0.14892164
0.28209481 0.25633287 0.36946946 -0.19109733
0.28209481 0.20860519 0.37584549 -0.23228529
0.28209481 0.15645389 0.37584549 -0.27017543
0.28209481 0.10253315 0.36946946 -0.30283937
0.28209481 0.049624328 0.35763404 -0.32919255
0.28209481 0.33691293 0.31559065 -0.16007696
0.28209481 0.30012032 0.327981 -0.2027034
0.28209481 0.25633287 0.3361544 -0.24500221
0.28209481 0.20681304 0.33901775 -0.28465372
0.28209481 0.15379973 0.3361544 -0.3194969
0.28209481 0.10004011 0.327981 -0.3480702
0.28209481 0.048130419 0.31559065 -0.36988974
0.28209481 0.36898178 0.27245384 -0.16838574
0.28209481 0.33691293 0.28431362 -0.21068428
0.28209481 0.29774597 0.29313836 -0.25327784
0.28209481 0.25212702 0.29787046 -0.29400268
0.28209481 0.20170163 0.29787046 -0.33063889
0.28209481 0.14887299 0.29313836 -0.36144039
0.28209481 0.096260838 0.28431362 -0.38552827
0.28209481 0.046122722 0.27245384 -0.40295658
0.28209481 0.39419222 0.23026566 -0.17413396
0.28209481 0.36649537 0.24084751 -0.21542057
0.28209481 0.33202639 0.24936657 -0.25750187
0.28209481 0.29094729 0.25493339 -0.29848123
0.28209481 0.24430126 0.25687352 -0.33625183
0.28209481 0.19396487 0.25493339 -0.3689431
0.28209481 0.14229703 0.24936657 -0.39534831
0.28209481 0.091623843 0.24084751 -0.41512644
0.28209481 0.043799136 0.23026566 -0.42870942
0.28209481 -0.39419222 -0.25872809 0.12808082
0.28209481 -0.2436242 -0.25872809 -0.33531994
0.28209481 -0.36649537 -0.30038831 0.11908156
0.28209481 -0.22650661 -0.30038831 -0.31175959
0.28209481 -0.33202639 -0.34183678 0.10788191
0.28209481 -0.20520359 -0.34183678 -0.28243852
0.28209481 -0.29094729 -0.38097942 0.094534509
0.28209481 -0.17981532 -0.38097942 -0.24749455
0.28209481 -0.24430126 -0.41563013 0.079378292
0.28209481 -0.15098648 -0.41563013 -0.20781507
0.28209481 -0.19396487 -0.44400242 0.063023008
0.28209481 -0.11987688 -0.44400242 -0.16499637
0.28209481 -0.14229703 -0.46513039 0.046235107
0.28209481 -0.087944396 -0.46513039 -0.12104508
0.28209481 -0.091623843 -0.47901067 0.029770391
0.28209481 -0.056626651 -0.47901067 -0.077939898
0.28209481 -0.043799136 -0.48642731 0.014231201
0.28209481 -0.07462813 -0.48226038 -0.024248149
0.28209481 -0.027069354 -0.48642731 -0.037257768
0.28209481 -0.12600707 -0.47197586 -0.0096651372
0.28209481 -0.10762288 -0.47197586 -0.066245839
0.28209481 -0.1795425 -0.45437756 0.0061587896
0.28209481 -0.1618683 -0.45800099 -0.0525942
0.28209481 -0.14163288 -0.45437756 -0.110515
0.28209481 -0.23286624 -0.42894411 0.022642419
0.28209481 -0.2171687 -0.43609953 -0.037247349
0.28209481 -0.19758661 -0.43609953 -0.097514823
0.28209481 -0.17508386 -0.42894411 -0.15519345
0.28209481 -0.28329164 -0.39617568 0.039026625
0.28209481 -0.27072179 -0.40621537 -0.02076521
0.28209481 -0.25314772 -0.40973547 -0.082252681
0.28209481 -0.23122402 -0.40621537 -0.14232686
0.28209481 -0.20624848 -0.39617568 -0.19808786
0.28209481 -0.32841548 -0.35763404 0.054530554
0.28209481 -0.31970185 -0.36946946 -0.003932307
0.28209481 -0.30529901 -0.37584549 -0.065307699
0.28209481 -0.28537899 -0.37584549 -0.12661523
0.28209481 -0.26095557 -0.36946946 -0.18473473
0.28209481 -0.23364145 -0.35763404 -0.23715392
0.28209481 -0.36665916 -0.31559065 0.068527468
0.28209481 -0.36194852 -0.327981 0.012415806
0.28209481 -0.35138634 -0.3361544 -0.047542263
0.28209481 -0.33463052 -0.33901775 -0.10872805
0.28209481 -0.31222215 -0.3361544 -0.16807722
0.28209481 -0.28552467 -0.327981 -0.2227926
0.28209481 -0.25635406 -0.31559065 -0.27095672
0.28209481 -0.39748719 -0.27245384 0.080655113
0.28209481 -0.3964054 -0.28431362 0.027585289
0.28209481 -0.38975453 -0.29313836 -0.029895393
0.28209481 -0.37678549 -0.29787046 -0.089656614
0.28209481 -0.35752469 -0.29787046 -0.14893523
0.28209481 -0.33289009 -0.29313836 -0.20490608
0.28209481 -0.30448449 -0.28431362 -0.25531822
0.28209481 -0.27416602 -0.27245384 -0.29888847
0.28209481 -0.42126158 -0.23026566 0.090823047
0.28209481 -0.42312202 -0.24084751 0.04114167
0.28209481 -0.41997078 -0.24936657 -0.013163165
0.28209481 -0.41082418 -0.25493339 -0.070461862
0.28209481 -0.39528775 -0.25687352 -0.12843677
0.28209481 -0.37378019 -0.25493339 -0.18447155
0.28209481 -0.34750062 -0.24936657 -0.23620342
0.28209481 -0.31813043 -0.24084751 -0.28198919
0.28209481 -0.28742331 -0.23026566 -0.32108873
0.28209481 -5.0758942e-17 -0.25872809 0.41447821
0.28209481 -4.7192504e-17 -0.30038831 0.38535604
0.28209481 -4.2754038e-17 -0.34183678 0.3491132
0.28209481 -3.7464406e-17 -0.38097942 0.30592009
0.28209481 -3.1457937e-17 -0.41563013 0.25687355
0.28209481 -2.497627e-17 -0.44400242 0.20394672
0.28209481 -1.8323159e-17 -0.46513039 0.14961995
0.28209481 -1.1798126e-17 -0.47901067 0.09633901
0.28209481 -5.6398824e-18 -0.48642731 0.046053138
0.28209481 -0.046122722 -0.48226038 0.063482478
0.28209481 -0.048130419 -0.47197586 0.11685316
0.28209481 -0.096260838 -0.47197586 0.081884362
0.28209481 -0.049624328 -0.45437756 0.17265823
0.28209481 -0.10004011 -0.45800099 0.13769341
0.28209481 -0.14887299 -0.45437756 0.10054987
0.28209481 -0.050425407 -0.42894411 0.22846584
0.28209481 -0.10253315 -0.43609953 0.19502965
0.28209481 -0.15379973 -0.43609953 0.1577823
0.28209481 -0.20170163 -0.42894411 0.11855724
0.28209481 -0.050425407 -0.39617568 0.28148624
0.28209481 -0.10340652 -0.40621537 0.25105491
0.28209481 -0.15645389 -0.40973547 0.21534032
0.28209481 -0.20681304 -0.40621537 0.17592569
0.28209481 -0.25212702 -0.39617568 0.13494144
0.28209481 -0.049624328 -0.35763404 0.32919255
0.28209481 -0.10253315 -0.36946946 0.30283937
0.28209481 -0.15645389 -0.37584549 0.27017543
0.28209481 -0.20860519 -0.37584549 0.23228529
0.28209481 -0.25633287 -0.36946946 0.19109733
0.28209481 -0.29774597 -0.35763404 0.14892164
0.28209481 -0.048130419 -0.31559065 0.36988974
0.28209481 -0.10004011 -0.327981 0.3480702
0.28209481 -0.15379973 -0.3361544 0.3194969
0.28209481 -0.20681304 -0.33901775 0.28465372
0.28209481 -0.25633287 -0.3361544 0.24500221
0.28209481 -0.30012032 -0.327981 0.2027034
0.28209481 -0.33691293 -0.31559065 0.16007696
0.28209481 -0.046122722 -0.27245384 0.40295658
0.28209481 -0.096260838 -0.28431362 0.38552827
0.28209481 -0.14887299 -0.29313836 0.36144039
0.28209481 -0.20170163 -0.29787046 0.33063889
0.28209481 -0.25212702 -0.29787046 0.29400268
0.28209481 -0.29774597 -0.29313836 0.25327784
0.28209481 -0.33691293 -0.28431362 0.21068428
0.28209481 -0.36898178 -0.27245384 0.16838574
0.28209481 -0.043799136 -0.23026566 0.42870942
0.28209481 -0.091623843 -0.24084751 0.41512644
0.28209481 -0.14229703 -0.24936657 0.39534831
0.28209481 -0.19396487 -0.25493339 0.3689431
0.28209481 -0.24430126 -0.25687352 0.33625183
0.28209481 -0.29094729 -0.25493339 0.29848123
0.28209481 -0.33202639 -0.24936657 0.25750187
0.28209481 -0.36649537 -0.24084751 0.21542057
0.28209481 -0.39419222 -0.23026566 0.17413396
0.28209481 0.39419222 -0.25872809 0.12808082
0.28209481 0.36649537 -0.30038831 0.11908156
0.28209481 0.33202639 -0.34183678 0.10788191
0.28209481 0.29094729 -0.38097942 0.094534509
0.28209481 0.24430126 -0.41563013 0.079378292
0.28209481 0.19396487 -0.44400242 0.063023008
0.28209481 0.14229703 -0.46513039 0.046235107
0.28209481 0.091623843 -0.47901067 0.029770391
0.28209481 0.043799136 -0.48642731 0.014231201
0.28209481 0.046122722 -0.48226038 0.063482478
0.28209481 0.096260838 -0.47197586 0.081884362
0.28209481 0.048130419 -0.47197586 0.11685316
0.28209481 0.14887299 -0.45437756 0.10054987
0.28209481 0.10004011 -0.45800099 0.13769341
0.28209481 0.049624328 -0.45437756 0.17265823
0.28209481 0.20170163 -0.42894411 0.11855724
0.28209481 0.15379973 -0.43609953 0.1577823
0.28209481 0.10253315 -0.43609953 0.19502965
0.28209481 0.050425407 -0.42894411 0.22846584
0.28209481 0.25212702 -0.39617568 0.13494144
0.28209481 0.20681304 -0.40621537 0.17592569
0.28209481 0.15645389 -0.40973547 0.21534032
0.28209481 0.10340652 -0.40621537 0.25105491
0.28209481 0.050425407 -0.39617568 0.28148624
0.28209481 0.29774597 -0.35763404 0.14892164
0.28209481 0.25633287 -0.36946946 0.19109733
0.28209481 0.20860519 -0.37584549 0.23228529
0.28209481 0.15645389 -0.37584549 0.27017543
0.28209481 0.10253315 -0.36946946 0.30283937
0.28209481 0.049624328 -0.35763404 0.32919255
0.28209481 0.33691293 -0.31559065 0.16007696
0.28209481 0.30012032 -0.327981 0.2027034
0.28209481 0.25633287 -0.3361544 0.24500221
0.28209481 0.20681304 -0.33901775 0.28465372
0.28209481 0.15379973 -0.3361544 0.3194969
0.28209481 0.10004011 -0.327981 0.3480702
0.28209481 0.048130419 -0.31559065 0.36988974
0.28209481 0.36898178 -0.27245384 0.16838574
0.28209481 0.33691293 -0.28431362 0.21068428
0.28209481 0.29774597 -0.29313836 0.25327784
0.28209481 0.25212702 -0.29787046 0.29400268
0.28209481 0.20170163 -0.29787046 0.33063889
0.28209481 0.14887299 -0.29313836 0.36144039
0.28209481 0.096260838 -0.28431362 0.38552827
0.28209481 0.046122722 -0.27245384 0.40295658
0.28209481 0.39419222 -0.23026566 0.17413396
0.28209481 0.36649537 -0.24084751 0.21542057
0.28209481 0.33202639 -0.24936657 0.25750187
0.28209481 0.29094729 -0.25493339 0.29848123
0.28209481 0.24430126 -0.25687352 0.33625183
0.28209481 0.19396487 -0.25493339 0.3689431
0.28209481 0.14229703 -0.24936657 0.39534831
0.28209481 0.091623843 -0.24084751 0.41512644
0.28209481 0.043799136 -0.23026566 0.42870942
0.28209481 0.2436242 -0.25872809 -0.33531994
0.28209481 0.22650661 -0.30038831 -0.31175959
0.28209481 0.20520359 -0.34183678 -0.28243852
0.28209481 0.17981532 -0.38097942 -0.24749455
0.28209481 0.15098648 -0.41563013 -0.20781507
0.28209481 0.11987688 -0.44400242 -0.16499637
0.28209481 0.087944396 -0.46513039 -0.12104508
0.28209481 0.056626651 -0.47901067 -0.077939898
0.28209481 0.027069354 -0.48642731 -0.037257768
0.28209481 0.07462813 -0.48226038 -0.024248149
0.28209481 0.10762288 -0.47197586 -0.066245839
0.28209481 0.12600707 -0.47197586 -0.0096651372
0.28209481 0.14163288 -0.45437756 -0.110515
0.28209481 0.1618683 -0.45800099 -0.0525942
0.28209481 0.1795425 -0.45437756 0.0061587896
0.28209481 0.17508386 -0.42894411 -0.15519345
0.28209481 0.19758661 -0.43609953 -0.097514823
0.28209481 0.2171687 -0.43609953 -0.037247349
0.28209481 0.23286624 -0.42894411 0.022642419
0.28209481 0.20624848 -0.39617568 -0.19808786
0.28209481 0.23122402 -0.40621537 -0.14232686
0.28209481 0.25314772 -0.40973547 -0.082252681
0.28209481 0.27072179 -0.40621537 -0.02076521
0.28209481 0.28329164 -0.39617568 0.039026625
0.28209481 0.23364145 -0.35763404 -0.23715392
0.28209481 0.26095557 -0.36946946 -0.18473473
0.28209481 0.28537899 -0.37584549 -0.12661523
0.28209481 0.30529901 -0.37584549 -0.065307699
0.28209481 0.31970185 -0.36946946 -0.003932307
0.28209481 0.32841548 -0.35763404 0.054530554
0.28209481 0.25635406 -0.31559065 -0.27095672
0.28209481 0.28552467 -0.327981 -0.2227926
0.28209481 0.31222215 -0.3361544 -0.16807722
0.28209481 0.33463052 -0.33901775 -0.10872805
0.28209481 0.35138634 -0.3361544 -0.047542263
0.28209481 0.36194852 -0.327981 0.012415806
0.28209481 0.36665916 -0.31559065 0.068527468
0.28209481 0.27416602 -0.27245384 -0.29888847
0.28209481 0.30448449 -0.28431362 -0.25531822
0.28209481 0.33289009 -0.29313836 -0.20490608
0.28209481 0.35752469 -0.29787046 -0.14893523
0.28209481 0.37678549 -0.29787046 -0.089656614
0.28209481 0.38975453 -0.29313836 -0.029895393
0.28209481 0.3964054 -0.28431362 0.027585289
0.28209481 0.39748719 -0.27245384 0.080655113
0.28209481 0.28742331 -0.23026566 -0.32108873
0.28209481 0.31813043 -0.24084751 -0.28198919
0.28209481 0.34750062 -0.24936657 -0.23620342
0.28209481 0.37378019 -0.25493339 -0.18447155
0.28209481 0.39528775 -0.25687352 -0.12843677
0.28209481 0.41082418 -0.25493339 -0.070461862
0.28209481 0.41997078 -0.24936657 -0.013163165
0.28209481 0.42312202 -0.24084751 0.04114167
0.28209481 0.42126158 -0.23026566 0.090823047
0.28209481 1.9219278e-17 -0.48226038 -0.078468665
0.28209481 -0.029746234 -0.47197586 -0.12282654
0.28209481 0.029746234 -0.47197586 -0.12282654
0.28209481 -0.061339039 -0.45437756 -0.1688519
0.28209481 0 -0.45800099 -0.17019841
0.28209481 0.061339039 -0.45437756 -0.1688519
0.28209481 -0.093493842 -0.42894411 -0.21447206
0.28209481 -0.031684488 -0.43609953 -0.21804978
0.28209481 0.031684488 -0.43609953 -0.21804978
0.28209481 0.093493842 -0.42894411 -0.21447206
0.28209481 -0.12465846 -0.39617568 -0.25736648
0.28209481 -0.063908748 -0.40621537 -0.26388854
0.28209481 6.5194134e-17 -0.40973547 -0.26617527
0.28209481 0.063908748 -0.40621537 -0.26388854
0.28209481 0.12465846 -0.39617568 -0.25736648
0.28209481 -0.1533476 -0.35763404 -0.2954908
0.28209481 -0.095053457 -0.36946946 -0.30526969
0.28209481 -0.032231275 -0.37584549 -0.31053782
0.28209481 0.032231275 -0.37584549 -0.31053782
0.28209481 0.095053457 -0.36946946 -0.30526969
0.28209481 0.1533476 -0.35763404 -0.2954908
0.28209481 -0.17847741 -0.31559065 -0.32753742
0.28209481 -0.12365638 -0.327981 -0.34039682
0.28209481 -0.063368976 -0.3361544 -0.34887964
0.28209481 8.6178727e-17 -0.33901775 -0.35185137
0.28209481 0.063368976 -0.3361544 -0.34887964
0.28209481 0.12365638 -0.327981 -0.34039682
0.28209481 0.17847741 -0.31559065 -0.32753742
0.28209481 -0.19953787 -0.27245384 -0.35310897
0.28209481 -0.14873117 -0.28431362 -0.36847961
0.28209481 -0.092008561 -0.29313836 -0.37991676
0.28209481 -0.031164614 -0.29787046 -0.38604972
0.28209481 0.031164614 -0.29787046 -0.38604972
0.28209481 0.092008561 -0.29313836 -0.37991676
0.28209481 0.14873117 -0.28431362 -0.36847961
0.28209481 0.19953787 -0.27245384 -0.35310897
0.28209481 -0.21655484 -0.23026566 -0.3725777
0.28209481 -0.16987996 -0.24084751 -0.38969949
0.28209481 -0.1172592 -0.24936657 -0.4034836
0.28209481 -0.059938438 -0.25493339 -0.41249093
0.28209481 1.0180002e-16 -0.25687352 -0.41563013
0.28209481 0.059938438 -0.25493339 -0.41249093
0.28209481 0.1172592 -0.24936657 -0.4034836
0.28209481 0.16987996 -0.24084751 -0.38969949
0.28209481 0.21655484 -0.23026566 -0.3725777
0.28209481 -0.24362418 -0.18421254 -0.38137305
0.28209481 -0.22650661 -0.14450851 -0.40809861
0.28209481 -0.20520359 -0.099746622 -0.43205845
0.28209481 -0.17981532 -0.050986677 -0.45144129
0.28209481 -0.15098648 2.9918276e-17 -0.4646886
0.28209481 -0.11987688 0.050986677 -0.47091645
0.28209481 -0.087944396 0.099746622 -0.47015828
0.28209481 -0.056626651 0.14450851 -0.46329594
0.28209481 -0.027069354 0.18421254 -0.451736
0.28209481 -0.07462813 0.19398519 -0.44219092
0.28209481 -0.10762288 0.15182194 -0.45177409
0.28209481 -0.12600707 0.20242925 -0.42647043
0.28209481 -0.14163288 0.1043562 -0.45583147
0.28209481 -0.1618683 0.15778258 -0.43316939
0.28209481 -0.1795425 0.20871241 -0.40365335
0.28209481 -0.17508386 0.053020407 -0.45306391
0.28209481 -0.19758661 0.10780973 -0.43366924
0.28209481 -0.2171687 0.1617146 -0.40671679
0.28209481 -0.23286624 0.21208163 -0.37353328
0.28209481 -0.20624848 2.9918276e-17 -0.44293791
0.28209481 -0.231224 0.054364022 -0.42698058
0.28209481 -0.25314772 0.10967023 -0.40326306
0.28209481 -0.27072179 0.16309206 -0.37261656
0.28209481 -0.28329164 0.21208163 -0.33689708
0.28209481 -0.23364145 -0.0521781 -0.42593607
0.28209481 -0.26095557 2.9918276e-17 -0.41307941
0.28209481 -0.28537899 0.054835115 -0.39279047
0.28209481 -0.30529901 0.10967023 -0.36537293
0.28209481 -0.31970185 0.1617146 -0.3322221
0.28209481 -0.32841548 0.20871241 -0.2954908
0.28209481 -0.25635406 -0.10121462 -0.4034484
0.28209481 -0.28552467 -0.052594196 -0.39299101
0.28209481 -0.31222215 2.9918276e-17 -0.37583205
0.28209481 -0.33463052 0.054364022 -0.35185134
0.28209481 -0.35138634 0.10780973 -0.32192719
0.28209481 -0.36194852 0.15778258 -0.28780261
0.28209481 -0.36665916 0.20242925 -0.25162646
0.28209481 -0.27416599 -0.14548889 -0.37735713
0.28209481 -0.30448449 -0.10121462 -0.36847961
0.28209481 -0.33289009 -0.0521781 -0.35382771
0.28209481 -0.35752469 2.9918276e-17 -0.3330293
0.28209481 -0.37678549 0.053020407 -0.30651909
0.28209481 -0.3897545 0.1043562 -0.27556056
0.28209481 -0.3964054 0.15182194 -0.24196132
0.28209481 -0.39748719 0.19398519 -0.20762008
0.28209481 -0.28742331 -0.18421254 -0.34955114
0.28209481 -0.31813043 -0.14450851 -0.34152997
0.28209481 -0.34750062 -0.099746622 -0.32867363
0.28209481 -0.37378019 -0.050986677 -0.31051755
0.28209481 -0.39528772 2.9918276e-17 -0.28719336
0.28209481 -0.41082418 0.050986677 -0.25953087
0.28209481 -0.41997078 0.099746622 -0.22892699
0.28209481 -0.42312202 0.14450851 -0.19702147
0.28209481 -0.42126158 0.18421254 -0.16533859
0.28209481 -0.43799135 -0.18421254 0.11384961
0.28209481 -0.45811921 -0.14450851 0.089311175
0.28209481 -0.47432342 -0.099746622 0.061646808
0.28209481 -0.48491216 -0.050986677 0.0315115
0.28209481 -0.48860252 2.9918276e-17 -2.9918276e-17
0.28209481 -0.48491216 0.050986677 -0.0315115
0.28209481 -0.47432342 0.099746622 -0.061646808
0.28209481 -0.45811921 0.14450851 -0.089311175
0.28209481 -0.43799135 0.18421254 -0.11384961
0.28209481 -0.44360992 0.19398519 -0.065668933
0.28209481 -0.46291998 0.15182194 -0.037250426
0.28209481 -0.44453582 0.20242925 -0.011946767
0.28209481 -0.47728845 0.1043562 -0.0061587896
0.28209481 -0.46198863 0.15778258 0.020089196
0.28209481 -0.43937886 0.20871241 0.046019316
0.28209481 -0.48499325 0.053020407 0.026510203
0.28209481 -0.47350156 0.10780973 0.053904869
0.28209481 -0.4539195 0.1617146 0.080857299
0.28209481 -0.4272109 0.21208163 0.10604082
0.28209481 -0.48499325 2.9918276e-17 0.059278619
0.28209481 -0.47753483 0.054364022 0.087962836
0.28209481 -0.46175289 0.10967023 0.11614265
0.28209481 -0.43803704 0.16309206 0.14232686
0.28209481 -0.4079501 0.21208163 0.16531944
0.28209481 -0.47728845 -0.0521781 0.090584733
0.28209481 -0.47350156 2.9918276e-17 0.12053495
0.28209481 -0.46175289 0.054835115 0.15003261
0.28209481 -0.44183287 0.10967023 0.17745017
0.28209481 -0.41475531 0.1617146 0.20139225
0.28209481 -0.38251442 0.20871241 0.22103
0.28209481 -0.46291998 -0.10121462 0.11913478
0.28209481 -0.46198863 -0.052594196 0.1501092
0.28209481 -0.45391947 2.9918276e-17 0.18080242
0.28209481 -0.43803704 0.054364022 0.2095245
0.28209481 -0.41475531 0.10780973 0.2347073
0.28209481 -0.38556477 0.15778258 0.2552976
0.28209481 -0.35261488 0.20242925 0.27095672
0.28209481 -0.44360989 -0.14548889 0.14413759
0.28209481 -0.44453582 -0.10121462 0.17571548
0.28209481 -0.43937883 -0.0521781 0.20725852
0.28209481 -0.4272109 2.9918276e-17 0.23711447
0.28209481 -0.4079501 0.053020407 0.26362467
0.28209481 -0.38251442 0.1043562 0.28552568
0.28209481 -0.35261488 0.15182194 0.30223379
0.28209481 -0.32028872 0.19398519 0.31387466
0.28209481 -0.42126158 -0.18421254 0.16533859
0.28209481 -0.42312202 -0.14450851 0.19702147
0.28209481 -0.41997078 -0.099746622 0.22892699
0.28209481 -0.41082418 -0.050986677 0.25953087
0.28209481 -0.39528772 2.9918276e-17 0.28719336
0.28209481 -0.37378019 0.050986677 0.31051755
0.28209481 -0.34750062 0.099746622 0.32867363
0.28209481 -0.31813043 0.14450851 0.34152997
0.28209481 -0.28742331 0.18421254 0.34955114
0.28209481 -0.027069354 -0.18421254 0.451736
0.28209481 -0.056626651 -0.14450851 0.46329594
0.28209481 -0.087944396 -0.099746622 0.47015828
0.28209481 -0.11987688 -0.050986677 0.47091645
0.28209481 -0.15098648 2.9918276e-17 0.4646886
0.28209481 -0.17981532 0.050986677 0.45144129
0.28209481 -0.20520359 0.099746622 0.43205845
0.28209481 -0.22650661 0.14450851 0.40809861
0.28209481 -0.24362418 0.18421254 0.38137305
0.28209481 -0.19953787 0.19398519 0.40160528
0.28209481 -0.17847741 0.15182194 0.42875206
0.28209481 -0.14873117 0.20242925 0.41908693
0.28209481 -0.1533476 0.1043562 0.45202512
0.28209481 -0.12365638 0.15778258 0.44558519
0.28209481 -0.092008561 0.20871241 0.43209487
0.28209481 -0.12465846 0.053020407 0.46944809
0.28209481 -0.095053457 0.10780973 0.46698427
0.28209481 -0.063368976 0.1617146 0.45668936
0.28209481 -0.031164614 0.21208163 0.43907011
0.28209481 -0.093493842 2.9918276e-17 0.47957408
0.28209481 -0.063908741 0.054364022 0.48134461
0.28209481 -0.032231275 0.10967023 0.47504315
0.28209481 -5.6404711e-17 0.16309206 0.4605794
0.28209481 0.031164614 0.21208163 0.43907011
0.28209481 -0.061339039 -0.0521781 0.48192051
0.28209481 -0.031684484 2.9918276e-17 0.4875741
0.28209481 -5.945853e-17 0.054835115 0.48551574
0.28209481 0.032231275 0.10967023 0.47504315
0.28209481 0.063368976 0.1617146 0.45668936
0.28209481 0.092008561 0.20871241 0.43209487
0.28209481 -0.029746234 -0.10121462 0.47707775
0.28209481 -5.9488884e-17 -0.052594196 0.48576358
0.28209481 0.031684484 2.9918276e-17 0.4875741
0.28209481 0.063908741 0.054364022 0.48134461
0.28209481 0.095053457 0.10780973 0.46698427
0.28209481 0.12365638 0.15778258 0.44558519
0.28209481 0.14873117 0.20242925 0.41908693
0.28209481 -5.7122307e-17 -0.14548889 0.46643907
0.28209481 0.029746234 -0.10121462 0.47707775
0.28209481 0.061339039 -0.0521781 0.48192051
0.28209481 0.093493842 2.9918276e-17 0.47957408
0.28209481 0.12465846 0.053020407 0.46944809
0.28209481 0.1533476 0.1043562 0.45202512
0.28209481 0.17847741 0.15182194 0.42875206
0.28209481 0.19953787 0.19398519 0.40160528
0.28209481 0.027069354 -0.18421254 0.451736
0.28209481 0.056626651 -0.14450851 0.46329594
0.28209481 0.087944396 -0.099746622 0.47015828
0.28209481 0.11987688 -0.050986677 0.47091645
0.28209481 0.15098648 2.9918276e-17 0.4646886
0.28209481 0.17981532 0.050986677 0.45144129
0.28209481 0.20520359 0.099746622 0.43205845
0.28209481 0.22650661 0.14450851 0.40809861
0.28209481 0.24362418 0.18421254 0.38137305
0.28209481 0.42126158 -0.18421254 0.16533859
0.28209481 0.42312202 -0.14450851 0.19702147
0.28209481 0.41997078 -0.099746622 0.22892699
0.28209481 0.41082418 -0.050986677 0.25953087
0.28209481 0.39528772 2.9918276e-17 0.28719336
0.28209481 0.37378019 0.050986677 0.31051755
0.28209481 0.34750062 0.099746622 0.32867363
0.28209481 0.31813043 0.14450851 0.34152997
0.28209481 0.28742331 0.18421254 0.34955114
0.28209481 0.32028872 0.19398519 0.31387466
0.28209481 0.35261488 0.15182194 0.30223379
0.28209481 0.35261488 0.20242925 0.27095672
0.28209481 0.38251442 0.1043562 0.28552568
0.28209481 0.38556477 0.15778258 0.2552976
0.28209481 0.38251442 0.20871241 0.22103
0.28209481 0.4079501 0.053020407 0.26362467
0.28209481 0.41475531 0.10780973 0.2347073
0.28209481 0.41475531 0.1617146 0.20139225
0.28209481 0.4079501 0.21208163 0.16531944
0.28209481 0.4272109 2.9918276e-17 0.23711447
0.28209481 0.43803704 0.054364022 0.2095245
0.28209481 0.44183287 0.10967023 0.17745017
0.28209481 0.43803704 0.16309206 0.14232686
0.28209481 0.4272109 0.21208163 0.10604082
0.28209481 0.43937883 -0.0521781 0.20725852
0.28209481 0.45391947 2.9918276e-17 0.18080242
0.28209481 0.46175289 0.054835115 0.15003261
0.28209481 0.46175289 0.10967023 0.11614265
0.28209481 0.4539195 0.1617146 0.080857299
0.28209481 0.43937886 0.20871241 0.046019316
0.28209481 0.44453582 -0.10121462 0.17571548
0.28209481 0.46198863 -0.052594196 0.1501092
0.28209481 0.47350156 2.9918276e-17 0.12053495
0.28209481 0.47753483 0.054364022 0.087962836
0.28209481 0.47350156 0.10780973 0.053904869
0.28209481 0.46198863 0.15778258 0.020089196
0.28209481 0.44453582 0.20242925 -0.011946767
0.28209481 0.44360989 -0.14548889 0.14413759
0.28209481 0.46291998 -0.10121462 0.11913478
0.28209481 0.47728845 -0.0521781 0.090584733
0.28209481 0.48499325 2.9918276e-17 0.059278619
0.28209481 0.48499325 0.053020407 0.026510203
0.28209481 0.47728845 0.1043562 -0.0061587896
0.28209481 0.46291998 0.15182194 -0.037250426
0.28209481 0.44360992 0.19398519 -0.065668933
0.28209481 0.43799135 -0.18421254 0.11384961
0.28209481 0.45811921 -0.14450851 0.089311175
0.28209481 0.47432342 -0.099746622 0.061646808
0.28209481 0.48491216 -0.050986677 0.0315115
0.28209481 0.48860252 2.9918276e-17 8.9754827e-17
0.28209481 0.48491216 0.050986677 -0.0315115
0.28209481 0.47432342 0.099746622 -0.061646808
0.28209481 0.45811921 0.14450851 -0.089311175
0.28209481 0.43799135 0.18421254 -0.11384961
0.28209481 0.28742331 -0.18421254 -0.34955114
0.28209481 0.31813043 -0.14450851 -0.34152997
0.28209481 0.34750062 -0.099746622 -0.32867363
0.28209481 0.37378019 -0.050986677 -0.31051755
0.28209481 0.39528772 2.9918276e-17 -0.28719336
0.28209481 0.41082418 0.050986677 -0.25953087
0.28209481 0.41997078 0.099746622 -0.22892699
0.28209481 0.42312202 0.14450851 -0.19702147
0.28209481 0.42126158 0.18421254 -0.16533859
0.28209481 0.39748719 0.19398519 -0.20762008
0.28209481 0.3964054 0.15182194 -0.24196132
0.28209481 0.36665916 0.20242925 -0.25162646
0.28209481 0.3897545 0.1043562 -0.27556056
0.28209481 0.36194852 0.15778258 -0.28780261
0.28209481 0.32841548 0.20871241 -0.2954908
0.28209481 0.37678549 0.053020407 -0.30651909
0.28209481 0.35138634 0.10780973 -0.32192719
0.28209481 0.31970185 0.1617146 -0.3322221
0.28209481 0.28329164 0.21208163 -0.33689708
0.28209481 0.35752469 2.9918276e-17 -0.3330293
0.28209481 0.33463052 0.054364022 -0.35185134
0.28209481 0.30529901 0.10967023 -0.36537293
0.28209481 0.27072179 0.16309206 -0.37261656
0.28209481 0.23286624 0.21208163 -0.37353328
0.28209481 0.33289009 -0.0521781 -0.35382771
0.28209481 0.31222215 2.9918276e-17 -0.37583205
0.28209481 0.28537899 0.054835115 -0.39279047
0.28209481 0.25314772 0.10967023 -0.40326306
0.28209481 0.2171687 0.1617146 -0.40671679
0.28209481 0.1795425 0.20871241 -0.40365335
0.28209481 0.30448449 -0.10121462 -0.36847961
0.28209481 0.28552467 -0.052594196 -0.39299101
0.28209481 0.26095557 2.9918276e-17 -0.41307941
0.28209481 0.231224 0.054364022 -0.42698058
0.28209481 0.19758661 0.10780973 -0.43366924
0.28209481 0.1618683 0.15778258 -0.43316939
0.28209481 0.12600707 0.20242925 -0.42647043
0.28209481 0.27416599 -0.14548889 -0.37735713
0.28209481 0.25635406 -0.10121462 -0.4034484
0.28209481 0.23364145 -0.0521781 -0.42593607
0.28209481 0.20624848 2.9918276e-17 -0.44293791
0.28209481 0.17508386 0.053020407 -0.45306391
0.28209481 0.14163288 0.1043562 -0.45583147
0.28209481 0.10762288 0.15182194 -0.45177409
0.28209481 0.07462813 0.19398519 -0.44219092
0.28209481 0.24362418 -0.18421254 -0.38137305
0.28209481 0.22650661 -0.14450851 -0.40809861
0.28209481 0.20520359 -0.099746622 -0.43205845
0.28209481 0.17981532 -0.050986677 -0.45144129
0.28209481 0.15098648 2.9918276e-17 -0.4646886
0.28209481 0.11987688 0.050986677 -0.47091645
0.28209481 0.087944396 0.099746622 -0.47015828
0.28209481 0.056626651 0.14450851 -0.46329594
0.28209481 0.027069354 0.18421254 -0.451736
0.28209481 -0.32028872 -0.19398519 -0.31387466
0.28209481 -0.35261488 -0.20242925 -0.27095672
0.28209481 -0.35261488 -0.15182194 -0.30223379
0.28209481 -0.38251442 -0.20871241 -0.22103
0.28209481 -0.38556477 -0.15778258 -0.2552976
0.28209481 -0.38251442 -0.1043562 -0.28552568
0.28209481 -0.4079501 -0.21208163 -0.16531944
0.28209481 -0.41475531 -0.1617146 -0.20139225
0.28209481 -0.41475531 -0.10780973 -0.2347073
0.28209481 -0.4079501 -0.053020407 -0.26362467
0.28209481 -0.4272109 -0.21208163 -0.10604082
0.28209481 -0.43803704 -0.16309206 -0.14232686
0.28209481 -0.44183287 -0.10967023 -0.17745017
0.28209481 -0.43803704 -0.054364022 -0.2095245
0.28209481 -0.4272109 2.9918276e-17 -0.23711447
0.28209481 -0.43937886 -0.20871241 -0.046019316
0.28209481 -0.4539195 -0.1617146 -0.080857299
0.28209481 -0.46175289 -0.10967023 -0.11614265
0.28209481 -0.46175289 -0.054835115 -0.15003261
0.28209481 -0.45391947 2.9918276e-17 -0.18080242
0.28209481 -0.43937883 0.0521781 -0.20725852
0.28209481 -0.44453582 -0.20242925 0.011946767
0.28209481 -0.46198863 -0.15778258 -0.020089196
0.28209481 -0.47350156 -0.10780973 -0.053904869
0.28209481 -0.47753483 -0.054364022 -0.087962836
0.28209481 -0.47350156 2.9918276e-17 -0.12053495
0.28209481 -0.46198863 0.052594196 -0.1501092
0.28209481 -0.44453582 0.10121462 -0.17571548
0.28209481 -0.44360992 -0.19398519 0.065668933
0.28209481 -0.46291998 -0.15182194 0.037250426
0.28209481 -0.47728845 -0.1043562 0.0061587896
0.28209481 -0.48499325 -0.053020407 -0.026510203
0.28209481 -0.48499325 2.9918276e-17 -0.059278619
0.28209481 -0.47728845 0.0521781 -0.090584733
0.28209481 -0.46291998 0.10121462 -0.11913478
0.28209481 -0.44360989 0.14548889 -0.14413759
0.28209481 -0.39748719 -0.19398519 0.20762008
0.28209481 -0.36665916 -0.20242925 0.25162646
0.28209481 -0.3964054 -0.15182194 0.24196132
0.28209481 -0.32841548 -0.20871241 0.2954908
0.28209481 -0.36194852 -0.15778258 0.28780261
0.28209481 -0.3897545 -0.1043562 0.27556056
0.28209481 -0.28329164 -0.21208163 0.33689708
0.28209481 -0.31970185 -0.1617146 0.3322221
0.28209481 -0.35138634 -0.10780973 0.32192719
0.28209481 -0.37678549 -0.053020407 0.30651909
0.28209481 -0.23286624 -0.21208163 0.37353328
0.28209481 -0.27072179 -0.16309206 0.37261656
0.28209481 -0.30529901 -0.10967023 0.36537293
0.28209481 -0.33463052 -0.054364022 0.35185134
0.28209481 -0.35752469 2.9918276e-17 0.3330293
0.28209481 -0.1795425 -0.20871241 0.40365335
0.28209481 -0.2171687 -0.1617146 0.40671679
0.28209481 -0.25314772 -0.10967023 0.40326306
0.28209481 -0.28537899 -0.054835115 0.39279047
0.28209481 -0.31222215 2.9918276e-17 0.37583205
0.28209481 -0.33289009 0.0521781 0.35382771
0.28209481 -0.12600707 -0.20242925 0.42647043
0.28209481 -0.1618683 -0.15778258 0.43316939
0.28209481 -0.19758661 -0.10780973 0.43366924
0.28209481 -0.231224 -0.054364022 0.42698058
0.28209481 -0.26095557 2.9918276e-17 0.41307941
0.28209481 -0.28552467 0.052594196 0.39299101
0.28209481 -0.30448449 0.10121462 0.36847961
0.28209481 -0.07462813 -0.19398519 0.44219092
0.28209481 -0.10762288 -0.15182194 0.45177409
0.28209481 -0.14163288 -0.1043562 0.45583147
0.28209481 -0.17508386 -0.053020407 0.45306391
0.28209481 -0.20624848 2.9918276e-17 0.44293791
0.28209481 -0.23364145 0.0521781 0.42593607
0.28209481 -0.25635406 0.10121462 0.4034484
0.28209481 -0.27416599 0.14548889 0.37735713
0.28209481 0.07462813 -0.19398519 0.44219092
0.28209481 0.12600707 -0.20242925 0.42647043
0.28209481 0.10762288 -0.15182194 0.45177409
0.28209481 0.1795425 -0.20871241 0.40365335
0.28209481 0.1618683 -0.15778258 0.43316939
0.28209481 0.14163288 -0.1043562 0.45583147
0.28209481 0.23286624 -0.21208163 0.37353328
0.28209481 0.2171687 -0.1617146 0.40671679
0.28209481 0.19758661 -0.10780973 0.43366924
0.28209481 0.17508386 -0.053020407 0.45306391
0.28209481 0.28329164 -0.21208163 0.33689708
0.28209481 0.27072179 -0.16309206 0.37261656
0.28209481 0.25314772 -0.10967023 0.40326306
0.28209481 0.231224 -0.054364022 0.42698058
0.28209481 0.20624848 2.9918276e-17 0.44293791
0.28209481 0.32841548 -0.20871241 0.2954908
0.28209481 0.31970185 -0.1617146 0.3322221
0.28209481 0.30529901 -0.10967023 0.36537293
0.28209481 0.28537899 -0.054835115 0.39279047
0.28209481 0.26095557 2.9918276e-17 0.41307941
0.28209481 0.23364145 0.0521781 0.42593607
0.28209481 0.36665916 -0.20242925 0.25162646
0.28209481 0.36194852 -0.15778258 0.28780261
0.28209481 0.35138634 -0.10780973 0.32192719
0.28209481 0.33463052 -0.054364022 0.35185134
0.28209481 0.31222215 2.9918276e-17 0.37583205
0.28209481 0.28552467 0.052594196 0.39299101
0.28209481 0.25635406 0.10121462 0.4034484
0.28209481 0.39748719 -0.19398519 0.20762008
0.28209481 0.3964054 -0.15182194 0.24196132
0.28209481 0.3897545 -0.1043562 0.27556056
0.28209481 0.37678549 -0.053020407 0.30651909
0.28209481 0.35752469 2.9918276e-17 0.3330293
0.28209481 0.33289009 0.0521781 0.35382771
0.28209481 0.30448449 0.10121462 0.36847961
0.28209481 0.27416599 0.14548889 0.37735713
0.28209481 0.44360992 -0.19398519 0.065668933
0.28209481 0.44453582 -0.20242925 0.011946767
0.28209481 0.46291998 -0.15182194 0.037250426
0.28209481 0.43937886 -0.20871241 -0.046019316
0.28209481 0.46198863 -0.15778258 -0.020089196
0.28209481 0.47728845 -0.1043562 0.0061587896
0.28209481 0.4272109 -0.21208163 -0.10604082
0.28209481 0.4539195 -0.1617146 -0.080857299
0.28209481 0.47350156 -0.10780973 -0.053904869
0.28209481 0.48499325 -0.053020407 -0.026510203
0.28209481 0.4079501 -0.21208163 -0.16531944
0.28209481 0.43803704 -0.16309206 -0.14232686
0.28209481 0.46175289 -0.10967023 -0.11614265
0.28209481 0.47753483 -0.054364022 -0.087962836
0.28209481 0.48499325 2.9918276e-17 -0.059278619
0.28209481 0.38251442 -0.20871241 -0.22103
0.28209481 0.41475531 -0.1617146 -0.20139225
0.28209481 0.44183287 -0.10967023 -0.17745017
0.28209481 0.46175289 -0.054835115 -0.15003261
0.28209481 0.47350156 2.9918276e-17 -0.12053495
0.28209481 0.47728845 0.0521781 -0.090584733
0.28209481 0.35261488 -0.20242925 -0.27095672
0.28209481 0.38556477 -0.15778258 -0.2552976
0.28209481 0.41475531 -0.10780973 -0.2347073
0.28209481 0.43803704 -0.054364022 -0.2095245
0.28209481 0.45391947 2.9918276e-17 -0.18080242
0.28209481 0.46198863 0.052594196 -0.1501092
0.28209481 0.46291998 0.10121462 -0.11913478
0.28209481 0.32028872 -0.19398519 -0.31387466
0.28209481 0.35261488 -0.15182194 -0.30223379
0.28209481 0.38251442 -0.1043562 -0.28552568
0.28209481 0.4079501 -0.053020407 -0.26362467
0.28209481 0.4272109 2.9918276e-17 -0.23711447
0.28209481 0.43937883 0.0521781 -0.20725852
0.28209481 0.44453582 0.10121462 -0.17571548
0.28209481 0.44360989 0.14548889 -0.14413759
0.28209481 0.19953787 -0.19398519 -0.40160528
0.28209481 0.14873117 -0.20242925 -0.41908693
0.28209481 0.17847741 -0.15182194 -0.42875206
0.28209481 0.092008561 -0.20871241 -0.43209487
0.28209481 0.12365638 -0.15778258 -0.44558519
0.28209481 0.1533476 -0.1043562 -0.45202512
0.28209481 0.031164614 -0.21208163 -0.43907011
0.28209481 0.063368976 -0.1617146 -0.45668936
0.28209481 0.095053457 -0.10780973 -0.46698427
0.28209481 0.12465846 -0.053020407 -0.46944809
0.28209481 -0.031164614 -0.21208163 -0.43907011
0.28209481 0 -0.16309206 -0.4605794
0.28209481 0.032231275 -0.10967023 -0.47504315
0.28209481 0.063908741 -0.054364022 -0.48134461
0.28209481 0.093493842 2.9918276e-17 -0.47957408
0.28209481 -0.092008561 -0.20871241 -0.43209487
0.28209481 -0.063368976 -0.1617146 -0.45668936
0.28209481 -0.032231275 -0.10967023 -0.47504315
0.28209481 -2.5524385e-17 -0.054835115 -0.48551574
0.28209481 0.031684484 2.9918276e-17 -0.4875741
0.28209481 0.061339039 0.0521781 -0.48192051
0.28209481 -0.14873117 -0.20242925 -0.41908693
0.28209481 -0.12365638 -0.15778258 -0.44558519
0.28209481 -0.095053457 -0.10780973 -0.46698427
0.28209481 -0.063908741 -0.054364022 -0.48134461
0.28209481 -0.031684484 2.9918276e-17 -0.4875741
0.28209481 -4.0802153e-17 0.052594196 -0.48576358
0.28209481 0.029746234 0.10121462 -0.47707775
0.28209481 -0.19953787 -0.19398519 -0.40160528
0.28209481 -0.17847741 -0.15182194 -0.42875206
0.28209481 -0.1533476 -0.1043562 -0.45202512
0.28209481 -0.12465846 -0.053020407 -0.46944809
0.28209481 -0.093493842 2.9918276e-17 -0.47957408
0.28209481 -0.061339039 0.0521781 -0.48192051
0.28209481 -0.029746234 0.10121462 -0.47707775
0.28209481 -6.7721469e-17 0.14548889 -0.46643907
