0.28209481 0 0.48860252 0
0.28209481 0 0.21850967 -0.43701938
0.28209481 -0.41563013 0.21850967 -0.13504641
0.28209481 -0.25687355 0.21850967 0.3535561
0.28209481 0.25687355 0.21850967 0.3535561
0.28209481 0.41563013 0.21850967 -0.13504641
0.28209481 -0.25687355 -0.21850967 -0.3535561
0.28209481 -0.41563013 -0.21850967 0.13504641
0.28209481 -5.3519439e-17 -0.21850967 0.43701938
0.28209481 0.41563013 -0.21850967 0.13504641
0.28209481 0.25687355 -0.21850967 -0.3535561
0.28209481 0 -0.48860252 0
0.28209481 0 0.2764897 -0.40284717
0.28209481 -0.38313043 0.2764897 -0.12448663
0.28209481 0 0.33600482 -0.35472974
0.28209481 -0.33736801 0.33600482 -0.10961752
0.28209481 0 0.39142793 -0.29243219
0.28209481 -0.27811953 0.39142793 -0.09036652
0.28209481 0 0.43661121 -0.21932414
0.28209481 -0.20858966 0.43661121 -0.067774884
0.28209481 0 0.46754584 -0.1418919
0.28209481 -0.13494721 0.46754584 -0.043847006
0.28209481 0 0.48396742 -0.067141198
0.28209481 -0.068478599 0.47450978 -0.094252706
0.28209481 -0.063855074 0.48396742 -0.020747771
0.28209481 -0.071786404 0.45078093 -0.1742862
0.28209481 -0.14357281 0.45078093 -0.12213032
0.28209481 -0.073000289 0.41096506 -0.25399038
0.28209481 -0.14855583 0.41815761 -0.20446956
0.28209481 -0.21900086 0.41096506 -0.14791474
0.28209481 -0.071786404 0.35748166 -0.32524759
0.28209481 -0.14855583 0.3698889 -0.28256997
0.28209481 -0.22283374 0.3698889 -0.22860391
0.28209481 -0.28714561 0.35748166 -0.16877995
0.28209481 -0.068478599 0.29650939 -0.38226336
0.28209481 -0.14357281 0.31083202 -0.3485724
0.28209481 -0.21900086 0.31608811 -0.30142882
0.28209481 -0.28714561 0.31083202 -0.24426064
0.28209481 -0.34239301 0.29650939 -0.18325289
0.28209481 -0.063855074 0.23499417 -0.42359495
0.28209481 -0.13494721 0.2483108 -0.39857674
0.28209481 -0.20858966 0.25587815 -0.36020708
0.28209481 -0.27811953 0.25587815 -0.30969065
0.28209481 -0.33736801 0.2483108 -0.2515094
0.28209481 -0.38313043 0.23499417 -0.19162782
0.28209481 -0.23678763 0.2764897 0.32591021
0.28209481 -0.2085049 0.33600482 0.28698239
0.28209481 -0.17188732 0.39142793 0.23658261
0.28209481 -0.1289155 0.43661121 0.17743696
0.28209481 -0.083401963 0.46754584 0.11479295
0.28209481 -0.11080071 0.47450978 0.036001332
0.28209481 -0.039464604 0.48396742 0.054318368
0.28209481 -0.18793924 0.45078093 0.014415529
0.28209481 -0.16051927 0.45078093 0.098805502
0.28209481 -0.26411754 0.41096506 -0.0090599405
0.28209481 -0.24036838 0.41815761 0.078100421
0.28209481 -0.20835027 0.41096506 0.16257404
0.28209481 -0.33151203 0.35748166 -0.032234102
0.28209481 -0.3146463 0.3698889 0.053966064
0.28209481 -0.28627464 0.3698889 0.14128499
0.28209481 -0.24925214 0.35748166 0.22093582
0.28209481 -0.38471511 0.29650939 -0.052998852
0.28209481 -0.37587848 0.31083202 0.028831057
0.28209481 -0.35435084 0.31608811 0.11513557
0.28209481 -0.32103854 0.31083202 0.197611
0.28209481 -0.28008911 0.29650939 0.26900685
0.28209481 -0.42259505 0.23499417 -0.070168257
0.28209481 -0.42076999 0.2483108 0.0051754368
0.28209481 -0.40703505 0.25587815 0.087070443
0.28209481 -0.38047698 0.25587815 0.16880773
0.28209481 -0.34345213 0.2483108 0.24313538
0.28209481 -0.3006427 0.23499417 0.30516243
0.28209481 0.23678763 0.2764897 0.32591021
0.28209481 0.2085049 0.33600482 0.28698239
0.28209481 0.17188732 0.39142793 0.23658261
0.28209481 0.1289155 0.43661121 0.17743696
0.28209481 0.083401963 0.46754584 0.11479295
0.28209481 -1.4267473e-17 0.47450978 0.11650275
0.28209481 0.039464604 0.48396742 0.054318368
0.28209481 -0.044366438 0.45078093 0.18319549
0.28209481 0.044366438 0.45078093 0.18319549
0.28209481 -0.090233319 0.41096506 0.24839102
0.28209481 -3.095151e-17 0.41815761 0.25273827
0.28209481 0.090233319 0.41096506 0.24839102
0.28209481 -0.1330993 0.35748166 0.30532581
0.28209481 -0.045906276 0.3698889 0.31592283
0.28209481 0.045906276 0.3698889 0.31592283
0.28209481 0.1330993 0.35748166 0.30532581
0.28209481 -0.16928841 0.29650939 0.34950826
0.28209481 -0.088732876 0.31083202 0.36639097
0.28209481 -4.5628689e-17 0.31608811 0.37258652
0.28209481 0.088732876 0.31083202 0.36639097
0.28209481 0.16928841 0.29650939 0.34950826
0.28209481 -0.19732302 0.23499417 0.38022858
0.28209481 -0.12510294 0.2483108 0.40177533
0.28209481 -0.042971831 0.25587815 0.41401958
0.28209481 0.042971831 0.25587815 0.41401958
0.28209481 0.12510294 0.2483108 0.40177533
0.28209481 0.19732302 0.23499417 0.38022858
0.28209481 0.38313043 0.2764897 -0.12448663
0.28209481 0.33736801 0.33600482 -0.10961752
0.28209481 0.27811953 0.39142793 -0.09036652
0.28209481 0.20858966 0.43661121 -0.067774884
0.28209481 0.13494721 0.46754584 -0.043847006
0.28209481 0.11080071 0.47450978 0.036001332
0.28209481 0.063855074 0.48396742 -0.020747771
0.28209481 0.16051927 0.45078093 0.098805502
0.28209481 0.18793924 0.45078093 0.014415529
0.28209481 0.20835027 0.41096506 0.16257404
0.28209481 0.24036838 0.41815761 0.078100421
0.28209481 0.26411754 0.41096506 -0.0090599405
0.28209481 0.24925214 0.35748166 0.22093582
0.28209481 0.28627464 0.3698889 0.14128499
0.28209481 0.3146463 0.3698889 0.053966064
0.28209481 0.33151203 0.35748166 -0.032234102
0.28209481 0.28008911 0.29650939 0.26900685
0.28209481 0.32103854 0.31083202 0.197611
0.28209481 0.35435084 0.31608811 0.11513557
0.28209481 0.37587848 0.31083202 0.028831057
0.28209481 0.38471511 0.29650939 -0.052998852
0.28209481 0.3006427 0.23499417 0.30516243
0.28209481 0.34345213 0.2483108 0.24313538
0.28209481 0.38047698 0.25587815 0.16880773
0.28209481 0.40703505 0.25587815 0.087070443
0.28209481 0.42076999 0.2483108 0.0051754368
0.28209481 0.42259505 0.23499417 -0.070168257
0.28209481 0.068478599 0.47450978 -0.094252706
0.28209481 0.14357281 0.45078093 -0.12213032
0.28209481 0.071786404 0.45078093 -0.1742862
0.28209481 0.21900086 0.41096506 -0.14791474
0.28209481 0.14855583 0.41815761 -0.20446956
0.28209481 0.073000289 0.41096506 -0.25399038
0.28209481 0.28714561 0.35748166 -0.16877995
0.28209481 0.22283374 0.3698889 -0.22860391
0.28209481 0.14855583 0.3698889 -0.28256997
0.28209481 0.071786404 0.35748166 -0.32524759
0.28209481 0.34239301 0.29650939 -0.18325289
0.28209481 0.28714561 0.31083202 -0.24426064
0.28209481 0.21900086 0.31608811 -0.30142882
0.28209481 0.14357281 0.31083202 -0.3485724
0.28209481 0.068478599 0.29650939 -0.38226336
0.28209481 0.38313043 0.23499417 -0.19162782
0.28209481 0.33736801 0.2483108 -0.2515094
0.28209481 0.27811953 0.25587815 -0.30969065
0.28209481 0.20858966 0.25587815 -0.36020708
0.28209481 0.13494721 0.2483108 -0.39857674
0.28209481 0.063855074 0.23499417 -0.42359495
0.28209481 -0.38313043 -0.2764897 0.12448663
0.28209481 -0.23678763 -0.2764897 -0.32591021
0.28209481 -0.33736801 -0.33600482 0.10961752
0.28209481 -0.2085049 -0.33600482 -0.28698239
0.28209481 -0.27811953 -0.39142793 0.09036652
0.28209481 -0.17188732 -0.39142793 -0.23658261
0.28209481 -0.20858966 -0.43661121 0.067774884
0.28209481 -0.1289155 -0.43661121 -0.17743696
0.28209481 -0.13494721 -0.46754584 0.043847006
0.28209481 -0.083401963 -0.46754584 -0.11479295
0.28209481 -0.063855074 -0.48396742 0.020747771
0.28209481 -0.11080071 -0.47450978 -0.036001332
0.28209481 -0.039464604 -0.48396742 -0.054318368
0.28209481 -0.18793924 -0.45078093 -0.014415529
0.28209481 -0.16051927 -0.45078093 -0.098805502
0.28209481 -0.26411754 -0.41096506 0.0090599405
0.28209481 -0.24036838 -0.41815761 -0.078100421
0.28209481 -0.20835027 -0.41096506 -0.16257404
0.28209481 -0.33151203 -0.35748166 0.032234102
0.28209481 -0.3146463 -0.3698889 -0.053966064
0.28209481 -0.28627464 -0.3698889 -0.14128499
0.28209481 -0.24925214 -0.35748166 -0.22093582
0.28209481 -0.38471511 -0.29650939 0.052998852
0.28209481 -0.37587848 -0.31083202 -0.028831057
0.28209481 -0.35435084 -0.31608811 -0.11513557
0.28209481 -0.32103854 -0.31083202 -0.197611
0.28209481 -0.28008911 -0.29650939 -0.26900685
0.28209481 -0.42259505 -0.23499417 0.070168257
0.28209481 -0.42076999 -0.2483108 -0.0051754368
0.28209481 -0.40703505 -0.25587815 -0.087070443
0.28209481 -0.38047698 -0.25587815 -0.16880773
0.28209481 -0.34345213 -0.2483108 -0.24313538
0.28209481 -0.3006427 -0.23499417 -0.30516243
0.28209481 -4.9334551e-17 -0.2764897 0.40284717
0.28209481 -4.3441861e-17 -0.33600482 0.35472974
0.28209481 -3.5812616e-17 -0.39142793 0.29243219
0.28209481 -2.6859461e-17 -0.43661121 0.21932414
0.28209481 -1.7376745e-17 -0.46754584 0.1418919
0.28209481 -8.2224251e-18 -0.48396742 0.067141198
0.28209481 -0.068478599 -0.47450978 0.094252706
0.28209481 -0.071786404 -0.45078093 0.1742862
0.28209481 -0.14357281 -0.45078093 0.12213032
0.28209481 -0.073000289 -0.41096506 0.25399038
0.28209481 -0.14855583 -0.41815761 0.20446956
0.28209481 -0.21900086 -0.41096506 0.14791474
0.28209481 -0.071786404 -0.35748166 0.32524759
0.28209481 -0.14855583 -0.3698889 0.28256997
0.28209481 -0.22283374 -0.3698889 0.22860391
0.28209481 -0.28714561 -0.35748166 0.16877995
0.28209481 -0.068478599 -0.29650939 0.38226336
0.28209481 -0.14357281 -0.31083202 0.3485724
0.28209481 -0.21900086 -0.31608811 0.30142882
0.28209481 -0.28714561 -0.31083202 0.24426064
0.28209481 -0.34239301 -0.29650939 0.18325289
0.28209481 -0.063855074 -0.23499417 0.42359495
0.28209481 -0.13494721 -0.2483108 0.39857674
0.28209481 -0.20858966 -0.25587815 0.36020708
0.28209481 -0.27811953 -0.25587815 0.30969065
0.28209481 -0.33736801 -0.2483108 0.2515094
0.28209481 -0.38313043 -0.23499417 0.19162782
0.28209481 0.38313043 -0.2764897 0.12448663
0.28209481 0.33736801 -0.33600482 0.10961752
0.28209481 0.27811953 -0.39142793 0.09036652
0.28209481 0.20858966 -0.43661121 0.067774884
0.28209481 0.13494721 -0.46754584 0.043847006
0.28209481 0.063855074 -0.48396742 0.020747771
0.28209481 0.068478599 -0.47450978 0.094252706
0.28209481 0.14357281 -0.45078093 0.12213032
0.28209481 0.071786404 -0.45078093 0.1742862
0.28209481 0.21900086 -0.41096506 0.14791474
0.28209481 0.14855583 -0.41815761 0.20446956
0.28209481 0.073000289 -0.41096506 0.25399038
0.28209481 0.28714561 -0.35748166 0.16877995
0.28209481 0.22283374 -0.3698889 0.22860391
0.28209481 0.14855583 -0.3698889 0.28256997
0.28209481 0.071786404 -0.35748166 0.32524759
0.28209481 0.34239301 -0.29650939 0.18325289
0.28209481 0.28714561 -0.31083202 0.24426064
0.28209481 0.21900086 -0.31608811 0.30142882
0.28209481 0.14357281 -0.31083202 0.3485724
0.28209481 0.068478599 -0.29650939 0.38226336
0.28209481 0.38313043 -0.23499417 0.19162782
0.28209481 0.33736801 -0.2483108 0.2515094
0.28209481 0.27811953 -0.25587815 0.30969065
0.28209481 0.20858966 -0.25587815 0.36020708
0.28209481 0.13494721 -0.2483108 0.39857674
0.28209481 0.063855074 -0.23499417 0.42359495
0.28209481 0.23678763 -0.2764897 -0.32591021
0.28209481 0.2085049 -0.33600482 -0.28698239
0.28209481 0.17188732 -0.39142793 -0.23658261
0.28209481 0.1289155 -0.43661121 -0.17743696
0.28209481 0.083401963 -0.46754584 -0.11479295
0.28209481 0.039464604 -0.48396742 -0.054318368
0.28209481 0.11080071 -0.47450978 -0.036001332
0.28209481 0.16051927 -0.45078093 -0.098805502
0.28209481 0.18793924 -0.45078093 -0.014415529
0.28209481 0.20835027 -0.41096506 -0.16257404
0.28209481 0.24036838 -0.41815761 -0.078100421
0.28209481 0.26411754 -0.41096506 0.0090599405
0.28209481 0.24925214 -0.35748166 -0.22093582
0.28209481 0.28627464 -0.3698889 -0.14128499
0.28209481 0.3146463 -0.3698889 -0.053966064
0.28209481 0.33151203 -0.35748166 0.032234102
0.28209481 0.28008911 -0.29650939 -0.26900685
0.28209481 0.32103854 -0.31083202 -0.197611
0.28209481 0.35435084 -0.31608811 -0.11513557
0.28209481 0.37587848 -0.31083202 -0.028831057
0.28209481 0.38471511 -0.29650939 0.052998852
0.28209481 0.3006427 -0.23499417 -0.30516243
0.28209481 0.34345213 -0.2483108 -0.24313538
0.28209481 0.38047698 -0.25587815 -0.16880773
0.28209481 0.40703505 -0.25587815 -0.087070443
0.28209481 0.42076999 -0.2483108 -0.0051754368
0.28209481 0.42259505 -0.23499417 0.070168257
0.28209481 2.8534945e-17 -0.47450978 -0.11650275
0.28209481 -0.044366438 -0.45078093 -0.18319549
0.28209481 0.044366438 -0.45078093 -0.18319549
0.28209481 -0.090233319 -0.41096506 -0.24839102
0.28209481 6.1903021e-17 -0.41815761 -0.25273827
0.28209481 0.090233319 -0.41096506 -0.24839102
0.28209481 -0.1330993 -0.35748166 -0.30532581
0.28209481 -0.045906276 -0.3698889 -0.31592283
0.28209481 0.045906276 -0.3698889 -0.31592283
0.28209481 0.1330993 -0.35748166 -0.30532581
0.28209481 -0.16928841 -0.29650939 -0.34950826
0.28209481 -0.088732876 -0.31083202 -0.36639097
0.28209481 9.1257378e-17 -0.31608811 -0.37258652
0.28209481 0.088732876 -0.31083202 -0.36639097
0.28209481 0.16928841 -0.29650939 -0.34950826
0.28209481 -0.19732302 -0.23499417 -0.38022858
0.28209481 -0.12510294 -0.2483108 -0.40177533
0.28209481 -0.042971831 -0.25587815 -0.41401958
0.28209481 0.042971831 -0.25587815 -0.41401958
0.28209481 0.12510294 -0.2483108 -0.40177533
0.28209481 0.19732302 -0.23499417 -0.38022858
0.28209481 -0.23678763 -0.16785298 -0.39305142
0.28209481 -0.2085049 -0.10641892 -0.42887425
0.28209481 -0.17188732 -0.03655402 -0.45590675
0.28209481 -0.12891549 0.03655402 -0.46986914
0.28209481 -0.083401963 0.10641892 -0.46952268
0.28209481 -0.039464604 0.16785298 -0.45716554
0.28209481 -0.11080071 0.18000664 -0.44051474
0.28209481 -0.16051927 0.11322103 -0.44737789
0.28209481 -0.18793924 0.18870172 -0.40963754
0.28209481 -0.20835027 0.038378522 -0.44028363
0.28209481 -0.24036838 0.11715062 -0.40893909
0.28209481 -0.26411751 0.19189261 -0.36352658
0.28209481 -0.24925214 -0.037740342 -0.41854683
0.28209481 -0.28627464 0.039050207 -0.39402324
0.28209481 -0.31464627 0.11715062 -0.35497305
0.28209481 -0.33151203 0.18870172 -0.30532581
0.28209481 -0.28008911 -0.10800399 -0.38550958
0.28209481 -0.32103854 -0.037740342 -0.36639097
0.28209481 -0.35435084 0.038378522 -0.33420801
0.28209481 -0.37587848 0.11322103 -0.29091027
0.28209481 -0.38471511 0.18000664 -0.24150427
0.28209481 -0.3006427 -0.16785298 -0.34665799
0.28209481 -0.3434521 -0.10641892 -0.33082938
0.28209481 -0.38047698 -0.03655402 -0.3043575
0.28209481 -0.40703502 0.03655402 -0.26780346
0.28209481 -0.42076999 0.10641892 -0.22441046
0.28209481 -0.42259502 0.16785298 -0.17880499
0.28209481 -0.44698551 -0.16785298 0.10373885
0.28209481 -0.47231522 -0.10641892 0.065770507
0.28209481 -0.48670918 -0.03655402 0.022591628
0.28209481 -0.48670918 0.03655402 -0.022591628
0.28209481 -0.47231522 0.10641892 -0.065770507
0.28209481 -0.44698551 0.16785298 -0.10373885
0.28209481 -0.45319369 0.18000664 -0.030748807
0.28209481 -0.47508484 0.11322103 0.014415529
0.28209481 -0.44766489 0.18870172 0.052155875
0.28209481 -0.48311839 0.038378522 0.062097754
0.28209481 -0.46320212 0.11715062 0.10223477
0.28209481 -0.42735112 0.19189261 0.1388548
0.28209481 -0.47508484 -0.037740342 0.10771479
0.28209481 -0.46320212 0.039050207 0.15050349
0.28209481 -0.43483049 0.11715062 0.18955369
0.28209481 -0.39282495 0.18870172 0.22093582
0.28209481 -0.45319369 -0.10800399 0.14725156
0.28209481 -0.44766489 -0.037740342 0.19210477
0.28209481 -0.42735112 0.038378522 0.23373172
0.28209481 -0.39282495 0.11322103 0.26758546
0.28209481 -0.34856772 0.18000664 0.29125687
0.28209481 -0.42259502 -0.16785298 0.17880499
0.28209481 -0.42076999 -0.10641892 0.22441046
0.28209481 -0.40703502 -0.03655402 0.26780346
0.28209481 -0.38047698 0.03655402 0.3043575
0.28209481 -0.3434521 0.10641892 0.33082938
0.28209481 -0.3006427 0.16785298 0.34665799
0.28209481 -0.039464604 -0.16785298 0.45716554
0.28209481 -0.083401963 -0.10641892 0.46952268
0.28209481 -0.12891549 -0.03655402 0.46986914
0.28209481 -0.17188732 0.03655402 0.45590675
0.28209481 -0.2085049 0.10641892 0.42887425
0.28209481 -0.23678763 0.16785298 0.39305142
0.28209481 -0.16928841 0.18000664 0.42151093
0.28209481 -0.1330993 0.11322103 0.45628718
0.28209481 -0.088732868 0.18870172 0.44187164
0.28209481 -0.090233319 0.038378522 0.47866216
0.28209481 -0.045906276 0.11715062 0.47212368
0.28209481 -5.5028716e-17 0.19189261 0.44934356
0.28209481 -0.044366434 -0.037740342 0.48511824
0.28209481 -5.9645142e-17 0.039050207 0.48703954
0.28209481 0.045906276 0.11715062 0.47212368
0.28209481 0.088732868 0.18870172 0.44187164
0.28209481 -5.8356388e-17 -0.10800399 0.47651607
0.28209481 0.044366434 -0.037740342 0.48511824
0.28209481 0.090233319 0.038378522 0.47866216
0.28209481 0.1330993 0.11322103 0.45628718
0.28209481 0.16928841 0.18000664 0.42151093
0.28209481 0.039464604 -0.16785298 0.45716554
0.28209481 0.083401963 -0.10641892 0.46952268
0.28209481 0.12891549 -0.03655402 0.46986914
0.28209481 0.17188732 0.03655402 0.45590675
0.28209481 0.2085049 0.10641892 0.42887425
0.28209481 0.23678763 0.16785298 0.39305142
0.28209481 0.42259502 -0.16785298 0.17880499
0.28209481 0.42076999 -0.10641892 0.22441046
0.28209481 0.40703502 -0.03655402 0.26780346
0.28209481 0.38047698 0.03655402 0.3043575
0.28209481 0.3434521 0.10641892 0.33082938
0.28209481 0.3006427 0.16785298 0.34665799
0.28209481 0.34856772 0.18000664 0.29125687
0.28209481 0.39282495 0.11322103 0.26758546
0.28209481 0.39282495 0.18870172 0.22093582
0.28209481 0.42735112 0.038378522 0.23373172
0.28209481 0.43483049 0.11715062 0.18955369
0.28209481 0.42735112 0.19189261 0.1388548
0.28209481 0.44766489 -0.037740342 0.19210477
0.28209481 0.46320212 0.039050207 0.15050349
0.28209481 0.46320212 0.11715062 0.10223477
0.28209481 0.44766489 0.18870172 0.052155875
0.28209481 0.45319369 -0.10800399 0.14725156
0.28209481 0.47508484 -0.037740342 0.10771479
0.28209481 0.48311839 0.038378522 0.062097754
0.28209481 0.47508484 0.11322103 0.014415529
0.28209481 0.45319369 0.18000664 -0.030748807
0.28209481 0.44698551 -0.16785298 0.10373885
0.28209481 0.47231522 -0.10641892 0.065770507
0.28209481 0.48670918 -0.03655402 0.022591628
0.28209481 0.48670918 0.03655402 -0.022591628
0.28209481 0.47231522 0.10641892 -0.065770507
0.28209481 0.44698551 0.16785298 -0.10373885
0.28209481 0.3006427 -0.16785298 -0.34665799
0.28209481 0.3434521 -0.10641892 -0.33082938
0.28209481 0.38047698 -0.03655402 -0.3043575
0.28209481 0.40703502 0.03655402 -0.26780346
0.28209481 0.42076999 0.10641892 -0.22441046
0.28209481 0.42259502 0.16785298 -0.17880499
0.28209481 0.38471511 0.18000664 -0.24150427
0.28209481 0.37587848 0.11322103 -0.29091027
0.28209481 0.33151203 0.18870172 -0.30532581
0.28209481 0.35435084 0.038378522 -0.33420801
0.28209481 0.31464627 0.11715062 -0.35497305
0.28209481 0.26411751 0.19189261 -0.36352658
0.28209481 0.32103854 -0.037740342 -0.36639097
0.28209481 0.28627464 0.039050207 -0.39402324
0.28209481 0.24036838 0.11715062 -0.40893909
0.28209481 0.18793924 0.18870172 -0.40963754
0.28209481 0.28008911 -0.10800399 -0.38550958
0.28209481 0.24925214 -0.037740342 -0.41854683
0.28209481 0.20835027 0.038378522 -0.44028363
0.28209481 0.16051927 0.11322103 -0.44737789
0.28209481 0.11080071 0.18000664 -0.44051474
0.28209481 0.23678763 -0.16785298 -0.39305142
0.28209481 0.2085049 -0.10641892 -0.42887425
0.28209481 0.17188732 -0.03655402 -0.45590675
0.28209481 0.12891549 0.03655402 -0.46986914
0.28209481 0.083401963 0.10641892 -0.46952268
0.28209481 0.039464604 0.16785298 -0.45716554
0.28209481 -0.34856772 -0.18000664 -0.29125687
0.28209481 -0.39282495 -0.18870172 -0.22093582
0.28209481 -0.39282495 -0.11322103 -0.26758546
0.28209481 -0.42735112 -0.19189261 -0.1388548
0.28209481 -0.43483049 -0.11715062 -0.18955369
0.28209481 -0.42735112 -0.038378522 -0.23373172
0.28209481 -0.44766489 -0.18870172 -0.052155875
0.28209481 -0.46320212 -0.11715062 -0.10223477
0.28209481 -0.46320212 -0.039050207 -0.15050349
0.28209481 -0.44766489 0.037740342 -0.19210477
0.28209481 -0.45319369 -0.18000664 0.030748807
0.28209481 -0.47508484 -0.11322103 -0.014415529
0.28209481 -0.48311839 -0.038378522 -0.062097754
0.28209481 -0.47508484 0.037740342 -0.10771479
0.28209481 -0.45319369 0.10800399 -0.14725156
0.28209481 -0.38471511 -0.18000664 0.24150427
0.28209481 -0.33151203 -0.18870172 0.30532581
0.28209481 -0.37587848 -0.11322103 0.29091027
0.28209481 -0.26411751 -0.19189261 0.36352658
0.28209481 -0.31464627 -0.11715062 0.35497305
0.28209481 -0.35435084 -0.038378522 0.33420801
0.28209481 -0.18793924 -0.18870172 0.40963754
0.28209481 -0.24036838 -0.11715062 0.40893909
0.28209481 -0.28627464 -0.039050207 0.39402324
0.28209481 -0.32103854 0.037740342 0.36639097
0.28209481 -0.11080071 -0.18000664 0.44051474
0.28209481 -0.16051927 -0.11322103 0.44737789
0.28209481 -0.20835027 -0.038378522 0.44028363
0.28209481 -0.24925214 0.037740342 0.41854683
0.28209481 -0.28008911 0.10800399 0.38550958
0.28209481 0.11080071 -0.18000664 0.44051474
0.28209481 0.18793924 -0.18870172 0.40963754
0.28209481 0.16051927 -0.11322103 0.44737789
0.28209481 0.26411751 -0.19189261 0.36352658
0.28209481 0.24036838 -0.11715062 0.40893909
0.28209481 0.20835027 -0.038378522 0.44028363
0.28209481 0.33151203 -0.18870172 0.30532581
0.28209481 0.31464627 -0.11715062 0.35497305
0.28209481 0.28627464 -0.039050207 0.39402324
0.28209481 0.24925214 0.037740342 0.41854683
0.28209481 0.38471511 -0.18000664 0.24150427
0.28209481 0.37587848 -0.11322103 0.29091027
0.28209481 0.35435084 -0.038378522 0.33420801
0.28209481 0.32103854 0.037740342 0.36639097
0.28209481 0.28008911 0.10800399 0.38550958
0.28209481 0.45319369 -0.18000664 0.030748807
0.28209481 0.44766489 -0.18870172 -0.052155875
0.28209481 0.47508484 -0.11322103 -0.014415529
0.28209481 0.42735112 -0.19189261 -0.1388548
0.28209481 0.46320212 -0.11715062 -0.10223477
0.28209481 0.48311839 -0.038378522 -0.062097754
0.28209481 0.39282495 -0.18870172 -0.22093582
0.28209481 0.43483049 -0.11715062 -0.18955369
0.28209481 0.46320212 -0.039050207 -0.15050349
0.28209481 0.47508484 0.037740342 -0.10771479
0.28209481 0.34856772 -0.18000664 -0.29125687
0.28209481 0.39282495 -0.11322103 -0.26758546
0.28209481 0.42735112 -0.038378522 -0.23373172
0.28209481 0.44766489 0.037740342 -0.19210477
0.28209481 0.45319369 0.10800399 -0.14725156
0.28209481 0.16928841 -0.18000664 -0.42151093
0.28209481 0.088732868 -0.18870172 -0.44187164
0.28209481 0.1330993 -0.11322103 -0.45628718
0.28209481 0 -0.19189261 -0.44934356
0.28209481 0.045906276 -0.11715062 -0.47212368
0.28209481 0.090233319 -0.038378522 -0.47866216
0.28209481 -0.088732868 -0.18870172 -0.44187164
0.28209481 -0.045906276 -0.11715062 -0.47212368
0.28209481 1.1929028e-16 -0.039050207 -0.48703954
0.28209481 0.044366434 0.037740342 -0.48511824
0.28209481 -0.16928841 -0.18000664 -0.42151093
0.28209481 -0.1330993 -0.11322103 -0.45628718
0.28209481 -0.090233319 -0.038378522 -0.47866216
0.28209481 -0.044366434 0.037740342 -0.48511824
0.28209481 1.1671278e-16 0.10800399 -0.47651607
