0.28209481 0 0.48860252 0 0 0 0.63078314 0 0 0 0 0 0.74635267 0 0 0
0.28209481 0 0.21850967 -0.43701938 0 0 -0.12615664 -0.43701935 0.43701938 0 0 0 -0.33377907 3.3592887e-08 0.51708829 -0.42220083
0.28209481 -0.41563013 0.21850967 -0.13504641 0.25687355 -0.4156301 -0.12615664 -0.13504641 -0.3535561 0.24816343 0.30393687 3.1948733e-08 -0.33377907 1.0380773e-08 -0.4183332 0.34156767
0.28209481 -0.25687355 0.21850967 0.3535561 -0.41563013 -0.25687355 -0.12615664 0.3535561 0.13504642 -0.40153685 -0.49178019 1.9745404e-08 -0.33377907 -2.7177215e-08 0.15978907 -0.13046724
0.28209481 0.25687355 0.21850967 0.3535561 0.41563013 0.25687355 -0.12615664 0.3535561 0.13504642 0.40153685 0.49178019 -1.9745404e-08 -0.33377907 -2.7177215e-08 0.15978907 -0.13046724
0.28209481 0.41563013 0.21850967 -0.13504641 -0.25687355 0.4156301 -0.12615664 -0.13504641 -0.3535561 -0.24816343 -0.30393687 -3.1948733e-08 -0.33377907 1.0380773e-08 -0.4183332 0.34156767
0.28209481 -0.25687355 -0.21850967 -0.3535561 0.41563013 0.25687355 -0.12615664 0.3535561 0.13504642 -0.40153685 -0.49178019 1.9745404e-08 0.33377907 2.7177215e-08 -0.15978907 0.13046724
0.28209481 -0.41563013 -0.21850967 0.13504641 -0.25687355 0.4156301 -0.12615664 -0.13504641 -0.3535561 0.24816343 0.30393687 3.1948733e-08 0.33377907 -1.0380773e-08 0.4183332 -0.34156767
0.28209481 -5.3519439e-17 -0.21850967 0.43701938 -1.0703888e-16 5.3519436e-17 -0.12615664 -0.43701935 0.43701938 -1.5511407e-16 1.266501e-16 4.113942e-24 0.33377907 -3.3592887e-08 -0.51708829 0.42220083
0.28209481 0.41563013 -0.21850967 0.13504641 0.25687355 -0.4156301 -0.12615664 -0.13504641 -0.3535561 -0.24816343 -0.30393687 -3.1948733e-08 0.33377907 -1.0380773e-08 0.4183332 -0.34156767
0.28209481 0.25687355 -0.21850967 -0.3535561 -0.41563013 -0.25687355 -0.12615664 0.3535561 0.13504642 0.40153685 0.49178019 -1.9745404e-08 0.33377907 2.7177215e-08 -0.15978907 0.13046724
0.28209481 0 -0.48860252 0 0 0 0.63078314 0 0 0 0 0 -0.74635267 0 0 0
0.28209481 0 0.32126257 -0.36813417 0 0 0.093662038 -0.54124713 0.31010699 0 0 0 -0.20571247 -0.40001234 0.53946722 -0.25236866
0.28209481 -0.3501164 0.32126257 -0.11375972 0.18227632 -0.51475656 0.093662038 -0.16725455 -0.25088185 0.14833857 0.31709087 -0.38043436 -0.20571247 -0.12361062 -0.43643814 0.20417053
0.28209481 0 0.41563013 -0.25687355 0 0 0.36926687 -0.48860252 0.15098648 0 0 0 0.19619039 -0.62906957 0.33981177 -0.085738353
0.28209481 -0.24430126 0.41563013 -0.079378292 0.088747628 -0.4646886 0.36926687 -0.15098648 -0.12215063 0.050395742 0.19973634 -0.59828073 0.19619039 -0.19439319 -0.27491349 0.069363788
0.28209481 0 0.4729422 -0.12271139 0 0 0.57110304 -0.26559645 0.034456335 0 0 0 0.60851252 -0.42294326 0.088241011 -0.0093469871
0.28209481 -0.12843677 0.43701938 -0.17677805 0.10390753 -0.25687355 0.4415482 -0.3535561 0.033761606 -0.05019211 0.24589011 -0.36042479 0.33377904 -0.49608219 0.079894535 0.016308405
0.28209481 -0.11670547 0.4729422 -0.037919905 0.020252924 -0.25259724 0.57110304 -0.082073815 -0.027875761 0.0054940213 0.051866762 -0.40224293 0.60851252 -0.13069665 -0.071388476 0.0075618713
0.28209481 -0.12843677 0.3535561 -0.31182447 0.18328583 -0.20781507 0.18003193 -0.50454259 0.18474808 -0.17879964 0.3508977 -0.19439319 -0.10314342 -0.47195634 0.35369718 -0.075312763
0.28209481 -0.25687355 0.3535561 -0.21850969 0.25687355 -0.41563013 0.18003193 -0.3535561 -0.041731637 -0.10038421 0.49178019 -0.38878638 -0.10314342 -0.33072144 -0.079894535 0.1660251
0.28209481 -0.11670547 0.24542277 -0.40605408 0.21687245 -0.13107967 -0.076671109 -0.45606634 0.34611681 -0.28396901 0.28821233 -0.02854776 -0.32587209 -0.099326402 0.45997143 -0.25473613
0.28209481 -0.24430126 0.25687352 -0.33625183 0.37594098 -0.28719336 -0.053875331 -0.39528772 0.12215063 -0.34541756 0.5229165 -0.087287955 -0.31744274 -0.12014157 0.16990587 0.11223297
0.28209481 -0.3501164 0.24542277 -0.2364711 0.37889585 -0.39323902 -0.076671109 -0.26559642 -0.15253995 -0.080005616 0.50353312 -0.085643277 -0.32587209 -0.05784408 -0.20271775 0.37299865
0.28209481 -0.21638384 0.32126257 0.2978268 -0.2949293 -0.31813705 0.093662038 0.4378781 0.095828332 -0.24001685 -0.51306379 -0.23512137 -0.20571247 0.3236168 0.16670454 -0.077986203
0.28209481 -0.15098648 0.41563013 0.20781507 -0.14359668 -0.28719336 0.36926687 0.39528775 0.046657391 -0.081542023 -0.3231802 -0.36975783 0.19619039 0.508928 0.10500761 -0.026494609
0.28209481 -0.20781507 0.43701938 0.067523211 -0.064218387 -0.41563013 0.4415482 0.13504641 -0.088389032 0.031020429 -0.15196843 -0.58317959 0.33377904 0.18948653 -0.20916662 -0.042695958
0.28209481 -0.072127946 0.4729422 0.099275604 -0.032769922 -0.15611367 0.57110304 0.21487203 0.010647593 -0.0088895131 -0.083922185 -0.24859981 0.60851252 0.34216827 0.027267972 -0.0028883778
0.28209481 -0.33625183 0.3535561 0.025791571 -0.039689146 -0.54406691 0.18003193 0.041731637 -0.25719705 0.18891968 -0.075984217 -0.50892794 -0.10314342 0.039036371 -0.49239954 -0.044166487
0.28209481 -0.28719336 0.3535561 0.17677805 -0.23234431 -0.4646886 0.18003193 0.28603289 -0.11722488 -0.016374569 -0.44481936 -0.43467638 -0.10314342 0.26755926 -0.22442511 -0.1933215
0.28209481 -0.42224434 0.24542277 -0.014484115 0.027988853 -0.47425073 -0.076671109 -0.016268073 -0.40748879 0.37946591 0.037195746 -0.10328677 -0.32587209 -0.0035430135 -0.54153168 0.039173063
0.28209481 -0.39528775 0.25687352 0.12843677 -0.23234431 -0.4646886 -0.053875331 0.15098648 -0.31979451 0.21347979 -0.32318017 -0.14123489 -0.31744274 0.045889996 -0.44481936 -0.29382971
0.28209481 -0.33308929 0.24542277 0.25990689 -0.39619392 -0.37411475 -0.076671109 0.29191872 -0.099301986 -0.15451722 -0.52652133 -0.081478216 -0.32587209 0.063576795 -0.13196723 -0.34878838
0.28209481 0.21638384 0.32126257 0.2978268 0.2949293 0.31813705 0.093662038 0.4378781 0.095828332 0.24001685 0.51306379 0.23512137 -0.20571247 0.3236168 0.16670454 -0.077986203
0.28209481 0.15098648 0.41563013 0.20781507 0.14359668 0.28719336 0.36926687 0.39528775 0.046657391 0.081542023 0.3231802 0.36975783 0.19619039 0.508928 0.10500761 -0.026494609
0.28209481 -2.675972e-17 0.43701938 0.21850969 -2.675972e-17 -5.3519439e-17 0.4415482 0.43701938 0.10925484 -1.9389259e-17 -6.3325057e-17 -7.5094275e-17 0.33377904 0.61319131 0.25854415 0.052775107
0.28209481 0.072127946 0.4729422 0.099275604 0.032769922 0.15611367 0.57110304 0.21487203 0.010647593 0.0088895131 0.083922185 0.24859981 0.60851252 0.34216827 0.027267972 -0.0028883778
0.28209481 -0.079378292 0.3535561 0.32776454 -0.11906744 -0.12843677 0.18003193 0.53033417 0.23140548 -0.12687883 -0.22795266 -0.1201416 -0.10314342 0.49608216 0.44302198 0.14677565
0.28209481 0.079378292 0.3535561 0.32776454 0.11906744 0.12843677 0.18003193 0.53033417 0.23140548 0.12687883 0.22795266 0.1201416 -0.10314342 0.49608216 0.44302198 0.14677565
0.28209481 -0.14425589 0.24542277 0.39710242 -0.26215938 -0.1620234 -0.076671109 0.44601214 0.31321394 -0.33001971 -0.3483963 -0.03528697 -0.32587209 0.097136699 0.41624519 0.19135278
0.28209481 -5.090001e-17 0.25687352 0.41563013 -9.6817573e-17 -5.9836551e-17 -0.053875331 0.48860249 0.39528775 -1.3343513e-16 -1.3466876e-16 -1.818639e-17 -0.31744274 0.14850314 0.54982698 0.36319351
0.28209481 0.14425589 0.24542277 0.39710242 0.26215938 0.1620234 -0.076671109 0.44601214 0.31321394 0.33001971 0.3483963 0.03528697 -0.32587209 0.097136699 0.41624519 0.19135278
0.28209481 0.3501164 0.32126257 -0.11375972 -0.18227632 0.51475656 0.093662038 -0.16725455 -0.25088185 -0.14833857 -0.31709087 0.38043436 -0.20571247 -0.12361062 -0.43643814 0.20417053
0.28209481 0.24430126 0.41563013 -0.079378292 -0.088747628 0.4646886 0.36926687 -0.15098648 -0.12215063 -0.050395742 -0.19973634 0.59828073 0.19619039 -0.19439319 -0.27491349 0.069363788
0.28209481 0.20781507 0.43701938 0.067523211 0.064218387 0.41563013 0.4415482 0.13504641 -0.088389032 -0.031020429 0.15196843 0.58317959 0.33377904 0.18948653 -0.20916662 -0.042695958
0.28209481 0.11670547 0.4729422 -0.037919905 -0.020252924 0.25259724 0.57110304 -0.082073815 -0.027875761 -0.0054940213 -0.051866762 0.40224293 0.60851252 -0.13069665 -0.071388476 0.0075618713
0.28209481 0.28719336 0.3535561 0.17677805 0.23234431 0.4646886 0.18003193 0.28603289 -0.11722488 0.016374569 0.44481936 0.43467638 -0.10314342 0.26755926 -0.22442511 -0.1933215
0.28209481 0.33625183 0.3535561 0.025791571 0.039689146 0.54406691 0.18003193 0.041731637 -0.25719705 -0.18891968 0.075984217 0.50892794 -0.10314342 0.039036371 -0.49239954 -0.044166487
0.28209481 0.33308929 0.24542277 0.25990689 0.39619392 0.37411475 -0.076671109 0.29191872 -0.099301986 0.15451722 0.52652133 0.081478216 -0.32587209 0.063576795 -0.13196723 -0.34878838
0.28209481 0.39528775 0.25687352 0.12843677 0.23234431 0.4646886 -0.053875331 0.15098648 -0.31979451 -0.21347979 0.32318017 0.14123489 -0.31744274 0.045889996 -0.44481936 -0.29382971
0.28209481 0.42224434 0.24542277 -0.014484115 -0.027988853 0.47425073 -0.076671109 -0.016268073 -0.40748879 -0.37946591 -0.037195746 0.10328677 -0.32587209 -0.0035430135 -0.54153168 0.039173063
0.28209481 0.12843677 0.43701938 -0.17677805 -0.10390753 0.25687355 0.4415482 -0.3535561 0.033761606 0.05019211 -0.24589011 0.36042479 0.33377904 -0.49608219 0.079894535 0.016308405
0.28209481 0.25687355 0.3535561 -0.21850969 -0.25687355 0.41563013 0.18003193 -0.3535561 -0.041731637 0.10038421 -0.49178019 0.38878638 -0.10314342 -0.33072144 -0.079894535 0.1660251
0.28209481 0.12843677 0.3535561 -0.31182447 -0.18328583 0.20781507 0.18003193 -0.50454259 0.18474808 0.17879964 -0.3508977 0.19439319 -0.10314342 -0.47195634 0.35369718 -0.075312763
0.28209481 0.3501164 0.24542277 -0.2364711 -0.37889585 0.39323902 -0.076671109 -0.26559642 -0.15253995 0.080005616 -0.50353312 0.085643277 -0.32587209 -0.05784408 -0.20271775 0.37299865
0.28209481 0.24430126 0.25687352 -0.33625183 -0.37594098 0.28719336 -0.053875331 -0.39528772 0.12215063 0.34541756 -0.5229165 0.087287955 -0.31744274 -0.12014157 0.16990587 0.11223297
0.28209481 0.11670547 0.24542277 -0.40605408 -0.21687245 0.13107967 -0.076671109 -0.45606634 0.34611681 0.28396901 -0.28821233 0.02854776 -0.32587209 -0.099326402 0.45997143 -0.25473613
0.28209481 -0.3501164 -0.32126257 0.11375972 -0.18227632 0.51475656 0.093662038 -0.16725455 -0.25088185 0.14833857 0.31709087 -0.38043436 0.20571247 0.12361062 0.43643814 -0.20417053
0.28209481 -0.21638384 -0.32126257 -0.2978268 0.2949293 0.31813705 0.093662038 0.4378781 0.095828332 -0.24001685 -0.51306379 -0.23512137 0.20571247 -0.3236168 -0.16670454 0.077986203
0.28209481 -0.24430126 -0.41563013 0.079378292 -0.088747628 0.4646886 0.36926687 -0.15098648 -0.12215063 0.050395742 0.19973634 -0.59828073 -0.19619039 0.19439319 0.27491349 -0.069363788
0.28209481 -0.15098648 -0.41563013 -0.20781507 0.14359668 0.28719336 0.36926687 0.39528775 0.046657391 -0.081542023 -0.3231802 -0.36975783 -0.19619039 -0.508928 -0.10500761 0.026494609
0.28209481 -0.11670547 -0.4729422 0.037919905 -0.020252924 0.25259724 0.57110304 -0.082073815 -0.027875761 0.0054940213 0.051866762 -0.40224293 -0.60851252 0.13069665 0.071388476 -0.0075618713
0.28209481 -0.20781507 -0.43701938 -0.067523211 0.064218387 0.41563013 0.4415482 0.13504641 -0.088389032 0.031020429 -0.15196843 -0.58317959 -0.33377904 -0.18948653 0.20916662 0.042695958
0.28209481 -0.072127946 -0.4729422 -0.099275604 0.032769922 0.15611367 0.57110304 0.21487203 0.010647593 -0.0088895131 -0.083922185 -0.24859981 -0.60851252 -0.34216827 -0.027267972 0.0028883778
0.28209481 -0.33625183 -0.3535561 -0.025791571 0.039689146 0.54406691 0.18003193 0.041731637 -0.25719705 0.18891968 -0.075984217 -0.50892794 0.10314342 -0.039036371 0.49239954 0.044166487
0.28209481 -0.28719336 -0.3535561 -0.17677805 0.23234431 0.4646886 0.18003193 0.28603289 -0.11722488 -0.016374569 -0.44481936 -0.43467638 0.10314342 -0.26755926 0.22442511 0.1933215
0.28209481 -0.42224434 -0.24542277 0.014484115 -0.027988853 0.47425073 -0.076671109 -0.016268073 -0.40748879 0.37946591 0.037195746 -0.10328677 0.32587209 0.0035430135 0.54153168 -0.039173063
0.28209481 -0.39528775 -0.25687352 -0.12843677 0.23234431 0.4646886 -0.053875331 0.15098648 -0.31979451 0.21347979 -0.32318017 -0.14123489 0.31744274 -0.045889996 0.44481936 0.29382971
0.28209481 -0.33308929 -0.24542277 -0.25990689 0.39619392 0.37411475 -0.076671109 0.29191872 -0.099301986 -0.15451722 -0.52652133 -0.081478216 0.32587209 -0.063576795 0.13196723 0.34878838
0.28209481 -4.5083434e-17 -0.32126257 0.36813417 -7.5954311e-17 6.628365e-17 0.093662038 -0.54124713 0.31010699 -9.2718741e-17 1.3213136e-16 -4.8987386e-17 0.20571247 0.40001234 -0.53946722 0.25236866
0.28209481 -3.1457937e-17 -0.41563013 0.25687355 -3.6981022e-17 5.9836551e-17 0.36926687 -0.48860252 0.15098648 -3.1499762e-17 8.3229881e-17 -7.7038805e-17 -0.19619039 0.62906957 -0.33981177 0.085738353
0.28209481 -1.502781e-17 -0.4729422 0.12271139 -8.4393681e-18 3.2526184e-17 0.57110304 -0.26559645 0.034456335 -3.4340273e-18 2.1612813e-17 -5.1795611e-17 -0.60851252 0.42294326 -0.088241011 0.0093469871
0.28209481 -0.12843677 -0.43701938 0.17677805 -0.10390753 0.25687355 0.4415482 -0.3535561 0.033761606 -0.05019211 0.24589011 -0.36042479 -0.33377904 0.49608219 -0.079894535 -0.016308405
0.28209481 -0.12843677 -0.3535561 0.31182447 -0.18328583 0.20781507 0.18003193 -0.50454259 0.18474808 -0.17879964 0.3508977 -0.19439319 0.10314342 0.47195634 -0.35369718 0.075312763
0.28209481 -0.25687355 -0.3535561 0.21850969 -0.25687355 0.41563013 0.18003193 -0.3535561 -0.041731637 -0.10038421 0.49178019 -0.38878638 0.10314342 0.33072144 0.079894535 -0.1660251
0.28209481 -0.11670547 -0.24542277 0.40605408 -0.21687245 0.13107967 -0.076671109 -0.45606634 0.34611681 -0.28396901 0.28821233 -0.02854776 0.32587209 0.099326402 -0.45997143 0.25473613
0.28209481 -0.24430126 -0.25687352 0.33625183 -0.37594098 0.28719336 -0.053875331 -0.39528772 0.12215063 -0.34541756 0.5229165 -0.087287955 0.31744274 0.12014157 -0.16990587 -0.11223297
0.28209481 -0.3501164 -0.24542277 0.2364711 -0.37889585 0.39323902 -0.076671109 -0.26559642 -0.15253995 -0.080005616 0.50353312 -0.085643277 0.32587209 0.05784408 0.20271775 -0.37299865
0.28209481 0.3501164 -0.32126257 0.11375972 0.18227632 -0.51475656 0.093662038 -0.16725455 -0.25088185 -0.14833857 -0.31709087 0.38043436 0.20571247 0.12361062 0.43643814 -0.20417053
0.28209481 0.24430126 -0.41563013 0.079378292 0.088747628 -0.4646886 0.36926687 -0.15098648 -0.12215063 -0.050395742 -0.19973634 0.59828073 -0.19619039 0.19439319 0.27491349 -0.069363788
0.28209481 0.11670547 -0.4729422 0.037919905 0.020252924 -0.25259724 0.57110304 -0.082073815 -0.027875761 -0.0054940213 -0.051866762 0.40224293 -0.60851252 0.13069665 0.071388476 -0.0075618713
0.28209481 0.12843677 -0.43701938 0.17677805 0.10390753 -0.25687355 0.4415482 -0.3535561 0.033761606 0.05019211 -0.24589011 0.36042479 -0.33377904 0.49608219 -0.079894535 -0.016308405
0.28209481 0.25687355 -0.3535561 0.21850969 0.25687355 -0.41563013 0.18003193 -0.3535561 -0.041731637 0.10038421 -0.49178019 0.38878638 0.10314342 0.33072144 0.079894535 -0.1660251
0.28209481 0.12843677 -0.3535561 0.31182447 0.18328583 -0.20781507 0.18003193 -0.50454259 0.18474808 0.17879964 -0.3508977 0.19439319 0.10314342 0.47195634 -0.35369718 0.075312763
0.28209481 0.3501164 -0.24542277 0.2364711 0.37889585 -0.39323902 -0.076671109 -0.26559642 -0.15253995 0.080005616 -0.50353312 0.085643277 0.32587209 0.05784408 0.20271775 -0.37299865
0.28209481 0.24430126 -0.25687352 0.33625183 0.37594098 -0.28719336 -0.053875331 -0.39528772 0.12215063 0.34541756 -0.5229165 0.087287955 0.31744274 0.12014157 -0.16990587 -0.11223297
0.28209481 0.11670547 -0.24542277 0.40605408 0.21687245 -0.13107967 -0.076671109 -0.45606634 0.34611681 0.28396901 -0.28821233 0.02854776 0.32587209 0.099326402 -0.45997143 0.25473613
0.28209481 0.21638384 -0.32126257 -0.2978268 -0.2949293 -0.31813705 0.093662038 0.4378781 0.095828332 0.24001685 0.51306379 0.23512137 0.20571247 -0.3236168 -0.16670454 0.077986203
0.28209481 0.15098648 -0.41563013 -0.20781507 -0.14359668 -0.28719336 0.36926687 0.39528775 0.046657391 0.081542023 0.3231802 0.36975783 -0.19619039 -0.508928 -0.10500761 0.026494609
0.28209481 0.072127946 -0.4729422 -0.099275604 -0.032769922 -0.15611367 0.57110304 0.21487203 0.010647593 0.0088895131 0.083922185 0.24859981 -0.60851252 -0.34216827 -0.027267972 0.0028883778
0.28209481 0.20781507 -0.43701938 -0.067523211 -0.064218387 -0.41563013 0.4415482 0.13504641 -0.088389032 -0.031020429 0.15196843 0.58317959 -0.33377904 -0.18948653 0.20916662 0.042695958
0.28209481 0.28719336 -0.3535561 -0.17677805 -0.23234431 -0.4646886 0.18003193 0.28603289 -0.11722488 0.016374569 0.44481936 0.43467638 0.10314342 -0.26755926 0.22442511 0.1933215
0.28209481 0.33625183 -0.3535561 -0.025791571 -0.039689146 -0.54406691 0.18003193 0.041731637 -0.25719705 -0.18891968 0.075984217 0.50892794 0.10314342 -0.039036371 0.49239954 0.044166487
0.28209481 0.33308929 -0.24542277 -0.25990689 -0.39619392 -0.37411475 -0.076671109 0.29191872 -0.099301986 0.15451722 0.52652133 0.081478216 0.32587209 -0.063576795 0.13196723 0.34878838
0.28209481 0.39528775 -0.25687352 -0.12843677 -0.23234431 -0.4646886 -0.053875331 0.15098648 -0.31979451 -0.21347979 0.32318017 0.14123489 0.31744274 -0.045889996 0.44481936 0.29382971
0.28209481 0.42224434 -0.24542277 0.014484115 0.027988853 -0.47425073 -0.076671109 -0.016268073 -0.40748879 -0.37946591 -0.037195746 0.10328677 0.32587209 0.0035430135 0.54153168 -0.039173063
0.28209481 5.3519439e-17 -0.43701938 -0.21850969 -5.3519439e-17 -1.0703888e-16 0.4415482 0.43701938 0.10925484 3.8778518e-17 1.2665011e-16 1.5018855e-16 -0.33377904 -0.61319131 -0.25854415 -0.052775107
0.28209481 -0.079378292 -0.3535561 -0.32776454 0.11906744 0.12843677 0.18003193 0.53033417 0.23140548 -0.12687883 -0.22795266 -0.1201416 0.10314342 -0.49608216 -0.44302198 -0.14677565
0.28209481 0.079378292 -0.3535561 -0.32776454 -0.11906744 -0.12843677 0.18003193 0.53033417 0.23140548 0.12687883 0.22795266 0.1201416 0.10314342 -0.49608216 -0.44302198 -0.14677565
0.28209481 -0.14425589 -0.24542277 -0.39710242 0.26215938 0.1620234 -0.076671109 0.44601214 0.31321394 -0.33001971 -0.3483963 -0.03528697 0.32587209 -0.097136699 -0.41624519 -0.19135278
0.28209481 0 -0.25687352 -0.41563013 0 0 -0.053875331 0.48860249 0.39528775 0 0 0 0.31744274 -0.14850314 -0.54982698 -0.36319351
0.28209481 0.14425589 -0.24542277 -0.39710242 -0.26215938 -0.1620234 -0.076671109 0.44601214 0.31321394 0.33001971 0.3483963 0.03528697 0.32587209 -0.097136699 -0.41624519 -0.19135278
0.28209481 -0.21638383 -0.12271138 -0.42053819 0.41644683 0.12151754 -0.25571147 0.23616721 0.29753923 -0.52947986 -0.2767182 0.1385738 0.25160933 0.26931575 -0.19770716 -0.077403829
0.28209481 -0.15098648 2.9918276e-17 -0.4646886 0.32109192 -2.067302e-17 -0.31539157 -6.3625012e-17 0.44194514 -0.4773553 5.2018672e-17 0.14123492 -6.8551382e-17 0.43467638 7.1597558e-17 -0.34681892
0.28209481 -0.072127946 0.12271138 -0.46740976 0.15428747 -0.040505845 -0.25571147 -0.2624895 0.48800915 -0.2372337 0.10252006 0.046191264 -0.25160933 0.29933265 0.32426953 -0.47964618
0.28209481 -0.20781507 0.13504641 -0.42107931 0.40047023 -0.12843676 -0.24311025 -0.2602413 0.30689871 -0.51376981 0.29285091 0.1201416 -0.27003291 0.24343348 0.22442509 -0.10170031
0.28209481 -0.28719336 2.9918276e-17 -0.39528772 0.51953763 -3.9322419e-17 -0.31539157 -5.4122669e-17 0.16880801 -0.5611648 8.4167977e-17 0.26864478 -6.8551382e-17 0.36975783 2.7347835e-17 0.1823335
0.28209481 -0.33625183 0.13504641 -0.32776454 0.50437772 -0.20781505 -0.24311025 -0.2025696 -0.012895785 -0.35587057 0.36883512 0.1943932 -0.27003291 0.18948653 -0.0094302706 0.3842636
0.28209481 -0.33308929 -0.12271138 -0.33574671 0.51180172 0.18705738 -0.25571147 0.18854973 0.0040670186 -0.38286138 -0.3400791 0.21331283 0.25160933 0.21501465 -0.0027024292 0.37384146
0.28209481 -0.39528772 2.9918276e-17 -0.28719336 0.51953763 -5.4122669e-17 -0.31539157 -3.9322419e-17 -0.16880801 -0.1823335 8.4167977e-17 0.36975783 -6.8551382e-17 0.26864478 -2.7347835e-17 0.5611648
0.28209481 -0.42224434 0.12271138 -0.21303532 0.41166577 -0.23712535 -0.25571147 -0.11963706 -0.3041198 0.090002865 0.2735413 0.27040836 -0.25160933 0.13642937 -0.20207979 0.52748436
0.28209481 -0.46682188 -0.12271138 0.07583981 -0.1620234 0.26215935 -0.25571147 -0.042590369 -0.4854956 0.47385505 0.10766038 0.29895616 0.25160933 -0.048568372 0.32259932 -0.24859945
0.28209481 -0.48860252 2.9918276e-17 -2.9918276e-17 6.6899297e-17 -6.6899297e-17 -0.31539157 -4.0964005e-33 -0.54627424 0.5900436 1.0838057e-32 0.45704579 -6.8551382e-17 2.7985985e-17 -8.8499452e-17 1.0838925e-16
0.28209481 -0.46682188 0.12271138 -0.07583981 0.1620234 -0.26215935 -0.25571147 -0.042590369 -0.4854956 0.47385505 0.10766038 0.29895616 -0.25160933 0.048568372 -0.32259932 0.24859945
0.28209481 -0.4646886 0.13504641 0.067523204 -0.14359668 -0.28719333 -0.24311025 0.041731633 -0.48367676 0.47542647 -0.1050076 0.26864481 -0.27003291 -0.039036375 -0.35369718 -0.21970904
0.28209481 -0.4646886 2.9918276e-17 0.15098648 -0.32109192 -6.3625012e-17 -0.31539157 2.067302e-17 -0.44194514 0.34681892 -5.2018672e-17 0.43467638 -6.8551382e-17 -0.14123492 -7.1597558e-17 -0.4773553
0.28209481 -0.41563013 0.13504641 0.21850969 -0.41563013 -0.25687352 -0.24311025 0.13504641 -0.28603289 0.062040854 -0.30393687 0.24028321 -0.27003291 -0.12632436 -0.2091666 -0.52005124
0.28209481 -0.42224434 -0.12271138 0.21303532 -0.41166577 0.23712535 -0.25571147 -0.11963706 -0.3041198 0.090002865 0.2735413 0.27040836 0.25160933 -0.13642937 0.20207979 -0.52748436
0.28209481 -0.39528772 2.9918276e-17 0.28719336 -0.51953763 -5.4122669e-17 -0.31539157 3.9322419e-17 -0.16880801 -0.1823335 -8.4167977e-17 0.36975783 -6.8551382e-17 -0.26864478 -2.7347835e-17 -0.5611648
0.28209481 -0.33308929 0.12271138 0.33574671 -0.51180172 -0.18705738 -0.25571147 0.18854973 0.0040670186 -0.38286138 -0.3400791 0.21331283 -0.25160933 -0.21501465 0.0027024292 -0.37384146
0.28209481 -0.072127946 -0.12271138 0.46740976 -0.15428747 0.040505845 -0.25571147 -0.2624895 0.48800915 -0.2372337 0.10252006 0.046191264 0.25160933 -0.29933265 -0.32426953 0.47964618
0.28209481 -0.15098648 2.9918276e-17 0.4646886 -0.32109192 -2.067302e-17 -0.31539157 6.3625012e-17 0.44194514 -0.4773553 -5.2018672e-17 0.14123492 -6.8551382e-17 -0.43467638 7.1597558e-17 0.34681892
0.28209481 -0.21638383 0.12271138 0.42053819 -0.41644683 -0.12151754 -0.25571147 0.23616721 0.29753923 -0.52947986 -0.2767182 0.1385738 -0.25160933 -0.26931575 0.19770716 0.077403829
0.28209481 -0.079378292 0.13504641 0.46281093 -0.16812591 -0.049058478 -0.24311025 0.28603289 0.47570673 -0.25548634 -0.12294504 0.045890011 -0.27003291 -0.26755929 0.34786895 0.45719701
0.28209481 -5.9836551e-17 2.9918276e-17 0.48860252 -1.3379859e-16 -8.1928011e-33 -0.31539157 6.6899297e-17 0.54627424 -2.167785e-16 -2.1676114e-32 5.597197e-17 -6.8551382e-17 -0.45704579 8.8499452e-17 0.5900436
0.28209481 0.079378292 0.13504641 0.46281093 0.16812591 0.049058478 -0.24311025 0.28603289 0.47570673 0.25548634 0.12294504 -0.045890011 -0.27003291 -0.26755929 0.34786895 0.45719701
0.28209481 0.072127946 -0.12271138 0.46740976 0.15428747 -0.040505845 -0.25571147 -0.2624895 0.48800915 0.2372337 -0.10252006 -0.046191264 0.25160933 -0.29933265 -0.32426953 0.47964618
0.28209481 0.15098648 2.9918276e-17 0.4646886 0.32109192 2.067302e-17 -0.31539157 6.3625012e-17 0.44194514 0.4773553 5.2018672e-17 -0.14123492 -6.8551382e-17 -0.43467638 7.1597558e-17 0.34681892
0.28209481 0.21638383 0.12271138 0.42053819 0.41644683 0.12151754 -0.25571147 0.23616721 0.29753923 0.52947986 0.2767182 -0.1385738 -0.25160933 -0.26931575 0.19770716 0.077403829
0.28209481 0.42224434 -0.12271138 0.21303532 0.41166577 -0.23712535 -0.25571147 -0.11963706 -0.3041198 -0.090002865 -0.2735413 -0.27040836 0.25160933 -0.13642937 0.20207979 -0.52748436
0.28209481 0.39528772 2.9918276e-17 0.28719336 0.51953763 5.4122669e-17 -0.31539157 3.9322419e-17 -0.16880801 0.1823335 8.4167977e-17 -0.36975783 -6.8551382e-17 -0.26864478 -2.7347835e-17 -0.5611648
0.28209481 0.33308929 0.12271138 0.33574671 0.51180172 0.18705738 -0.25571147 0.18854973 0.0040670186 0.38286138 0.3400791 -0.21331283 -0.25160933 -0.21501465 0.0027024292 -0.37384146
0.28209481 0.41563013 0.13504641 0.21850969 0.41563013 0.25687352 -0.24311025 0.13504641 -0.28603289 -0.062040854 0.30393687 -0.24028321 -0.27003291 -0.12632436 -0.2091666 -0.52005124
0.28209481 0.4646886 2.9918276e-17 0.15098648 0.32109192 6.3625012e-17 -0.31539157 2.067302e-17 -0.44194514 -0.34681892 5.2018672e-17 -0.43467638 -6.8551382e-17 -0.14123492 -7.1597558e-17 -0.4773553
0.28209481 0.4646886 0.13504641 0.067523204 0.14359668 0.28719333 -0.24311025 0.041731633 -0.48367676 -0.47542647 0.1050076 -0.26864481 -0.27003291 -0.039036375 -0.35369718 -0.21970904
0.28209481 0.46682188 -0.12271138 0.07583981 0.1620234 -0.26215935 -0.25571147 -0.042590369 -0.4854956 -0.47385505 -0.10766038 -0.29895616 0.25160933 -0.048568372 0.32259932 -0.24859945
0.28209481 0.48860252 2.9918276e-17 8.9754827e-17 2.0069789e-16 6.6899297e-17 -0.31539157 1.2289201e-32 -0.54627424 -0.5900436 3.2514171e-32 -0.45704579 -6.8551382e-17 -8.3957952e-17 -8.8499452e-17 -3.2516774e-16
0.28209481 0.46682188 0.12271138 -0.07583981 -0.1620234 0.26215935 -0.25571147 -0.042590369 -0.4854956 -0.47385505 -0.10766038 -0.29895616 -0.25160933 0.048568372 -0.32259932 0.24859945
0.28209481 0.33308929 -0.12271138 -0.33574671 -0.51180172 -0.18705738 -0.25571147 0.18854973 0.0040670186 0.38286138 0.3400791 -0.21331283 0.25160933 0.21501465 -0.0027024292 0.37384146
0.28209481 0.39528772 2.9918276e-17 -0.28719336 -0.51953763 5.4122669e-17 -0.31539157 -3.9322419e-17 -0.16880801 0.1823335 -8.4167977e-17 -0.36975783 -6.8551382e-17 0.26864478 -2.7347835e-17 0.5611648
0.28209481 0.42224434 0.12271138 -0.21303532 -0.41166577 0.23712535 -0.25571147 -0.11963706 -0.3041198 -0.090002865 -0.2735413 -0.27040836 -0.25160933 0.13642937 -0.20207979 0.52748436
0.28209481 0.33625183 0.13504641 -0.32776454 -0.50437772 0.20781505 -0.24311025 -0.2025696 -0.012895785 0.35587057 -0.36883512 -0.1943932 -0.27003291 0.18948653 -0.0094302706 0.3842636
0.28209481 0.28719336 2.9918276e-17 -0.39528772 -0.51953763 3.9322419e-17 -0.31539157 -5.4122669e-17 0.16880801 0.5611648 -8.4167977e-17 -0.26864478 -6.8551382e-17 0.36975783 2.7347835e-17 0.1823335
0.28209481 0.20781507 0.13504641 -0.42107931 -0.40047023 0.12843676 -0.24311025 -0.2602413 0.30689871 0.51376981 -0.29285091 -0.1201416 -0.27003291 0.24343348 0.22442509 -0.10170031
0.28209481 0.21638383 -0.12271138 -0.42053819 -0.41644683 -0.12151754 -0.25571147 0.23616721 0.29753923 0.52947986 0.2767182 -0.1385738 0.25160933 0.26931575 -0.19770716 -0.077403829
0.28209481 0.15098648 2.9918276e-17 -0.4646886 -0.32109192 2.067302e-17 -0.31539157 -6.3625012e-17 0.44194514 0.4773553 -5.2018672e-17 -0.14123492 -6.8551382e-17 0.43467638 7.1597558e-17 -0.34681892
0.28209481 0.072127946 0.12271138 -0.46740976 -0.15428747 0.040505845 -0.25571147 -0.2624895 0.48800915 0.2372337 -0.10252006 -0.046191264 -0.25160933 0.29933265 0.32426953 -0.47964618
0.28209481 -0.41563013 -0.13504641 -0.21850969 0.41563013 0.25687352 -0.24311025 0.13504641 -0.28603289 0.062040854 -0.30393687 0.24028321 0.27003291 0.12632436 0.2091666 0.52005124
0.28209481 -0.4646886 -0.13504641 -0.067523204 0.14359668 0.28719333 -0.24311025 0.041731633 -0.48367676 0.47542647 -0.1050076 0.26864481 0.27003291 0.039036375 0.35369718 0.21970904
0.28209481 -0.4646886 2.9918276e-17 -0.15098648 0.32109192 -6.3625012e-17 -0.31539157 -2.067302e-17 -0.44194514 0.34681892 5.2018672e-17 0.43467638 -6.8551382e-17 0.14123492 -7.1597558e-17 0.4773553
0.28209481 -0.33625183 -0.13504641 0.32776454 -0.50437772 0.20781505 -0.24311025 -0.2025696 -0.012895785 -0.35587057 0.36883512 0.1943932 0.27003291 -0.18948653 0.0094302706 -0.3842636
0.28209481 -0.20781507 -0.13504641 0.42107931 -0.40047023 0.12843676 -0.24311025 -0.2602413 0.30689871 -0.51376981 0.29285091 0.1201416 0.27003291 -0.24343348 -0.22442509 0.10170031
0.28209481 -0.28719336 2.9918276e-17 0.39528772 -0.51953763 -3.9322419e-17 -0.31539157 5.4122669e-17 0.16880801 -0.5611648 -8.4167977e-17 0.26864478 -6.8551382e-17 -0.36975783 2.7347835e-17 -0.1823335
0.28209481 0.20781507 -0.13504641 0.42107931 0.40047023 -0.12843676 -0.24311025 -0.2602413 0.30689871 0.51376981 -0.29285091 -0.1201416 0.27003291 -0.24343348 -0.22442509 0.10170031
0.28209481 0.33625183 -0.13504641 0.32776454 0.50437772 -0.20781505 -0.24311025 -0.2025696 -0.012895785 0.35587057 -0.36883512 -0.1943932 0.27003291 -0.18948653 0.0094302706 -0.3842636
0.28209481 0.28719336 2.9918276e-17 0.39528772 0.51953763 3.9322419e-17 -0.31539157 5.4122669e-17 0.16880801 0.5611648 8.4167977e-17 -0.26864478 -6.8551382e-17 -0.36975783 2.7347835e-17 -0.1823335
0.28209481 0.4646886 -0.13504641 -0.067523204 -0.14359668 -0.28719333 -0.24311025 0.041731633 -0.48367676 -0.47542647 0.1050076 -0.26864481 0.27003291 0.039036375 0.35369718 0.21970904
0.28209481 0.41563013 -0.13504641 -0.21850969 -0.41563013 -0.25687352 -0.24311025 0.13504641 -0.28603289 -0.062040854 0.30393687 -0.24028321 0.27003291 0.12632436 0.2091666 0.52005124
0.28209481 0.4646886 2.9918276e-17 -0.15098648 -0.32109192 6.3625012e-17 -0.31539157 -2.067302e-17 -0.44194514 -0.34681892 -5.2018672e-17 -0.43467638 -6.8551382e-17 0.14123492 -7.1597558e-17 0.4773553
0.28209481 0.079378292 -0.13504641 -0.46281093 -0.16812591 -0.049058478 -0.24311025 0.28603289 0.47570673 0.25548634 0.12294504 -0.045890011 0.27003291 0.26755929 -0.34786895 -0.45719701
0.28209481 -0.079378292 -0.13504641 -0.46281093 0.16812591 0.049058478 -0.24311025 0.28603289 0.47570673 -0.25548634 -0.12294504 0.045890011 0.27003291 0.26755929 -0.34786895 -0.45719701
0.28209481 1.196731e-16 2.9918276e-17 -0.48860252 -2.6759719e-16 1.6385602e-32 -0.31539157 -6.6899297e-17 0.54627424 4.3355699e-16 -4.3352229e-32 -1.1194394e-16 -6.8551382e-17 0.45704579 8.8499452e-17 -0.5900436
