0.28209481 0 0.48860252 0 0 0 0.63078314 0 0
0.28209481 0 0.21850967 -0.43701938 0 0 -0.12615664 -0.43701935 0.43701938
0.28209481 -0.41563013 0.21850967 -0.13504641 0.25687355 -0.4156301 -0.12615664 -0.13504641 -0.3535561
0.28209481 -0.25687355 0.21850967 0.3535561 -0.41563013 -0.25687355 -0.12615664 0.3535561 0.13504642
0.28209481 0.25687355 0.21850967 0.3535561 0.41563013 0.25687355 -0.12615664 0.3535561 0.13504642
0.28209481 0.41563013 0.21850967 -0.13504641 -0.25687355 0.4156301 -0.12615664 -0.13504641 -0.3535561
0.28209481 -0.25687355 -0.21850967 -0.3535561 0.41563013 0.25687355 -0.12615664 0.3535561 0.13504642
0.28209481 -0.41563013 -0.21850967 0.13504641 -0.25687355 0.4156301 -0.12615664 -0.13504641 -0.3535561
0.28209481 -5.3519439e-17 -0.21850967 0.43701938 -1.0703888e-16 5.3519436e-17 -0.12615664 -0.43701935 0.43701938
0.28209481 0.41563013 -0.21850967 0.13504641 0.25687355 -0.4156301 -0.12615664 -0.13504641 -0.3535561
0.28209481 0.25687355 -0.21850967 -0.3535561 -0.41563013 -0.25687355 -0.12615664 0.3535561 0.13504642
0.28209481 0 -0.48860252 0 0 0 0.63078314 0 0
0.28209481 0 0.35525104 -0.3354536 0 0 0.18479343 -0.54537737 0.25749227
0.28209481 -0.31903532 0.35525104 -0.10366086 0.15135016 -0.51868469 0.18479343 -0.16853088 -0.20831563
0.28209481 0 0.4589119 -0.1677268 0 0 0.51928568 -0.35225818 0.064373069
0.28209481 -0.17434417 0.38827017 -0.23996417 0.19146223 -0.3097924 0.28209478 -0.42639267 0.062209852
0.28209481 -0.15951766 0.4589119 -0.05183043 0.037837539 -0.33501744 0.51928568 -0.10885376 -0.052078906
0.28209481 -0.15951766 0.25159019 -0.38728401 0.28272724 -0.18366727 -0.064522386 -0.44591549 0.28498286
0.28209481 -0.31903532 0.25159019 -0.27138767 0.39623988 -0.36733454 -0.064522386 -0.31247342 -0.064373069
0.28209481 -0.19717467 0.35525104 0.27138767 -0.24488971 -0.32056478 0.18479343 0.44121957 0.079569489
0.28209481 -0.28209481 0.38827017 0.091658153 -0.11833017 -0.50125462 0.28209478 0.1628675 -0.16286752
0.28209481 -0.098587334 0.4589119 0.13569383 -0.061222427 -0.20705216 0.51928568 0.28498286 0.019892372
0.28209481 -0.41762266 0.25159019 0.032032967 -0.061222427 -0.48084715 -0.064522386 0.036882482 -0.39673889
0.28209481 -0.35669234 0.25159019 0.21955723 -0.35840231 -0.41069248 -0.064522386 0.25279629 -0.18082504
0.28209481 0.19717467 0.35525104 0.27138767 0.24488971 0.32056478 0.18479343 0.44121957 0.079569489
0.28209481 -3.6324495e-17 0.38827017 0.29661202 -4.9308031e-17 -6.4545049e-17 0.28209478 0.52705032 0.20131531
0.28209481 0.098587334 0.4589119 0.13569383 0.061222427 0.20705216 0.51928568 0.28498286 0.019892372
0.28209481 -0.098587334 0.25159019 0.40708148 -0.18366727 -0.11351261 -0.064522386 0.46871012 0.35695413
0.28209481 0.098587334 0.25159019 0.40708148 0.18366727 0.11351261 -0.064522386 0.46871012 0.35695413
0.28209481 0.31903532 0.35525104 -0.10366086 -0.15135016 0.51868469 0.18479343 -0.16853088 -0.20831563
0.28209481 0.28209481 0.38827017 0.091658153 0.11833017 0.50125462 0.28209478 0.1628675 -0.16286752
0.28209481 0.15951766 0.4589119 -0.05183043 -0.037837539 0.33501744 0.51928568 -0.10885376 -0.052078906
0.28209481 0.35669234 0.25159019 0.21955723 0.35840231 0.41069248 -0.064522386 0.25279629 -0.18082504
0.28209481 0.41762266 0.25159019 0.032032967 0.061222427 0.48084715 -0.064522386 0.036882482 -0.39673889
0.28209481 0.17434417 0.38827017 -0.23996417 -0.19146223 0.3097924 0.28209478 -0.42639267 0.062209852
0.28209481 0.31903532 0.25159019 -0.27138767 -0.39623988 0.36733454 -0.064522386 -0.31247342 -0.064373069
0.28209481 0.15951766 0.25159019 -0.38728401 -0.28272724 0.18366727 -0.064522386 -0.44591549 0.28498286
0.28209481 -0.31903532 -0.35525104 0.10366086 -0.15135016 0.51868469 0.18479343 -0.16853088 -0.20831563
0.28209481 -0.19717467 -0.35525104 -0.27138767 0.24488971 0.32056478 0.18479343 0.44121957 0.079569489
0.28209481 -0.15951766 -0.4589119 0.05183043 -0.037837539 0.33501744 0.51928568 -0.10885376 -0.052078906
0.28209481 -0.28209481 -0.38827017 -0.091658153 0.11833017 0.50125462 0.28209478 0.1628675 -0.16286752
0.28209481 -0.098587334 -0.4589119 -0.13569383 0.061222427 0.20705216 0.51928568 0.28498286 0.019892372
0.28209481 -0.41762266 -0.25159019 -0.032032967 0.061222427 0.48084715 -0.064522386 0.036882482 -0.39673889
0.28209481 -0.35669234 -0.25159019 -0.21955723 0.35840231 0.41069248 -0.064522386 0.25279629 -0.18082504
0.28209481 -4.1081217e-17 -0.35525104 0.3354536 -6.306742e-17 6.6789468e-17 0.18479343 -0.54537737 0.25749227
0.28209481 -2.0540609e-17 -0.4589119 0.1677268 -1.5766855e-17 4.3139186e-17 0.51928568 -0.35225818 0.064373069
0.28209481 -0.17434417 -0.38827017 0.23996417 -0.19146223 0.3097924 0.28209478 -0.42639267 0.062209852
0.28209481 -0.15951766 -0.25159019 0.38728401 -0.28272724 0.18366727 -0.064522386 -0.44591549 0.28498286
0.28209481 -0.31903532 -0.25159019 0.27138767 -0.39623988 0.36733454 -0.064522386 -0.31247342 -0.064373069
0.28209481 0.31903532 -0.35525104 0.10366086 0.15135016 -0.51868469 0.18479343 -0.16853088 -0.20831563
0.28209481 0.15951766 -0.4589119 0.05183043 0.037837539 -0.33501744 0.51928568 -0.10885376 -0.052078906
0.28209481 0.17434417 -0.38827017 0.23996417 0.19146223 -0.3097924 0.28209478 -0.42639267 0.062209852
0.28209481 0.31903532 -0.25159019 0.27138767 0.39623988 -0.36733454 -0.064522386 -0.31247342 -0.064373069
0.28209481 0.15951766 -0.25159019 0.38728401 0.28272724 -0.18366727 -0.064522386 -0.44591549 0.28498286
0.28209481 0.19717467 -0.35525104 -0.27138767 -0.24488971 -0.32056478 0.18479343 0.44121957 0.079569489
0.28209481 0.098587334 -0.4589119 -0.13569383 -0.061222427 -0.20705216 0.51928568 0.28498286 0.019892372
0.28209481 0.28209481 -0.38827017 -0.091658153 -0.11833017 -0.50125462 0.28209478 0.1628675 -0.16286752
0.28209481 0.35669234 -0.25159019 -0.21955723 -0.35840231 -0.41069248 -0.064522386 0.25279629 -0.18082504
0.28209481 0.41762266 -0.25159019 -0.032032967 -0.061222427 -0.48084715 -0.064522386 0.036882482 -0.39673889
0.28209481 7.264899e-17 -0.38827017 -0.29661202 -9.8616062e-17 -1.290901e-16 0.28209478 0.52705032 0.20131531
0.28209481 -0.098587334 -0.25159019 -0.40708148 0.18366727 0.11351261 -0.064522386 0.46871012 0.35695413
0.28209481 0.098587334 -0.25159019 -0.40708148 -0.18366727 -0.11351261 -0.064522386 0.46871012 0.35695413
0.28209481 -0.19717467 -0.083863392 -0.43911445 0.39623985 0.075675078 -0.28751722 0.16853087 0.35225818
0.28209481 -0.098587334 0.083863392 -0.47114742 0.21257257 -0.037837539 -0.28751722 -0.18082502 0.48570025
0.28209481 -0.28209481 0.091658153 -0.38827017 0.50125462 -0.11833017 -0.28209481 -0.1628675 0.1628675
0.28209481 -0.35669234 -0.083863392 -0.32321808 0.52761692 0.13689749 -0.28751722 0.12405018 -0.052078906
0.28209481 -0.41762266 0.083863392 -0.23935468 0.45746228 -0.16028237 -0.28751722 -0.09186364 -0.26799273
0.28209481 -0.47855297 -0.083863392 0.05183043 -0.11351262 0.18366726 -0.28751722 -0.01989237 -0.51788682
0.28209481 -0.47855297 0.083863392 -0.05183043 0.11351262 -0.18366726 -0.28751722 -0.01989237 -0.51788682
0.28209481 -0.45643896 0.091658153 0.14830601 -0.3097924 -0.19146222 -0.28209481 0.062209848 -0.42639267
0.28209481 -0.41762266 -0.083863392 0.23935468 -0.45746228 0.16028237 -0.28751722 -0.09186364 -0.26799273
0.28209481 -0.35669234 0.083863392 0.32321808 -0.52761692 -0.13689749 -0.28751722 0.12405018 -0.052078906
0.28209481 -0.098587334 -0.083863392 0.47114742 -0.21257257 0.037837539 -0.28751722 -0.18082502 0.48570025
0.28209481 -0.19717467 0.083863392 0.43911445 -0.39623985 -0.075675078 -0.28751722 0.16853087 0.35225818
0.28209481 -5.8774266e-17 0.091658153 0.47992831 -1.290901e-16 -2.4654014e-17 -0.28209481 0.2013153 0.52705032
0.28209481 0.098587334 -0.083863392 0.47114742 0.21257257 -0.037837539 -0.28751722 -0.18082502 0.48570025
0.28209481 0.19717467 0.083863392 0.43911445 0.39623985 0.075675078 -0.28751722 0.16853087 0.35225818
0.28209481 0.41762266 -0.083863392 0.23935468 0.45746228 -0.16028237 -0.28751722 -0.09186364 -0.26799273
0.28209481 0.35669234 0.083863392 0.32321808 0.52761692 0.13689749 -0.28751722 0.12405018 -0.052078906
0.28209481 0.45643896 0.091658153 0.14830601 0.3097924 0.19146222 -0.28209481 0.062209848 -0.42639267
0.28209481 0.47855297 -0.083863392 0.05183043 0.11351262 -0.18366726 -0.28751722 -0.01989237 -0.51788682
0.28209481 0.47855297 0.083863392 -0.05183043 -0.11351262 0.18366726 -0.28751722 -0.01989237 -0.51788682
0.28209481 0.35669234 -0.083863392 -0.32321808 -0.52761692 -0.13689749 -0.28751722 0.12405018 -0.052078906
0.28209481 0.41762266 0.083863392 -0.23935468 -0.45746228 0.16028237 -0.28751722 -0.09186364 -0.26799273
0.28209481 0.28209481 0.091658153 -0.38827017 -0.50125462 0.11833017 -0.28209481 -0.1628675 0.1628675
0.28209481 0.19717467 -0.083863392 -0.43911445 -0.39623985 -0.075675078 -0.28751722 0.16853087 0.35225818
0.28209481 0.098587334 0.083863392 -0.47114742 -0.21257257 0.037837539 -0.28751722 -0.18082502 0.48570025
0.28209481 -0.45643896 -0.091658153 -0.14830601 0.3097924 0.19146222 -0.28209481 0.062209848 -0.42639267
0.28209481 -0.28209481 -0.091658153 0.38827017 -0.50125462 0.11833017 -0.28209481 -0.1628675 0.1628675
0.28209481 0.28209481 -0.091658153 0.38827017 0.50125462 -0.11833017 -0.28209481 -0.1628675 0.1628675
0.28209481 0.45643896 -0.091658153 -0.14830601 -0.3097924 -0.19146222 -0.28209481 0.062209848 -0.42639267
0.28209481 -8.5329189e-18 -0.091658153 -0.47992831 1.8741454e-17 3.579299e-18 -0.28209481 0.2013153 0.52705032
