0.28209481 0 0.48860252 0 0 0 0.63078314 0 0
0.28209481 0 0.21850967 -0.43701938 0 0 -0.12615664 -0.43701935 0.43701938
0.28209481 -0.41563013 0.21850967 -0.13504641 0.25687355 -0.4156301 -0.12615664 -0.13504641 -0.3535561
0.28209481 -0.25687355 0.21850967 0.3535561 -0.41563013 -0.25687355 -0.12615664 0.3535561 0.13504642
0.28209481 0.25687355 0.21850967 0.3535561 0.41563013 0.25687355 -0.12615664 0.3535561 0.13504642
0.28209481 0.41563013 0.21850967 -0.13504641 -0.25687355 0.4156301 -0.12615664 -0.13504641 -0.3535561
0.28209481 -0.25687355 -0.21850967 -0.3535561 0.41563013 0.25687355 -0.12615664 0.3535561 0.13504642
0.28209481 -0.41563013 -0.21850967 0.13504641 -0.25687355 0.4156301 -0.12615664 -0.13504641 -0.3535561
0.28209481 -5.3519439e-17 -0.21850967 0.43701938 -1.0703888e-16 5.3519436e-17 -0.12615664 -0.43701935 0.43701938
0.28209481 0.41563013 -0.21850967 0.13504641 0.25687355 -0.4156301 -0.12615664 -0.13504641 -0.3535561
0.28209481 0.25687355 -0.21850967 -0.3535561 -0.41563013 -0.25687355 -0.12615664 0.3535561 0.13504642
0.28209481 0 -0.48860252 0 0 0 0.63078314 0 0
0.28209481 0 0.26331124 -0.41158184 0 0 -0.040602986 -0.49596941 0.38762495
0.28209481 -0.39143759 0.26331124 -0.12718579 0.22784023 -0.47169495 -0.040602986 -0.15326297 -0.31359518
0.28209481 0 0.30968592 -0.37792465 0 0 0.0647128 -0.53561902 0.32682085
0.28209481 -0.35942772 0.30968592 -0.11678514 0.19210048 -0.50940394 0.0647128 -0.16551538 -0.26440364
0.28209481 0 0.35525104 -0.3354536 0 0 0.18479343 -0.54537737 0.25749227
0.28209481 -0.31903532 0.35525104 -0.10366086 0.15135016 -0.51868469 0.18479343 -0.16853088 -0.20831563
0.28209481 0 0.39705542 -0.28474447 0 0 0.30943888 -0.51741105 0.18552819
0.28209481 -0.27080807 0.39705542 -0.08799088 0.10905073 -0.49208719 0.30943888 -0.15988882 -0.15009545
0.28209481 0 0.43225178 -0.22779557 0 0 0.42512283 -0.45062095 0.11873804
0.28209481 -0.21664646 0.43225178 -0.070392706 0.069792464 -0.42856598 0.42512283 -0.13924953 -0.096061088
0.28209481 0 0.4589119 -0.1677268 0 0 0.51928568 -0.35225818 0.064373069
0.28209481 -0.15951766 0.4589119 -0.05183043 0.037837539 -0.33501744 0.51928568 -0.10885376 -0.052078906
0.28209481 0 0.47652185 -0.10797847 0 0 0.58457333 -0.23547743 0.026679253
0.28209481 -0.10269363 0.47652185 -0.033367183 0.015681671 -0.22395235 0.58457333 -0.072766528 -0.021583969
0.28209481 0 0.48588637 -0.051447731 0 0 0.62029272 -0.11440111 0.0060566398
0.28209481 -0.05178557 0.48059368 -0.071276724 0.016892184 -0.11389801 0.60001934 -0.15676716 0.0054886034
0.28209481 -0.048929699 0.48588637 -0.015898224 0.0035600036 -0.10880192 0.62029272 -0.035351887 -0.0048999246
0.28209481 -0.054161616 0.46744812 -0.13149597 0.032593675 -0.11586555 0.55062616 -0.2813035 0.032853708
0.28209481 -0.10832323 0.46744812 -0.092145242 0.045679763 -0.2317311 0.55062616 -0.19712225 -0.0074211275
0.28209481 -0.055754472 0.44496399 -0.19398688 0.049497284 -0.11353607 0.46931928 -0.39502677 0.078995012
0.28209481 -0.11263498 0.44945729 -0.15502875 0.079912513 -0.23168132 0.48524758 -0.31888199 0.02596515
0.28209481 -0.1672634 0.44496399 -0.1129709 0.086476244 -0.34060821 0.46931928 -0.23004921 -0.034814533
0.28209481 -0.05631749 0.41285998 -0.25516149 0.065763928 -0.10640827 0.3601709 -0.48211122 0.14172308
0.28209481 -0.11499333 0.42150444 -0.21873032 0.11510944 -0.22182174 0.38875693 -0.42193004 0.07921727
0.28209481 -0.17249 0.42150444 -0.17695653 0.13968824 -0.33273262 0.38875693 -0.34134856 0.0035715085
0.28209481 -0.22526996 0.41285998 -0.13241036 0.13650687 -0.42563307 0.3601709 -0.25018084 -0.076001316
0.28209481 -0.055754472 0.37250108 -0.31123433 0.079413891 -0.095046587 0.23454805 -0.530572 0.21454024
0.28209481 -0.11499333 0.38414085 -0.27918589 0.1469249 -0.2021587 0.26945361 -0.49080983 0.14809707
0.28209481 -0.17434417 0.38827017 -0.23996417 0.19146223 -0.3097924 0.28209478 -0.42639267 0.062209852
0.28209481 -0.22998665 0.38414085 -0.19563834 0.20591402 -0.40431741 0.26945361 -0.34393293 -0.03345276
0.28209481 -0.27877235 0.37250108 -0.14920235 0.19035077 -0.47523293 0.23454805 -0.25435042 -0.12688838
0.28209481 -0.054161616 0.32666272 -0.35929152 0.089056969 -0.080969319 0.10752925 -0.53712559 0.28867581
0.28209481 -0.11263498 0.33966532 -0.33267587 0.17148411 -0.17508696 0.14186756 -0.51713252 0.22421569
0.28209481 -0.17249 0.34677726 -0.29786769 0.23513463 -0.27374351 0.16121623 -0.47271925 0.1349422
0.28209481 -0.22998665 0.34677726 -0.25609392 0.26954496 -0.36499134 0.16121623 -0.40642381 0.029038133
0.28209481 -0.28158745 0.33966532 -0.20992473 0.27052423 -0.43771741 0.14186756 -0.32632032 -0.080598474
0.28209481 -0.32496971 0.32666272 -0.16253795 0.24172799 -0.48581591 0.10752925 -0.24298733 -0.18119727
0.28209481 -0.05178557 0.27867988 -0.39798015 0.094319068 -0.066045567 -0.0075897905 -0.50757045 0.35629189
0.28209481 -0.10832323 0.29146636 -0.37688971 0.186838 -0.14449053 0.021303544 -0.50272679 0.29818341
0.28209481 -0.1672634 0.30003816 -0.34746578 0.26597589 -0.22967131 0.041398671 -0.47710925 0.21224554
0.28209481 -0.22526996 0.30306801 -0.31005749 0.31965005 -0.31244433 0.048640911 -0.43004274 0.1038606
0.28209481 -0.27877235 0.30003816 -0.26644978 0.33993381 -0.38278553 0.041398671 -0.36586526 -0.015373542
0.28209481 -0.32496971 0.29146636 -0.21948685 0.32642293 -0.43347156 0.021303544 -0.29276976 -0.13141483
0.28209481 -0.362499 0.27867988 -0.17223364 0.28572884 -0.46231896 -0.0075897905 -0.21966095 -0.23280683
0.28209481 -0.048929699 0.23151478 -0.42748007 0.095723316 -0.051841859 -0.10296082 -0.45292249 0.4126707
0.28209481 -0.10269363 0.24295156 -0.41129184 0.19329602 -0.11418065 -0.081454359 -0.45729777 0.36294729
0.28209481 -0.15951766 0.25159019 -0.38728401 0.28272724 -0.18366727 -0.064522386 -0.44591549 0.28498286
0.28209481 -0.21664646 0.25626999 -0.35513717 0.35210893 -0.2540848 -0.055102758 -0.41650787 0.18119727
0.28209481 -0.27080807 0.25626999 -0.31578645 0.3913672 -0.317606 -0.055102758 -0.37035701 0.060372762
0.28209481 -0.31903532 0.25159019 -0.27138767 0.39623988 -0.36733454 -0.064522386 -0.31247342 -0.064373069
0.28209481 -0.35942772 0.24295156 -0.22476362 0.36971483 -0.39963225 -0.081454359 -0.24990502 -0.18001397
0.28209481 -0.39143759 0.23151478 -0.17863351 0.32000354 -0.41473487 -0.10296082 -0.18926528 -0.27759287
0.28209481 -0.24192174 0.26331124 0.3329767 -0.36865324 -0.29152349 -0.040602986 0.40124768 0.1197827
0.28209481 -0.22213854 0.30968592 0.30574748 -0.31082511 -0.31482896 0.0647128 0.4333249 0.1009932
0.28209481 -0.19717467 0.35525104 0.27138767 -0.24488971 -0.32056478 0.18479343 0.44121957 0.079569489
0.28209481 -0.16736859 0.39705542 0.23036312 -0.17644779 -0.30412659 0.30943888 0.41859436 0.057331361
0.28209481 -0.13389488 0.43225178 0.18429048 -0.11292659 -0.26486835 0.42512283 0.36456001 0.036692072
0.28209481 -0.098587334 0.4589119 0.13569383 -0.061222427 -0.20705216 0.51928568 0.28498286 0.019892372
0.28209481 -0.063468151 0.47652185 0.087356418 -0.025373477 -0.13841017 0.58457333 0.19050525 0.0082443431
0.28209481 -0.083790816 0.48059368 0.027225286 -0.010439944 -0.18429086 0.60001934 0.059879728 -0.01436935
0.28209481 -0.030240217 0.48588637 0.041622087 -0.0057602068 -0.067243285 0.62029272 0.092552438 0.0018716047
0.28209481 -0.14179695 0.46744812 0.010876271 -0.0070579117 -0.30333996 0.55062616 0.023267126 -0.045737293
0.28209481 -0.12110905 0.46744812 0.074547067 -0.041317735 -0.25908324 0.55062616 0.15947525 -0.020846073
0.28209481 -0.20172156 0.44496399 -0.0069195912 0.0063879588 -0.41077736 0.46931928 -0.014090766 -0.093002081
0.28209481 -0.18224722 0.44945729 0.05921571 -0.049388651 -0.37486824 0.48524758 0.12180208 -0.067977645
0.28209481 -0.15912895 0.44496399 0.12416703 -0.090424217 -0.32404351 0.46931928 0.25284854 -0.022663914
0.28209481 -0.26007608 0.41285998 -0.025288127 0.030098606 -0.49139699 0.3601709 -0.047780287 -0.15331145
0.28209481 -0.24355978 0.42150444 0.041773774 -0.046562746 -0.46982598 0.38875693 0.080581464 -0.13174775
0.28209481 -0.22159801 0.42150444 0.10936516 -0.11091088 -0.4274618 0.38875693 0.21096502 -0.084996097
0.28209481 -0.19554198 0.41285998 0.1733274 -0.15510884 -0.36946398 0.3601709 0.32749096 -0.01875037
0.28209481 -0.31323051 0.37250108 -0.043151043 0.0618564 -0.53397495 0.23454805 -0.073561087 -0.22024502
0.28209481 -0.30105644 0.38414085 0.023091974 -0.031815466 -0.52925837 0.26945361 0.040595777 -0.20617335
0.28209481 -0.28209481 0.38827017 0.091658153 -0.11833017 -0.50125462 0.28209478 0.1628675 -0.16286752
0.28209481 -0.25713289 0.38414085 0.15827474 -0.18625098 -0.45204061 0.26945361 0.27824759 -0.093969375
0.28209481 -0.22804525 0.37250108 0.2190222 -0.22858013 -0.38875669 0.23454805 0.37337476 -0.0092305187
0.28209481 -0.35844341 0.32666272 -0.059516434 0.097630791 -0.53585768 0.10752925 -0.088974543 -0.28589001
0.28209481 -0.35119969 0.33966532 0.0043197279 -0.0069428827 -0.54592711 0.14186756 0.0067148595 -0.28219014
0.28209481 -0.33659133 0.34677726 0.072001554 -0.11091088 -0.53417414 0.16121623 0.11426725 -0.2473792
0.28209481 -0.31462955 0.34677726 0.13959295 -0.20099826 -0.49932054 0.16121623 0.22153552 -0.18192689
0.28209481 -0.28666559 0.33966532 0.20293526 -0.2662333 -0.44561118 0.14186756 0.31545547 -0.09380462
0.28209481 -0.25500393 0.32666272 0.25883755 -0.30206713 -0.38122007 0.10752925 0.38695118 0.0045075249
0.28209481 -0.39450425 0.27867988 -0.073731624 0.13311739 -0.50313735 -0.0075897905 -0.094034821 -0.34368554
0.28209481 -0.39191714 0.29146636 -0.01344381 0.024112705 -0.5227716 0.021303544 -0.017932469 -0.35105607
0.28209481 -0.38214684 0.30003816 0.051704127 -0.090424217 -0.52473021 0.041398671 0.070995532 -0.32804695
0.28209481 -0.36449444 0.30306801 0.11843142 -0.1975546 -0.50554556 0.048640911 0.16426171 -0.27191058
0.28209481 -0.33955419 0.30003816 0.18279074 -0.28404859 -0.4662458 0.041398671 0.25099209 -0.18737063
0.28209481 -0.30916554 0.29146636 0.24123938 -0.3413254 -0.41239068 0.021303544 0.32178512 -0.085549749
0.28209481 -0.27582228 0.27867988 0.29153392 -0.36799991 -0.35177439 -0.0075897905 0.37181249 0.020397486
0.28209481 -0.4216778 0.23151478 -0.085563697 0.16511996 -0.4467749 -0.10296082 -0.090656206 -0.39012235
0.28209481 -0.42289585 0.24295156 -0.029428722 0.0569553 -0.47019976 -0.081454359 -0.032720532 -0.40724707
0.28209481 -0.41762266 0.25159019 0.032032967 -0.061222427 -0.48084715 -0.064522386 0.036882482 -0.39673889
0.28209481 -0.40470296 0.25626999 0.096299611 -0.17835702 -0.47463906 -0.055102758 0.112941 -0.3535561
0.28209481 -0.38401505 0.25626999 0.1599704 -0.28113648 -0.45037609 -0.055102758 0.18761465 -0.27888244
0.28209481 -0.35669234 0.25159019 0.21955723 -0.35840231 -0.41069248 -0.064522386 0.25279629 -0.18082504
0.28209481 -0.32483217 0.24295156 0.27238029 -0.40491512 -0.36116695 -0.081454359 0.30284795 -0.071678557
0.28209481 -0.29085144 0.23151478 0.31707847 -0.42205331 -0.30816209 -0.10296082 0.33595011 0.036483981
0.28209481 0.24192174 0.26331124 0.3329767 0.36865324 0.29152349 -0.040602986 0.40124768 0.1197827
0.28209481 0.22213854 0.30968592 0.30574748 0.31082511 0.31482896 0.0647128 0.4333249 0.1009932
0.28209481 0.19717467 0.35525104 0.27138767 0.24488971 0.32056478 0.18479343 0.44121957 0.079569489
0.28209481 0.16736859 0.39705542 0.23036312 0.17644779 0.30412659 0.30943888 0.41859436 0.057331361
0.28209481 0.13389488 0.43225178 0.18429048 0.11292659 0.26486835 0.42512283 0.36456001 0.036692072
0.28209481 0.098587334 0.4589119 0.13569383 0.061222427 0.20705216 0.51928568 0.28498286 0.019892372
0.28209481 0.063468151 0.47652185 0.087356418 0.025373477 0.13841017 0.58457333 0.19050525 0.0082443431
0.28209481 -1.0789491e-17 0.48059368 0.088102877 -4.3503112e-18 -2.3730578e-17 0.60001934 0.19377488 0.017761493
0.28209481 0.030240217 0.48588637 0.041622087 0.0057602068 0.067243285 0.62029272 0.092552438 0.0018716047
0.28209481 -0.033473719 0.46744812 0.13821787 -0.021173734 -0.071608849 0.55062616 0.29568338 0.041150782
0.28209481 0.033473719 0.46744812 0.13821787 0.021173734 0.071608849 0.55062616 0.29568338 0.041150782
0.28209481 -0.068916313 0.44496399 0.18971033 -0.059833217 -0.1403383 0.46931928 0.38631821 0.071485512
0.28209481 -2.3467425e-17 0.44945729 0.19162607 -2.0580187e-17 -4.8270654e-17 0.48524758 0.39415979 0.084024996
0.28209481 0.068916313 0.44496399 0.18971033 0.059833217 0.1403383 0.46931928 0.38631821 0.071485512
0.28209481 -0.10441837 0.41285998 0.23953259 -0.11446449 -0.19729178 0.3601709 0.45258138 0.10634005
0.28209481 -0.035534892 0.42150444 0.24454792 -0.039769333 -0.06854669 0.38875693 0.47173211 0.13395506
0.28209481 0.035534892 0.42150444 0.24454792 0.039769333 0.06854669 0.38875693 0.47173211 0.13395506
0.28209481 0.10441837 0.41285998 0.23953259 0.11446449 0.19729178 0.3601709 0.45258138 0.10634005
0.28209481 -0.13783263 0.37250108 0.28456551 -0.17949966 -0.23496808 0.23454805 0.48510873 0.14182368
0.28209481 -0.071069784 0.38414085 0.29345751 -0.095446393 -0.12494095 0.26945361 0.51589942 0.1854984
0.28209481 -3.6324495e-17 0.38827017 0.29661202 -4.9308031e-17 -6.4545049e-17 0.28209478 0.52705032 0.20131531
0.28209481 0.071069784 0.38414085 0.29345751 0.095446393 0.12494095 0.26945361 0.51589942 0.1854984
0.28209481 0.13783263 0.37250108 0.28456551 0.17949966 0.23496808 0.23454805 0.48510873 0.14182368
0.28209481 -0.16736859 0.32666272 0.32250836 -0.24702691 -0.25020894 0.10752925 0.48213631 0.17390394
0.28209481 -0.10441837 0.33966532 0.33534563 -0.16025029 -0.16231453 0.14186756 0.52128249 0.23237754
0.28209481 -0.035534892 0.34677726 0.34236708 -0.055677064 -0.05639426 0.16121623 0.54334033 0.26532575
0.28209481 0.035534892 0.34677726 0.34236708 0.055677064 0.05639426 0.16121623 0.54334033 0.26532575
0.28209481 0.10441837 0.33966532 0.33534563 0.16025029 0.16231453 0.14186756 0.52128249 0.23237754
0.28209481 0.16736859 0.32666272 0.32250836 0.24702691 0.25020894 0.10752925 0.48213631 0.17390394
0.28209481 -0.19203146 0.27867988 0.35241151 -0.30970752 -0.24491043 -0.0075897905 0.44945371 0.19980301
0.28209481 -0.13389488 0.29146636 0.36858097 -0.22585317 -0.1786001 0.021303544 0.49164391 0.26983723
0.28209481 -0.068916313 0.30003816 0.37942067 -0.11966643 -0.094629787 0.041398671 0.52098691 0.31854558
0.28209481 -4.693485e-17 0.30306801 0.38325214 -8.232075e-17 -6.5097579e-17 0.048640911 0.53156209 0.33609998
0.28209481 0.068916313 0.30003816 0.37942067 0.11966643 0.094629787 0.041398671 0.52098691 0.31854558
0.28209481 0.13389488 0.29146636 0.36858097 0.22585317 0.1786001 0.021303544 0.49164391 0.26983723
0.28209481 0.19203146 0.27867988 0.35241151 0.30970752 0.24491043 -0.0075897905 0.44945371 0.19980301
0.28209481 -0.21168151 0.23151478 0.3745988 -0.36289304 -0.22428022 -0.10296082 0.39689389 0.21856055
0.28209481 -0.15867038 0.24295156 0.3931039 -0.28545162 -0.1764188 -0.081454359 0.43707535 0.29599231
0.28209481 -0.098587334 0.25159019 0.40708148 -0.18366727 -0.11351261 -0.064522386 0.46871012 0.35695413
0.28209481 -0.033473719 0.25626999 0.4146536 -0.063521206 -0.03925826 -0.055102758 0.48630926 0.39086851
0.28209481 0.033473719 0.25626999 0.4146536 0.063521206 0.03925826 -0.055102758 0.48630926 0.39086851
0.28209481 0.098587334 0.25159019 0.40708148 0.18366727 0.11351261 -0.064522386 0.46871012 0.35695413
0.28209481 0.15867038 0.24295156 0.3931039 0.28545162 0.1764188 -0.081454359 0.43707535 0.29599231
0.28209481 0.21168151 0.23151478 0.3745988 0.36289304 0.22428022 -0.10296082 0.39689389 0.21856055
0.28209481 0.39143759 0.26331124 -0.12718579 -0.22784023 0.47169495 -0.040602986 -0.15326297 -0.31359518
0.28209481 0.35942772 0.30968592 -0.11678514 -0.19210048 0.50940394 0.0647128 -0.16551538 -0.26440364
0.28209481 0.31903532 0.35525104 -0.10366086 -0.15135016 0.51868469 0.18479343 -0.16853088 -0.20831563
0.28209481 0.27080807 0.39705542 -0.08799088 -0.10905073 0.49208719 0.30943888 -0.15988882 -0.15009545
0.28209481 0.21664646 0.43225178 -0.070392706 -0.069792464 0.42856598 0.42512283 -0.13924953 -0.096061088
0.28209481 0.15951766 0.4589119 -0.05183043 -0.037837539 0.33501744 0.51928568 -0.10885376 -0.052078906
0.28209481 0.10269363 0.47652185 -0.033367183 -0.015681671 0.22395235 0.58457333 -0.072766528 -0.021583969
0.28209481 0.083790816 0.48059368 0.027225286 0.010439944 0.18429086 0.60001934 0.059879728 -0.01436935
0.28209481 0.048929699 0.48588637 -0.015898224 -0.0035600036 0.10880192 0.62029272 -0.035351887 -0.0048999246
0.28209481 0.12110905 0.46744812 0.074547067 0.041317735 0.25908324 0.55062616 0.15947525 -0.020846073
0.28209481 0.14179695 0.46744812 0.010876271 0.0070579117 0.30333996 0.55062616 0.023267126 -0.045737293
0.28209481 0.15912895 0.44496399 0.12416703 0.090424217 0.32404351 0.46931928 0.25284854 -0.022663914
0.28209481 0.18224722 0.44945729 0.05921571 0.049388651 0.37486824 0.48524758 0.12180208 -0.067977645
0.28209481 0.20172156 0.44496399 -0.0069195912 -0.0063879588 0.41077736 0.46931928 -0.014090766 -0.093002081
0.28209481 0.19554198 0.41285998 0.1733274 0.15510884 0.36946398 0.3601709 0.32749096 -0.01875037
0.28209481 0.22159801 0.42150444 0.10936516 0.11091088 0.4274618 0.38875693 0.21096502 -0.084996097
0.28209481 0.24355978 0.42150444 0.041773774 0.046562746 0.46982598 0.38875693 0.080581464 -0.13174775
0.28209481 0.26007608 0.41285998 -0.025288127 -0.030098606 0.49139699 0.3601709 -0.047780287 -0.15331145
0.28209481 0.22804525 0.37250108 0.2190222 0.22858013 0.38875669 0.23454805 0.37337476 -0.0092305187
0.28209481 0.25713289 0.38414085 0.15827474 0.18625098 0.45204061 0.26945361 0.27824759 -0.093969375
0.28209481 0.28209481 0.38827017 0.091658153 0.11833017 0.50125462 0.28209478 0.1628675 -0.16286752
0.28209481 0.30105644 0.38414085 0.023091974 0.031815466 0.52925837 0.26945361 0.040595777 -0.20617335
0.28209481 0.31323051 0.37250108 -0.043151043 -0.0618564 0.53397495 0.23454805 -0.073561087 -0.22024502
0.28209481 0.25500393 0.32666272 0.25883755 0.30206713 0.38122007 0.10752925 0.38695118 0.0045075249
0.28209481 0.28666559 0.33966532 0.20293526 0.2662333 0.44561118 0.14186756 0.31545547 -0.09380462
0.28209481 0.31462955 0.34677726 0.13959295 0.20099826 0.49932054 0.16121623 0.22153552 -0.18192689
0.28209481 0.33659133 0.34677726 0.072001554 0.11091088 0.53417414 0.16121623 0.11426725 -0.2473792
0.28209481 0.35119969 0.33966532 0.0043197279 0.0069428827 0.54592711 0.14186756 0.0067148595 -0.28219014
0.28209481 0.35844341 0.32666272 -0.059516434 -0.097630791 0.53585768 0.10752925 -0.088974543 -0.28589001
0.28209481 0.27582228 0.27867988 0.29153392 0.36799991 0.35177439 -0.0075897905 0.37181249 0.020397486
0.28209481 0.30916554 0.29146636 0.24123938 0.3413254 0.41239068 0.021303544 0.32178512 -0.085549749
0.28209481 0.33955419 0.30003816 0.18279074 0.28404859 0.4662458 0.041398671 0.25099209 -0.18737063
0.28209481 0.36449444 0.30306801 0.11843142 0.1975546 0.50554556 0.048640911 0.16426171 -0.27191058
0.28209481 0.38214684 0.30003816 0.051704127 0.090424217 0.52473021 0.041398671 0.070995532 -0.32804695
0.28209481 0.39191714 0.29146636 -0.01344381 -0.024112705 0.5227716 0.021303544 -0.017932469 -0.35105607
0.28209481 0.39450425 0.27867988 -0.073731624 -0.13311739 0.50313735 -0.0075897905 -0.094034821 -0.34368554
0.28209481 0.29085144 0.23151478 0.31707847 0.42205331 0.30816209 -0.10296082 0.33595011 0.036483981
0.28209481 0.32483217 0.24295156 0.27238029 0.40491512 0.36116695 -0.081454359 0.30284795 -0.071678557
0.28209481 0.35669234 0.25159019 0.21955723 0.35840231 0.41069248 -0.064522386 0.25279629 -0.18082504
0.28209481 0.38401505 0.25626999 0.1599704 0.28113648 0.45037609 -0.055102758 0.18761465 -0.27888244
0.28209481 0.40470296 0.25626999 0.096299611 0.17835702 0.47463906 -0.055102758 0.112941 -0.3535561
0.28209481 0.41762266 0.25159019 0.032032967 0.061222427 0.48084715 -0.064522386 0.036882482 -0.39673889
0.28209481 0.42289585 0.24295156 -0.029428722 -0.0569553 0.47019976 -0.081454359 -0.032720532 -0.40724707
0.28209481 0.4216778 0.23151478 -0.085563697 -0.16511996 0.4467749 -0.10296082 -0.090656206 -0.39012235
0.28209481 0.05178557 0.48059368 -0.071276724 -0.016892184 0.11389801 0.60001934 -0.15676716 0.0054886034
0.28209481 0.10832323 0.46744812 -0.092145242 -0.045679763 0.2317311 0.55062616 -0.19712225 -0.0074211275
0.28209481 0.054161616 0.46744812 -0.13149597 -0.032593675 0.11586555 0.55062616 -0.2813035 0.032853708
0.28209481 0.1672634 0.44496399 -0.1129709 -0.086476244 0.34060821 0.46931928 -0.23004921 -0.034814533
0.28209481 0.11263498 0.44945729 -0.15502875 -0.079912513 0.23168132 0.48524758 -0.31888199 0.02596515
0.28209481 0.055754472 0.44496399 -0.19398688 -0.049497284 0.11353607 0.46931928 -0.39502677 0.078995012
0.28209481 0.22526996 0.41285998 -0.13241036 -0.13650687 0.42563307 0.3601709 -0.25018084 -0.076001316
0.28209481 0.17249 0.42150444 -0.17695653 -0.13968824 0.33273262 0.38875693 -0.34134856 0.0035715085
0.28209481 0.11499333 0.42150444 -0.21873032 -0.11510944 0.22182174 0.38875693 -0.42193004 0.07921727
0.28209481 0.05631749 0.41285998 -0.25516149 -0.065763928 0.10640827 0.3601709 -0.48211122 0.14172308
0.28209481 0.27877235 0.37250108 -0.14920235 -0.19035077 0.47523293 0.23454805 -0.25435042 -0.12688838
0.28209481 0.22998665 0.38414085 -0.19563834 -0.20591402 0.40431741 0.26945361 -0.34393293 -0.03345276
0.28209481 0.17434417 0.38827017 -0.23996417 -0.19146223 0.3097924 0.28209478 -0.42639267 0.062209852
0.28209481 0.11499333 0.38414085 -0.27918589 -0.1469249 0.2021587 0.26945361 -0.49080983 0.14809707
0.28209481 0.055754472 0.37250108 -0.31123433 -0.079413891 0.095046587 0.23454805 -0.530572 0.21454024
0.28209481 0.32496971 0.32666272 -0.16253795 -0.24172799 0.48581591 0.10752925 -0.24298733 -0.18119727
0.28209481 0.28158745 0.33966532 -0.20992473 -0.27052423 0.43771741 0.14186756 -0.32632032 -0.080598474
0.28209481 0.22998665 0.34677726 -0.25609392 -0.26954496 0.36499134 0.16121623 -0.40642381 0.029038133
0.28209481 0.17249 0.34677726 -0.29786769 -0.23513463 0.27374351 0.16121623 -0.47271925 0.1349422
0.28209481 0.11263498 0.33966532 -0.33267587 -0.17148411 0.17508696 0.14186756 -0.51713252 0.22421569
0.28209481 0.054161616 0.32666272 -0.35929152 -0.089056969 0.080969319 0.10752925 -0.53712559 0.28867581
0.28209481 0.362499 0.27867988 -0.17223364 -0.28572884 0.46231896 -0.0075897905 -0.21966095 -0.23280683
0.28209481 0.32496971 0.29146636 -0.21948685 -0.32642293 0.43347156 0.021303544 -0.29276976 -0.13141483
0.28209481 0.27877235 0.30003816 -0.26644978 -0.33993381 0.38278553 0.041398671 -0.36586526 -0.015373542
0.28209481 0.22526996 0.30306801 -0.31005749 -0.31965005 0.31244433 0.048640911 -0.43004274 0.1038606
0.28209481 0.1672634 0.30003816 -0.34746578 -0.26597589 0.22967131 0.041398671 -0.47710925 0.21224554
0.28209481 0.10832323 0.29146636 -0.37688971 -0.186838 0.14449053 0.021303544 -0.50272679 0.29818341
0.28209481 0.05178557 0.27867988 -0.39798015 -0.094319068 0.066045567 -0.0075897905 -0.50757045 0.35629189
0.28209481 0.39143759 0.23151478 -0.17863351 -0.32000354 0.41473487 -0.10296082 -0.18926528 -0.27759287
0.28209481 0.35942772 0.24295156 -0.22476362 -0.36971483 0.39963225 -0.081454359 -0.24990502 -0.18001397
0.28209481 0.31903532 0.25159019 -0.27138767 -0.39623988 0.36733454 -0.064522386 -0.31247342 -0.064373069
0.28209481 0.27080807 0.25626999 -0.31578645 -0.3913672 0.317606 -0.055102758 -0.37035701 0.060372762
0.28209481 0.21664646 0.25626999 -0.35513717 -0.35210893 0.2540848 -0.055102758 -0.41650787 0.18119727
0.28209481 0.15951766 0.25159019 -0.38728401 -0.28272724 0.18366727 -0.064522386 -0.44591549 0.28498286
0.28209481 0.10269363 0.24295156 -0.41129184 -0.19329602 0.11418065 -0.081454359 -0.45729777 0.36294729
0.28209481 0.048929699 0.23151478 -0.42748007 -0.095723316 0.051841859 -0.10296082 -0.45292249 0.4126707
0.28209481 -0.39143759 -0.26331124 0.12718579 -0.22784023 0.47169495 -0.040602986 -0.15326297 -0.31359518
0.28209481 -0.24192174 -0.26331124 -0.3329767 0.36865324 0.29152349 -0.040602986 0.40124768 0.1197827
0.28209481 -0.35942772 -0.30968592 0.11678514 -0.19210048 0.50940394 0.0647128 -0.16551538 -0.26440364
0.28209481 -0.22213854 -0.30968592 -0.30574748 0.31082511 0.31482896 0.0647128 0.4333249 0.1009932
0.28209481 -0.31903532 -0.35525104 0.10366086 -0.15135016 0.51868469 0.18479343 -0.16853088 -0.20831563
0.28209481 -0.19717467 -0.35525104 -0.27138767 0.24488971 0.32056478 0.18479343 0.44121957 0.079569489
0.28209481 -0.27080807 -0.39705542 0.08799088 -0.10905073 0.49208719 0.30943888 -0.15988882 -0.15009545
0.28209481 -0.16736859 -0.39705542 -0.23036312 0.17644779 0.30412659 0.30943888 0.41859436 0.057331361
0.28209481 -0.21664646 -0.43225178 0.070392706 -0.069792464 0.42856598 0.42512283 -0.13924953 -0.096061088
0.28209481 -0.13389488 -0.43225178 -0.18429048 0.11292659 0.26486835 0.42512283 0.36456001 0.036692072
0.28209481 -0.15951766 -0.4589119 0.05183043 -0.037837539 0.33501744 0.51928568 -0.10885376 -0.052078906
0.28209481 -0.098587334 -0.4589119 -0.13569383 0.061222427 0.20705216 0.51928568 0.28498286 0.019892372
0.28209481 -0.10269363 -0.47652185 0.033367183 -0.015681671 0.22395235 0.58457333 -0.072766528 -0.021583969
0.28209481 -0.063468151 -0.47652185 -0.087356418 0.025373477 0.13841017 0.58457333 0.19050525 0.0082443431
0.28209481 -0.048929699 -0.48588637 0.015898224 -0.0035600036 0.10880192 0.62029272 -0.035351887 -0.0048999246
0.28209481 -0.083790816 -0.48059368 -0.027225286 0.010439944 0.18429086 0.60001934 0.059879728 -0.01436935
0.28209481 -0.030240217 -0.48588637 -0.041622087 0.0057602068 0.067243285 0.62029272 0.092552438 0.0018716047
0.28209481 -0.14179695 -0.46744812 -0.010876271 0.0070579117 0.30333996 0.55062616 0.023267126 -0.045737293
0.28209481 -0.12110905 -0.46744812 -0.074547067 0.041317735 0.25908324 0.55062616 0.15947525 -0.020846073
0.28209481 -0.20172156 -0.44496399 0.0069195912 -0.0063879588 0.41077736 0.46931928 -0.014090766 -0.093002081
0.28209481 -0.18224722 -0.44945729 -0.05921571 0.049388651 0.37486824 0.48524758 0.12180208 -0.067977645
0.28209481 -0.15912895 -0.44496399 -0.12416703 0.090424217 0.32404351 0.46931928 0.25284854 -0.022663914
0.28209481 -0.26007608 -0.41285998 0.025288127 -0.030098606 0.49139699 0.3601709 -0.047780287 -0.15331145
0.28209481 -0.24355978 -0.42150444 -0.041773774 0.046562746 0.46982598 0.38875693 0.080581464 -0.13174775
0.28209481 -0.22159801 -0.42150444 -0.10936516 0.11091088 0.4274618 0.38875693 0.21096502 -0.084996097
0.28209481 -0.19554198 -0.41285998 -0.1733274 0.15510884 0.36946398 0.3601709 0.32749096 -0.01875037
0.28209481 -0.31323051 -0.37250108 0.043151043 -0.0618564 0.53397495 0.23454805 -0.073561087 -0.22024502
0.28209481 -0.30105644 -0.38414085 -0.023091974 0.031815466 0.52925837 0.26945361 0.040595777 -0.20617335
0.28209481 -0.28209481 -0.38827017 -0.091658153 0.11833017 0.50125462 0.28209478 0.1628675 -0.16286752
0.28209481 -0.25713289 -0.38414085 -0.15827474 0.18625098 0.45204061 0.26945361 0.27824759 -0.093969375
0.28209481 -0.22804525 -0.37250108 -0.2190222 0.22858013 0.38875669 0.23454805 0.37337476 -0.0092305187
0.28209481 -0.35844341 -0.32666272 0.059516434 -0.097630791 0.53585768 0.10752925 -0.088974543 -0.28589001
0.28209481 -0.35119969 -0.33966532 -0.0043197279 0.0069428827 0.54592711 0.14186756 0.0067148595 -0.28219014
0.28209481 -0.33659133 -0.34677726 -0.072001554 0.11091088 0.53417414 0.16121623 0.11426725 -0.2473792
0.28209481 -0.31462955 -0.34677726 -0.13959295 0.20099826 0.49932054 0.16121623 0.22153552 -0.18192689
0.28209481 -0.28666559 -0.33966532 -0.20293526 0.2662333 0.44561118 0.14186756 0.31545547 -0.09380462
0.28209481 -0.25500393 -0.32666272 -0.25883755 0.30206713 0.38122007 0.10752925 0.38695118 0.0045075249
0.28209481 -0.39450425 -0.27867988 0.073731624 -0.13311739 0.50313735 -0.0075897905 -0.094034821 -0.34368554
0.28209481 -0.39191714 -0.29146636 0.01344381 -0.024112705 0.5227716 0.021303544 -0.017932469 -0.35105607
0.28209481 -0.38214684 -0.30003816 -0.051704127 0.090424217 0.52473021 0.041398671 0.070995532 -0.32804695
0.28209481 -0.36449444 -0.30306801 -0.11843142 0.1975546 0.50554556 0.048640911 0.16426171 -0.27191058
0.28209481 -0.33955419 -0.30003816 -0.18279074 0.28404859 0.4662458 0.041398671 0.25099209 -0.18737063
0.28209481 -0.30916554 -0.29146636 -0.24123938 0.3413254 0.41239068 0.021303544 0.32178512 -0.085549749
0.28209481 -0.27582228 -0.27867988 -0.29153392 0.36799991 0.35177439 -0.0075897905 0.37181249 0.020397486
0.28209481 -0.4216778 -0.23151478 0.085563697 -0.16511996 0.4467749 -0.10296082 -0.090656206 -0.39012235
0.28209481 -0.42289585 -0.24295156 0.029428722 -0.0569553 0.47019976 -0.081454359 -0.032720532 -0.40724707
0.28209481 -0.41762266 -0.25159019 -0.032032967 0.061222427 0.48084715 -0.064522386 0.036882482 -0.39673889
0.28209481 -0.40470296 -0.25626999 -0.096299611 0.17835702 0.47463906 -0.055102758 0.112941 -0.3535561
0.28209481 -0.38401505 -0.25626999 -0.1599704 0.28113648 0.45037609 -0.055102758 0.18761465 -0.27888244
0.28209481 -0.35669234 -0.25159019 -0.21955723 0.35840231 0.41069248 -0.064522386 0.25279629 -0.18082504
0.28209481 -0.32483217 -0.24295156 -0.27238029 0.40491512 0.36116695 -0.081454359 0.30284795 -0.071678557
0.28209481 -0.29085144 -0.23151478 -0.31707847 0.42205331 0.30816209 -0.10296082 0.33595011 0.036483981
0.28209481 -5.0404237e-17 -0.26331124 0.41158184 -9.4940733e-17 6.0738734e-17 -0.040602986 -0.49596941 0.38762495
0.28209481 -4.6282423e-17 -0.30968592 0.37792465 -8.0048021e-17 6.559441e-17 0.0647128 -0.53561902 0.32682085
0.28209481 -4.1081217e-17 -0.35525104 0.3354536 -6.306742e-17 6.6789468e-17 0.18479343 -0.54537737 0.25749227
0.28209481 -3.4871139e-17 -0.39705542 0.28474447 -4.5441299e-17 6.3364583e-17 0.30943888 -0.51741105 0.18552819
0.28209481 -2.7896911e-17 -0.43225178 0.22779557 -2.9082433e-17 5.5185149e-17 0.42512283 -0.45062095 0.11873804
0.28209481 -2.0540609e-17 -0.4589119 0.1677268 -1.5766855e-17 4.3139186e-17 0.51928568 -0.35225818 0.064373069
0.28209481 -1.3223549e-17 -0.47652185 0.10797847 -6.5345325e-18 2.883767e-17 0.58457333 -0.23547743 0.026679253
0.28209481 -6.3005297e-18 -0.48588637 0.051447731 -1.483449e-18 1.4010095e-17 0.62029272 -0.11440111 0.0060566398
0.28209481 -0.05178557 -0.48059368 0.071276724 -0.016892184 0.11389801 0.60001934 -0.15676716 0.0054886034
0.28209481 -0.054161616 -0.46744812 0.13149597 -0.032593675 0.11586555 0.55062616 -0.2813035 0.032853708
0.28209481 -0.10832323 -0.46744812 0.092145242 -0.045679763 0.2317311 0.55062616 -0.19712225 -0.0074211275
0.28209481 -0.055754472 -0.44496399 0.19398688 -0.049497284 0.11353607 0.46931928 -0.39502677 0.078995012
0.28209481 -0.11263498 -0.44945729 0.15502875 -0.079912513 0.23168132 0.48524758 -0.31888199 0.02596515
0.28209481 -0.1672634 -0.44496399 0.1129709 -0.086476244 0.34060821 0.46931928 -0.23004921 -0.034814533
0.28209481 -0.05631749 -0.41285998 0.25516149 -0.065763928 0.10640827 0.3601709 -0.48211122 0.14172308
0.28209481 -0.11499333 -0.42150444 0.21873032 -0.11510944 0.22182174 0.38875693 -0.42193004 0.07921727
0.28209481 -0.17249 -0.42150444 0.17695653 -0.13968824 0.33273262 0.38875693 -0.34134856 0.0035715085
0.28209481 -0.22526996 -0.41285998 0.13241036 -0.13650687 0.42563307 0.3601709 -0.25018084 -0.076001316
0.28209481 -0.055754472 -0.37250108 0.31123433 -0.079413891 0.095046587 0.23454805 -0.530572 0.21454024
0.28209481 -0.11499333 -0.38414085 0.27918589 -0.1469249 0.2021587 0.26945361 -0.49080983 0.14809707
0.28209481 -0.17434417 -0.38827017 0.23996417 -0.19146223 0.3097924 0.28209478 -0.42639267 0.062209852
0.28209481 -0.22998665 -0.38414085 0.19563834 -0.20591402 0.40431741 0.26945361 -0.34393293 -0.03345276
0.28209481 -0.27877235 -0.37250108 0.14920235 -0.19035077 0.47523293 0.23454805 -0.25435042 -0.12688838
0.28209481 -0.054161616 -0.32666272 0.35929152 -0.089056969 0.080969319 0.10752925 -0.53712559 0.28867581
0.28209481 -0.11263498 -0.33966532 0.33267587 -0.17148411 0.17508696 0.14186756 -0.51713252 0.22421569
0.28209481 -0.17249 -0.34677726 0.29786769 -0.23513463 0.27374351 0.16121623 -0.47271925 0.1349422
0.28209481 -0.22998665 -0.34677726 0.25609392 -0.26954496 0.36499134 0.16121623 -0.40642381 0.029038133
0.28209481 -0.28158745 -0.33966532 0.20992473 -0.27052423 0.43771741 0.14186756 -0.32632032 -0.080598474
0.28209481 -0.32496971 -0.32666272 0.16253795 -0.24172799 0.48581591 0.10752925 -0.24298733 -0.18119727
0.28209481 -0.05178557 -0.27867988 0.39798015 -0.094319068 0.066045567 -0.0075897905 -0.50757045 0.35629189
0.28209481 -0.10832323 -0.29146636 0.37688971 -0.186838 0.14449053 0.021303544 -0.50272679 0.29818341
0.28209481 -0.1672634 -0.30003816 0.34746578 -0.26597589 0.22967131 0.041398671 -0.47710925 0.21224554
0.28209481 -0.22526996 -0.30306801 0.31005749 -0.31965005 0.31244433 0.048640911 -0.43004274 0.1038606
0.28209481 -0.27877235 -0.30003816 0.26644978 -0.33993381 0.38278553 0.041398671 -0.36586526 -0.015373542
0.28209481 -0.32496971 -0.29146636 0.21948685 -0.32642293 0.43347156 0.021303544 -0.29276976 -0.13141483
0.28209481 -0.362499 -0.27867988 0.17223364 -0.28572884 0.46231896 -0.0075897905 -0.21966095 -0.23280683
0.28209481 -0.048929699 -0.23151478 0.42748007 -0.095723316 0.051841859 -0.10296082 -0.45292249 0.4126707
0.28209481 -0.10269363 -0.24295156 0.41129184 -0.19329602 0.11418065 -0.081454359 -0.45729777 0.36294729
0.28209481 -0.15951766 -0.25159019 0.38728401 -0.28272724 0.18366727 -0.064522386 -0.44591549 0.28498286
0.28209481 -0.21664646 -0.25626999 0.35513717 -0.35210893 0.2540848 -0.055102758 -0.41650787 0.18119727
0.28209481 -0.27080807 -0.25626999 0.31578645 -0.3913672 0.317606 -0.055102758 -0.37035701 0.060372762
0.28209481 -0.31903532 -0.25159019 0.27138767 -0.39623988 0.36733454 -0.064522386 -0.31247342 -0.064373069
0.28209481 -0.35942772 -0.24295156 0.22476362 -0.36971483 0.39963225 -0.081454359 -0.24990502 -0.18001397
0.28209481 -0.39143759 -0.23151478 0.17863351 -0.32000354 0.41473487 -0.10296082 -0.18926528 -0.27759287
0.28209481 0.39143759 -0.26331124 0.12718579 0.22784023 -0.47169495 -0.040602986 -0.15326297 -0.31359518
0.28209481 0.35942772 -0.30968592 0.11678514 0.19210048 -0.50940394 0.0647128 -0.16551538 -0.26440364
0.28209481 0.31903532 -0.35525104 0.10366086 0.15135016 -0.51868469 0.18479343 -0.16853088 -0.20831563
0.28209481 0.27080807 -0.39705542 0.08799088 0.10905073 -0.49208719 0.30943888 -0.15988882 -0.15009545
0.28209481 0.21664646 -0.43225178 0.070392706 0.069792464 -0.42856598 0.42512283 -0.13924953 -0.096061088
0.28209481 0.15951766 -0.4589119 0.05183043 0.037837539 -0.33501744 0.51928568 -0.10885376 -0.052078906
0.28209481 0.10269363 -0.47652185 0.033367183 0.015681671 -0.22395235 0.58457333 -0.072766528 -0.021583969
0.28209481 0.048929699 -0.48588637 0.015898224 0.0035600036 -0.10880192 0.62029272 -0.035351887 -0.0048999246
0.28209481 0.05178557 -0.48059368 0.071276724 0.016892184 -0.11389801 0.60001934 -0.15676716 0.0054886034
0.28209481 0.10832323 -0.46744812 0.092145242 0.045679763 -0.2317311 0.55062616 -0.19712225 -0.0074211275
0.28209481 0.054161616 -0.46744812 0.13149597 0.032593675 -0.11586555 0.55062616 -0.2813035 0.032853708
0.28209481 0.1672634 -0.44496399 0.1129709 0.086476244 -0.34060821 0.46931928 -0.23004921 -0.034814533
0.28209481 0.11263498 -0.44945729 0.15502875 0.079912513 -0.23168132 0.48524758 -0.31888199 0.02596515
0.28209481 0.055754472 -0.44496399 0.19398688 0.049497284 -0.11353607 0.46931928 -0.39502677 0.078995012
0.28209481 0.22526996 -0.41285998 0.13241036 0.13650687 -0.42563307 0.3601709 -0.25018084 -0.076001316
0.28209481 0.17249 -0.42150444 0.17695653 0.13968824 -0.33273262 0.38875693 -0.34134856 0.0035715085
0.28209481 0.11499333 -0.42150444 0.21873032 0.11510944 -0.22182174 0.38875693 -0.42193004 0.07921727
0.28209481 0.05631749 -0.41285998 0.25516149 0.065763928 -0.10640827 0.3601709 -0.48211122 0.14172308
0.28209481 0.27877235 -0.37250108 0.14920235 0.19035077 -0.47523293 0.23454805 -0.25435042 -0.12688838
0.28209481 0.22998665 -0.38414085 0.19563834 0.20591402 -0.40431741 0.26945361 -0.34393293 -0.03345276
0.28209481 0.17434417 -0.38827017 0.23996417 0.19146223 -0.3097924 0.28209478 -0.42639267 0.062209852
0.28209481 0.11499333 -0.38414085 0.27918589 0.1469249 -0.2021587 0.26945361 -0.49080983 0.14809707
0.28209481 0.055754472 -0.37250108 0.31123433 0.079413891 -0.095046587 0.23454805 -0.530572 0.21454024
0.28209481 0.32496971 -0.32666272 0.16253795 0.24172799 -0.48581591 0.10752925 -0.24298733 -0.18119727
0.28209481 0.28158745 -0.33966532 0.20992473 0.27052423 -0.43771741 0.14186756 -0.32632032 -0.080598474
0.28209481 0.22998665 -0.34677726 0.25609392 0.26954496 -0.36499134 0.16121623 -0.40642381 0.029038133
0.28209481 0.17249 -0.34677726 0.29786769 0.23513463 -0.27374351 0.16121623 -0.47271925 0.1349422
0.28209481 0.11263498 -0.33966532 0.33267587 0.17148411 -0.17508696 0.14186756 -0.51713252 0.22421569
0.28209481 0.054161616 -0.32666272 0.35929152 0.089056969 -0.080969319 0.10752925 -0.53712559 0.28867581
0.28209481 0.362499 -0.27867988 0.17223364 0.28572884 -0.46231896 -0.0075897905 -0.21966095 -0.23280683
0.28209481 0.32496971 -0.29146636 0.21948685 0.32642293 -0.43347156 0.021303544 -0.29276976 -0.13141483
0.28209481 0.27877235 -0.30003816 0.26644978 0.33993381 -0.38278553 0.041398671 -0.36586526 -0.015373542
0.28209481 0.22526996 -0.30306801 0.31005749 0.31965005 -0.31244433 0.048640911 -0.43004274 0.1038606
0.28209481 0.1672634 -0.30003816 0.34746578 0.26597589 -0.22967131 0.041398671 -0.47710925 0.21224554
0.28209481 0.10832323 -0.29146636 0.37688971 0.186838 -0.14449053 0.021303544 -0.50272679 0.29818341
0.28209481 0.05178557 -0.27867988 0.39798015 0.094319068 -0.066045567 -0.0075897905 -0.50757045 0.35629189
0.28209481 0.39143759 -0.23151478 0.17863351 0.32000354 -0.41473487 -0.10296082 -0.18926528 -0.27759287
0.28209481 0.35942772 -0.24295156 0.22476362 0.36971483 -0.39963225 -0.081454359 -0.24990502 -0.18001397
0.28209481 0.31903532 -0.25159019 0.27138767 0.39623988 -0.36733454 -0.064522386 -0.31247342 -0.064373069
0.28209481 0.27080807 -0.25626999 0.31578645 0.3913672 -0.317606 -0.055102758 -0.37035701 0.060372762
0.28209481 0.21664646 -0.25626999 0.35513717 0.35210893 -0.2540848 -0.055102758 -0.41650787 0.18119727
0.28209481 0.15951766 -0.25159019 0.38728401 0.28272724 -0.18366727 -0.064522386 -0.44591549 0.28498286
0.28209481 0.10269363 -0.24295156 0.41129184 0.19329602 -0.11418065 -0.081454359 -0.45729777 0.36294729
0.28209481 0.048929699 -0.23151478 0.42748007 0.095723316 -0.051841859 -0.10296082 -0.45292249 0.4126707
0.28209481 0.24192174 -0.26331124 -0.3329767 -0.36865324 -0.29152349 -0.040602986 0.40124768 0.1197827
0.28209481 0.22213854 -0.30968592 -0.30574748 -0.31082511 -0.31482896 0.0647128 0.4333249 0.1009932
0.28209481 0.19717467 -0.35525104 -0.27138767 -0.24488971 -0.32056478 0.18479343 0.44121957 0.079569489
0.28209481 0.16736859 -0.39705542 -0.23036312 -0.17644779 -0.30412659 0.30943888 0.41859436 0.057331361
0.28209481 0.13389488 -0.43225178 -0.18429048 -0.11292659 -0.26486835 0.42512283 0.36456001 0.036692072
0.28209481 0.098587334 -0.4589119 -0.13569383 -0.061222427 -0.20705216 0.51928568 0.28498286 0.019892372
0.28209481 0.063468151 -0.47652185 -0.087356418 -0.025373477 -0.13841017 0.58457333 0.19050525 0.0082443431
0.28209481 0.030240217 -0.48588637 -0.041622087 -0.0057602068 -0.067243285 0.62029272 0.092552438 0.0018716047
0.28209481 0.083790816 -0.48059368 -0.027225286 -0.010439944 -0.18429086 0.60001934 0.059879728 -0.01436935
0.28209481 0.12110905 -0.46744812 -0.074547067 -0.041317735 -0.25908324 0.55062616 0.15947525 -0.020846073
0.28209481 0.14179695 -0.46744812 -0.010876271 -0.0070579117 -0.30333996 0.55062616 0.023267126 -0.045737293
0.28209481 0.15912895 -0.44496399 -0.12416703 -0.090424217 -0.32404351 0.46931928 0.25284854 -0.022663914
0.28209481 0.18224722 -0.44945729 -0.05921571 -0.049388651 -0.37486824 0.48524758 0.12180208 -0.067977645
0.28209481 0.20172156 -0.44496399 0.0069195912 0.0063879588 -0.41077736 0.46931928 -0.014090766 -0.093002081
0.28209481 0.19554198 -0.41285998 -0.1733274 -0.15510884 -0.36946398 0.3601709 0.32749096 -0.01875037
0.28209481 0.22159801 -0.42150444 -0.10936516 -0.11091088 -0.4274618 0.38875693 0.21096502 -0.084996097
0.28209481 0.24355978 -0.42150444 -0.041773774 -0.046562746 -0.46982598 0.38875693 0.080581464 -0.13174775
0.28209481 0.26007608 -0.41285998 0.025288127 0.030098606 -0.49139699 0.3601709 -0.047780287 -0.15331145
0.28209481 0.22804525 -0.37250108 -0.2190222 -0.22858013 -0.38875669 0.23454805 0.37337476 -0.0092305187
0.28209481 0.25713289 -0.38414085 -0.15827474 -0.18625098 -0.45204061 0.26945361 0.27824759 -0.093969375
0.28209481 0.28209481 -0.38827017 -0.091658153 -0.11833017 -0.50125462 0.28209478 0.1628675 -0.16286752
0.28209481 0.30105644 -0.38414085 -0.023091974 -0.031815466 -0.52925837 0.26945361 0.040595777 -0.20617335
0.28209481 0.31323051 -0.37250108 0.043151043 0.0618564 -0.53397495 0.23454805 -0.073561087 -0.22024502
0.28209481 0.25500393 -0.32666272 -0.25883755 -0.30206713 -0.38122007 0.10752925 0.38695118 0.0045075249
0.28209481 0.28666559 -0.33966532 -0.20293526 -0.2662333 -0.44561118 0.14186756 0.31545547 -0.09380462
0.28209481 0.31462955 -0.34677726 -0.13959295 -0.20099826 -0.49932054 0.16121623 0.22153552 -0.18192689
0.28209481 0.33659133 -0.34677726 -0.072001554 -0.11091088 -0.53417414 0.16121623 0.11426725 -0.2473792
0.28209481 0.35119969 -0.33966532 -0.0043197279 -0.0069428827 -0.54592711 0.14186756 0.0067148595 -0.28219014
0.28209481 0.35844341 -0.32666272 0.059516434 0.097630791 -0.53585768 0.10752925 -0.088974543 -0.28589001
0.28209481 0.27582228 -0.27867988 -0.29153392 -0.36799991 -0.35177439 -0.0075897905 0.37181249 0.020397486
0.28209481 0.30916554 -0.29146636 -0.24123938 -0.3413254 -0.41239068 0.021303544 0.32178512 -0.085549749
0.28209481 0.33955419 -0.30003816 -0.18279074 -0.28404859 -0.4662458 0.041398671 0.25099209 -0.18737063
0.28209481 0.36449444 -0.30306801 -0.11843142 -0.1975546 -0.50554556 0.048640911 0.16426171 -0.27191058
0.28209481 0.38214684 -0.30003816 -0.051704127 -0.090424217 -0.52473021 0.041398671 0.070995532 -0.32804695
0.28209481 0.39191714 -0.29146636 0.01344381 0.024112705 -0.5227716 0.021303544 -0.017932469 -0.35105607
0.28209481 0.39450425 -0.27867988 0.073731624 0.13311739 -0.50313735 -0.0075897905 -0.094034821 -0.34368554
0.28209481 0.29085144 -0.23151478 -0.31707847 -0.42205331 -0.30816209 -0.10296082 0.33595011 0.036483981
0.28209481 0.32483217 -0.24295156 -0.27238029 -0.40491512 -0.36116695 -0.081454359 0.30284795 -0.071678557
0.28209481 0.35669234 -0.25159019 -0.21955723 -0.35840231 -0.41069248 -0.064522386 0.25279629 -0.18082504
0.28209481 0.38401505 -0.25626999 -0.1599704 -0.28113648 -0.45037609 -0.055102758 0.18761465 -0.27888244
0.28209481 0.40470296 -0.25626999 -0.096299611 -0.17835702 -0.47463906 -0.055102758 0.112941 -0.3535561
0.28209481 0.41762266 -0.25159019 -0.032032967 -0.061222427 -0.48084715 -0.064522386 0.036882482 -0.39673889
0.28209481 0.42289585 -0.24295156 0.029428722 0.0569553 -0.47019976 -0.081454359 -0.032720532 -0.40724707
0.28209481 0.4216778 -0.23151478 0.085563697 0.16511996 -0.4467749 -0.10296082 -0.090656206 -0.39012235
0.28209481 2.1578982e-17 -0.48059368 -0.088102877 -8.7006223e-18 -4.7461155e-17 0.60001934 0.19377488 0.017761493
0.28209481 -0.033473719 -0.46744812 -0.13821787 0.021173734 0.071608849 0.55062616 0.29568338 0.041150782
0.28209481 0.033473719 -0.46744812 -0.13821787 -0.021173734 -0.071608849 0.55062616 0.29568338 0.041150782
0.28209481 -0.068916313 -0.44496399 -0.18971033 0.059833217 0.1403383 0.46931928 0.38631821 0.071485512
0.28209481 4.693485e-17 -0.44945729 -0.19162607 -4.1160375e-17 -9.6541308e-17 0.48524758 0.39415979 0.084024996
0.28209481 0.068916313 -0.44496399 -0.18971033 -0.059833217 -0.1403383 0.46931928 0.38631821 0.071485512
0.28209481 -0.10441837 -0.41285998 -0.23953259 0.11446449 0.19729178 0.3601709 0.45258138 0.10634005
0.28209481 -0.035534892 -0.42150444 -0.24454792 0.039769333 0.06854669 0.38875693 0.47173211 0.13395506
0.28209481 0.035534892 -0.42150444 -0.24454792 -0.039769333 -0.06854669 0.38875693 0.47173211 0.13395506
0.28209481 0.10441837 -0.41285998 -0.23953259 -0.11446449 -0.19729178 0.3601709 0.45258138 0.10634005
0.28209481 -0.13783263 -0.37250108 -0.28456551 0.17949966 0.23496808 0.23454805 0.48510873 0.14182368
0.28209481 -0.071069784 -0.38414085 -0.29345751 0.095446393 0.12494095 0.26945361 0.51589942 0.1854984
0.28209481 7.264899e-17 -0.38827017 -0.29661202 -9.8616062e-17 -1.290901e-16 0.28209478 0.52705032 0.20131531
0.28209481 0.071069784 -0.38414085 -0.29345751 -0.095446393 -0.12494095 0.26945361 0.51589942 0.1854984
0.28209481 0.13783263 -0.37250108 -0.28456551 -0.17949966 -0.23496808 0.23454805 0.48510873 0.14182368
0.28209481 -0.16736859 -0.32666272 -0.32250836 0.24702691 0.25020894 0.10752925 0.48213631 0.17390394
0.28209481 -0.10441837 -0.33966532 -0.33534563 0.16025029 0.16231453 0.14186756 0.52128249 0.23237754
0.28209481 -0.035534892 -0.34677726 -0.34236708 0.055677064 0.05639426 0.16121623 0.54334033 0.26532575
0.28209481 0.035534892 -0.34677726 -0.34236708 -0.055677064 -0.05639426 0.16121623 0.54334033 0.26532575
0.28209481 0.10441837 -0.33966532 -0.33534563 -0.16025029 -0.16231453 0.14186756 0.52128249 0.23237754
0.28209481 0.16736859 -0.32666272 -0.32250836 -0.24702691 -0.25020894 0.10752925 0.48213631 0.17390394
0.28209481 -0.19203146 -0.27867988 -0.35241151 0.30970752 0.24491043 -0.0075897905 0.44945371 0.19980301
0.28209481 -0.13389488 -0.29146636 -0.36858097 0.22585317 0.1786001 0.021303544 0.49164391 0.26983723
0.28209481 -0.068916313 -0.30003816 -0.37942067 0.11966643 0.094629787 0.041398671 0.52098691 0.31854558
0.28209481 9.38697e-17 -0.30306801 -0.38325214 -1.646415e-16 -1.3019516e-16 0.048640911 0.53156209 0.33609998
0.28209481 0.068916313 -0.30003816 -0.37942067 -0.11966643 -0.094629787 0.041398671 0.52098691 0.31854558
0.28209481 0.13389488 -0.29146636 -0.36858097 -0.22585317 -0.1786001 0.021303544 0.49164391 0.26983723
0.28209481 0.19203146 -0.27867988 -0.35241151 -0.30970752 -0.24491043 -0.0075897905 0.44945371 0.19980301
0.28209481 -0.21168151 -0.23151478 -0.3745988 0.36289304 0.22428022 -0.10296082 0.39689389 0.21856055
0.28209481 -0.15867038 -0.24295156 -0.3931039 0.28545162 0.1764188 -0.081454359 0.43707535 0.29599231
0.28209481 -0.098587334 -0.25159019 -0.40708148 0.18366727 0.11351261 -0.064522386 0.46871012 0.35695413
0.28209481 -0.033473719 -0.25626999 -0.4146536 0.063521206 0.03925826 -0.055102758 0.48630926 0.39086851
0.28209481 0.033473719 -0.25626999 -0.4146536 -0.063521206 -0.03925826 -0.055102758 0.48630926 0.39086851
0.28209481 0.098587334 -0.25159019 -0.40708148 -0.18366727 -0.11351261 -0.064522386 0.46871012 0.35695413
0.28209481 0.15867038 -0.24295156 -0.3931039 -0.28545162 -0.1764188 -0.081454359 0.43707535 0.29599231
0.28209481 0.21168151 -0.23151478 -0.3745988 -0.36289304 -0.22428022 -0.10296082 0.39689389 0.21856055
0.28209481 -0.24192174 -0.18006705 -0.38442445 0.42561328 0.19936019 -0.18688408 0.31679225 0.20423813
0.28209481 -0.22213854 -0.13497308 -0.41372594 0.42059681 0.13721462 -0.24318872 0.25555784 0.27876022
0.28209481 -0.19717467 -0.083863392 -0.43911445 0.39623985 0.075675078 -0.28751722 0.16853087 0.35225818
0.28209481 -0.16736859 -0.028474445 -0.45815867 0.35092896 0.021810144 -0.31217813 0.059703596 0.41622213
0.28209481 -0.13389488 0.028474445 -0.46903494 0.28740776 -0.017448116 -0.31217813 -0.061120905 0.46237296
0.28209481 -0.098587334 0.083863392 -0.47114742 0.21257257 -0.037837539 -0.28751722 -0.18082502 0.48570025
0.28209481 -0.063468151 0.13497308 -0.46528107 0.13514517 -0.039204177 -0.24318872 -0.28740337 0.48615298
0.28209481 -0.030240217 0.18006705 -0.45320392 0.062720262 -0.024920024 -0.18688408 -0.37347129 0.46789536
0.28209481 -0.083790816 0.19057699 -0.44203159 0.16950363 -0.073079601 -0.17144515 -0.38552547 0.43103588
0.28209481 -0.12110905 0.14237222 -0.45143679 0.25020894 -0.078909844 -0.23505552 -0.29413825 0.43276745
0.28209481 -0.14179695 0.19932112 -0.42296234 0.27447191 -0.12934496 -0.15793291 -0.38581961 0.36334947
0.28209481 -0.15912893 0.087935574 -0.45351708 0.33027226 -0.064038783 -0.28474447 -0.18251036 0.41269499
0.28209481 -0.18224722 0.14803927 -0.42848891 0.35737962 -0.12347162 -0.22853278 -0.29029918 0.34412363
0.28209481 -0.20172156 0.205183 -0.39489335 0.36455366 -0.18941878 -0.14853522 -0.3708092 0.2637164
0.28209481 -0.19554198 0.029607853 -0.44678757 0.39982539 -0.026495751 -0.31191722 -0.060539287 0.36927989
0.28209481 -0.221598 0.090683348 -0.42591462 0.43193433 -0.091965027 -0.28279927 -0.17675814 0.30272707
0.28209481 -0.24355978 0.15113892 -0.39568684 0.44104862 -0.16846558 -0.22485739 -0.27368891 0.22252266
0.28209481 -0.26007608 0.20725498 -0.35796401 0.42605832 -0.24668041 -0.14514832 -0.33952647 0.13843474
0.28209481 -0.22804525 -0.029311858 -0.43112481 0.44993868 0.030591 -0.31198633 0.05783299 0.30631125
0.28209481 -0.25713289 0.030227784 -0.41436863 0.48761138 -0.035570767 -0.3117702 -0.057322152 0.24160038
0.28209481 -0.28209481 0.091658153 -0.38827017 0.50125462 -0.11833017 -0.28209481 -0.1628675 0.1628675
0.28209481 -0.30105644 0.15113892 -0.35391307 0.48761138 -0.20823491 -0.22485739 -0.24479482 0.07921727
0.28209481 -0.31323051 0.205183 -0.31387737 0.44993871 -0.2941269 -0.14853522 -0.2947343 0.0009282247
0.28209481 -0.25500393 -0.085423335 -0.40793169 0.47606212 0.099690251 -0.28647059 0.15947524 0.23198345
0.28209481 -0.28666559 -0.029607853 -0.39456132 0.51762992 0.038842913 -0.31191722 0.05346268 0.16818815
0.28209481 -0.31462955 0.030227784 -0.37259486 0.53649503 -0.043524634 -0.3117702 -0.051543329 0.091151968
0.28209481 -0.33659133 0.090683348 -0.34236708 0.5273807 -0.13968822 -0.28279927 -0.14208521 0.0089732762
0.28209481 -0.35119969 0.14803927 -0.30573776 0.49139699 -0.23793611 -0.22853278 -0.20713587 -0.068339393
0.28209481 -0.35844341 0.19932112 -0.26555946 0.43562388 -0.32696646 -0.15793291 -0.24223918 -0.13262536
0.28209481 -0.27582228 -0.13612641 -0.37963679 0.47921115 0.17183082 -0.24194951 0.23650484 0.15570514
0.28209481 -0.30916554 -0.085423335 -0.36858097 0.5214988 0.12086399 -0.28647059 0.14409162 0.092143744
0.28209481 -0.33955419 -0.029311858 -0.3501088 0.54405332 0.045549303 -0.31198633 0.046965148 0.016656317
0.28209481 -0.36449444 0.029607853 -0.32403642 0.54052281 -0.049388647 -0.31191722 -0.043906625 -0.063742235
0.28209481 -0.38214681 0.087935574 -0.2914851 0.50977194 -0.1537886 -0.28474447 -0.1173033 -0.1397481
0.28209481 -0.39191714 0.14237222 -0.2546832 0.45679763 -0.25535762 -0.23505552 -0.16594145 -0.20304708
0.28209481 -0.39450425 0.19057699 -0.21628506 0.39048785 -0.34407368 -0.17144515 -0.18863675 -0.24908361
0.28209481 -0.29085144 -0.18006705 -0.34887493 0.46437654 0.23968163 -0.18688408 0.28749698 0.084937096
0.28209481 -0.32483217 -0.13497308 -0.33911464 0.50412112 0.20064831 -0.24318872 0.20947057 0.021698829
0.28209481 -0.35669234 -0.083863392 -0.32321808 0.52761692 0.13689749 -0.28751722 0.12405018 -0.052078906
0.28209481 -0.38401505 -0.028474445 -0.3007558 0.5285567 0.050041787 -0.31217813 0.039192107 -0.1304599
0.28209481 -0.40470296 0.028474445 -0.27228138 0.50429374 -0.052737672 -0.31217813 -0.035481542 -0.20513356
0.28209481 -0.41762266 0.083863392 -0.23935468 0.45746228 -0.16028237 -0.28751722 -0.09186364 -0.26799273
0.28209481 -0.42289585 0.13497308 -0.20414156 0.39508829 -0.26122209 -0.24318872 -0.12609792 -0.31386968
0.28209481 -0.4216778 0.18006705 -0.16880788 0.32576373 -0.34749159 -0.18688408 -0.13910933 -0.34166923
0.28209481 -0.44036728 -0.18006705 0.11128756 -0.22428022 0.36289302 -0.18688408 -0.091708623 -0.41540134
0.28209481 -0.46212134 -0.13497308 0.08341796 -0.17641881 0.28545162 -0.24318872 -0.051527139 -0.47274235
0.28209481 -0.47855297 -0.083863392 0.05183043 -0.11351262 0.18366726 -0.28751722 -0.01989237 -0.51788682
0.28209481 -0.48745453 -0.028474445 0.017598176 -0.03925826 0.063521199 -0.31217813 -0.0022932542 -0.54300165
0.28209481 -0.48745453 0.028474445 -0.017598176 0.03925826 -0.063521199 -0.31217813 -0.0022932542 -0.54300165
0.28209481 -0.47855297 0.083863392 -0.05183043 0.11351262 -0.18366726 -0.28751722 -0.01989237 -0.51788682
0.28209481 -0.46212134 0.13497308 -0.08341796 0.17641881 -0.28545162 -0.24318872 -0.051527139 -0.47274235
0.28209481 -0.44036728 0.18006705 -0.11128756 0.22428022 -0.36289302 -0.18688408 -0.091708623 -0.41540134
0.28209481 -0.44628981 0.19057699 -0.056905475 0.11622521 -0.38923934 -0.17144515 -0.049631089 -0.44834709
0.28209481 -0.46676666 0.14237222 -0.024320081 0.051951025 -0.30412659 -0.23505552 -0.015845997 -0.49718535
0.28209481 -0.44607875 0.19932112 0.0041543655 -0.0084809707 -0.40690604 -0.15793291 0.0037895474 -0.45528644
0.28209481 -0.4804939 0.087935574 0.011196134 -0.024619842 -0.19336675 -0.28474447 0.0045056972 -0.52800643
0.28209481 -0.46383464 0.14803927 0.04091705 -0.086855397 -0.31424576 -0.22853278 0.027721105 -0.48846436
0.28209481 -0.43790129 0.205183 0.069819853 -0.1399215 -0.41119415 -0.14853522 0.065561607 -0.42763031
0.28209481 -0.48534602 0.029607853 0.047906514 -0.10640827 -0.065763921 -0.31191722 0.0064912871 -0.5337652
0.28209481 -0.47354642 0.090683348 0.07913737 -0.17150369 -0.19652574 -0.28279927 0.03284267 -0.49879596
0.28209481 -0.45158467 0.15113892 0.10936515 -0.22602031 -0.31235236 -0.22485739 0.07564576 -0.4392665
0.28209481 -0.42081192 0.20725498 0.13673007 -0.26331854 -0.39913729 -0.14514832 0.12968756 -0.36242685
0.28209481 -0.4804939 -0.029311858 0.083659038 -0.18396281 0.064455584 -0.31198633 -0.011222393 -0.51227832
0.28209481 -0.47354642 0.030227784 0.11650097 -0.25247675 -0.065508582 -0.3117702 0.016116291 -0.48206958
0.28209481 -0.45643896 0.091658153 0.14830601 -0.3097924 -0.19146222 -0.28209481 0.062209848 -0.42639267
0.28209481 -0.42962289 0.15113892 0.17695653 -0.34792316 -0.29716182 -0.22485739 0.12239741 -0.35069889
0.28209481 -0.39530867 0.205183 0.20090647 -0.36346248 -0.37119919 -0.14853522 0.18865339 -0.26521829
0.28209481 -0.46676666 -0.085423335 0.11646532 -0.2487859 0.18247595 -0.28647059 -0.045530505 -0.46750084
0.28209481 -0.46383464 -0.029607853 0.15070902 -0.31991288 0.062849149 -0.31191722 -0.020420928 -0.44032231
0.28209481 -0.45158467 0.030227784 0.18409234 -0.38045582 -0.062470473 -0.3117702 0.025466623 -0.38908735
0.28209481 -0.42962289 0.090683348 0.21432014 -0.42138559 -0.1782971 -0.28279927 0.088944651 -0.31724614
0.28209481 -0.39930055 0.14803927 0.23953258 -0.43771741 -0.2705242 -0.22853278 0.16228218 -0.23354818
0.28209481 -0.36332718 0.19932112 0.25883755 -0.43038237 -0.33142135 -0.15793291 0.23610757 -0.14875713
0.28209481 -0.44628981 -0.13612641 0.14500836 -0.29616877 0.2780281 -0.24194951 -0.090336807 -0.40764135
0.28209481 -0.44607875 -0.085423335 0.18013611 -0.36774066 0.1743883 -0.28647059 -0.070421718 -0.38107514
0.28209481 -0.43790129 -0.029311858 0.21474566 -0.43035802 0.058742017 -0.31198633 -0.028806934 -0.33326176
0.28209481 -0.42081192 0.029607853 0.24652204 -0.47475889 -0.057019614 -0.31191722 0.033403501 -0.26614279
0.28209481 -0.39530867 0.087935574 0.27336937 -0.49455601 -0.15908536 -0.28474447 0.11001293 -0.18657783
0.28209481 -0.36332718 0.14237222 0.29403391 -0.48890513 -0.23672953 -0.23505552 0.1915808 -0.10423036
0.28209481 -0.32760784 0.19057699 0.30836007 -0.46231899 -0.28572881 -0.17144515 0.26894155 -0.02801013
0.28209481 -0.4216778 -0.18006705 0.16880788 -0.32576373 0.34749159 -0.18688408 -0.13910933 -0.34166923
0.28209481 -0.42289585 -0.13497308 0.20414156 -0.39508829 0.26122209 -0.24318872 -0.12609792 -0.31386968
0.28209481 -0.41762266 -0.083863392 0.23935468 -0.45746228 0.16028237 -0.28751722 -0.09186364 -0.26799273
0.28209481 -0.40470296 -0.028474445 0.27228138 -0.50429374 0.052737672 -0.31217813 -0.035481542 -0.20513356
0.28209481 -0.38401505 0.028474445 0.3007558 -0.5285567 -0.050041787 -0.31217813 0.039192107 -0.1304599
0.28209481 -0.35669234 0.083863392 0.32321808 -0.52761692 -0.13689749 -0.28751722 0.12405018 -0.052078906
0.28209481 -0.32483217 0.13497308 0.33911464 -0.50412112 -0.20064831 -0.24318872 0.20947057 0.021698829
0.28209481 -0.29085144 0.18006705 0.34887493 -0.46437654 -0.23968163 -0.18688408 0.28749698 0.084937096
0.28209481 -0.030240217 -0.18006705 0.45320392 -0.062720262 0.024920024 -0.18688408 -0.37347129 0.46789536
0.28209481 -0.063468151 -0.13497308 0.46528107 -0.13514517 0.039204177 -0.24318872 -0.28740337 0.48615298
0.28209481 -0.098587334 -0.083863392 0.47114742 -0.21257257 0.037837539 -0.28751722 -0.18082502 0.48570025
0.28209481 -0.13389488 -0.028474445 0.46903494 -0.28740776 0.017448116 -0.31217813 -0.061120905 0.46237296
0.28209481 -0.16736859 0.028474445 0.45815867 -0.35092896 -0.021810144 -0.31217813 0.059703596 0.41622213
0.28209481 -0.19717467 0.083863392 0.43911445 -0.39623985 -0.075675078 -0.28751722 0.16853087 0.35225818
0.28209481 -0.22213854 0.13497308 0.41372594 -0.42059681 -0.13721462 -0.24318872 0.25555784 0.27876022
0.28209481 -0.24192174 0.18006705 0.38442445 -0.42561328 -0.19936019 -0.18688408 0.31679225 0.20423813
0.28209481 -0.19203146 0.19057699 0.40686208 -0.35755998 -0.16748354 -0.17144515 0.35485178 0.29440495
0.28209481 -0.16736859 0.14237222 0.43640614 -0.3342675 -0.10905072 -0.23505552 0.28434488 0.37169537
0.28209481 -0.13389488 0.19932112 0.42552987 -0.2607494 -0.12213681 -0.15793291 0.38816169 0.37331945
0.28209481 -0.13783263 0.087935574 0.46043667 -0.29043654 -0.055468436 -0.28474447 0.18529505 0.44163737
0.28209481 -0.10441837 0.14803927 0.45377705 -0.21684465 -0.070742942 -0.22853278 0.30743176 0.44622827
0.28209481 -0.068916313 0.205183 0.4380444 -0.13815591 -0.06471318 -0.14853522 0.41132852 0.42820397
0.28209481 -0.10441836 0.029607853 0.47639543 -0.22765321 -0.014148588 -0.31191722 0.064551122 0.49437031
0.28209481 -0.071069784 0.090683348 0.47482422 -0.15443552 -0.029494556 -0.28279927 0.19705603 0.50434178
0.28209481 -0.035534892 0.15113892 0.46327823 -0.0753401 -0.024578797 -0.22485739 0.32044056 0.48822546
0.28209481 -5.4186683e-17 0.20725498 0.44246784 -1.0972449e-16 -5.1395706e-17 -0.14514832 0.41967779 0.44798425
0.28209481 -0.068916313 -0.029311858 0.48282892 -0.15228061 0.00924474 -0.31198633 -0.064768814 0.52257252
0.28209481 -0.035534892 0.030227784 0.48637021 -0.079095408 -0.0049157594 -0.3117702 0.067282565 0.53840458
0.28209481 -5.8774266e-17 0.091658153 0.47992831 -1.290901e-16 -2.4654014e-17 -0.28209481 0.2013153 0.52705032
0.28209481 0.035534892 0.15113892 0.46327823 0.0753401 0.024578797 -0.22485739 0.32044056 0.48822546
0.28209481 0.068916313 0.205183 0.4380444 0.13815591 0.06471318 -0.14853522 0.41132852 0.42820397
0.28209481 -0.033473719 -0.085423335 0.47991121 -0.073518082 0.013086087 -0.28647059 -0.18761463 0.52444881
0.28209481 -5.9726589e-17 -0.029607853 0.4877046 -1.3330729e-16 8.0928961e-18 -0.31191722 -0.066083506 0.54426831
0.28209481 0.035534892 0.030227784 0.48637021 0.079095408 0.0049157594 -0.3117702 0.067282565 0.53840458
0.28209481 0.071069784 0.090683348 0.47482422 0.15443552 0.029494556 -0.28279927 0.19705603 0.50434178
0.28209481 0.10441837 0.14803927 0.45377705 0.21684465 0.070742942 -0.22853278 0.30743176 0.44622827
0.28209481 0.13389488 0.19932112 0.42552987 0.2607494 0.12213681 -0.15793291 0.38816169 0.37331945
0.28209481 -5.7467394e-17 -0.13612641 0.46925688 -1.2341315e-16 3.580084e-17 -0.24194951 -0.29233605 0.50387245
0.28209481 0.033473719 -0.085423335 0.47991121 0.073518082 -0.013086087 -0.28647059 -0.18761463 0.52444881
0.28209481 0.068916313 -0.029311858 0.48282892 0.15228061 -0.00924474 -0.31198633 -0.064768814 0.52257252
0.28209481 0.10441836 0.029607853 0.47639543 0.22765321 0.014148588 -0.31191722 0.064551122 0.49437031
0.28209481 0.13783263 0.087935574 0.46043667 0.29043654 0.055468436 -0.28474447 0.18529505 0.44163737
0.28209481 0.16736859 0.14237222 0.43640614 0.3342675 0.10905072 -0.23505552 0.28434488 0.37169537
0.28209481 0.19203146 0.19057699 0.40686208 0.35755998 0.16748354 -0.17144515 0.35485178 0.29440495
0.28209481 0.030240217 -0.18006705 0.45320392 0.062720262 -0.024920024 -0.18688408 -0.37347129 0.46789536
0.28209481 0.063468151 -0.13497308 0.46528107 0.13514517 -0.039204177 -0.24318872 -0.28740337 0.48615298
0.28209481 0.098587334 -0.083863392 0.47114742 0.21257257 -0.037837539 -0.28751722 -0.18082502 0.48570025
0.28209481 0.13389488 -0.028474445 0.46903494 0.28740776 -0.017448116 -0.31217813 -0.061120905 0.46237296
0.28209481 0.16736859 0.028474445 0.45815867 0.35092896 0.021810144 -0.31217813 0.059703596 0.41622213
0.28209481 0.19717467 0.083863392 0.43911445 0.39623985 0.075675078 -0.28751722 0.16853087 0.35225818
0.28209481 0.22213854 0.13497308 0.41372594 0.42059681 0.13721462 -0.24318872 0.25555784 0.27876022
0.28209481 0.24192174 0.18006705 0.38442445 0.42561328 0.19936019 -0.18688408 0.31679225 0.20423813
0.28209481 0.4216778 -0.18006705 0.16880788 0.32576373 -0.34749159 -0.18688408 -0.13910933 -0.34166923
0.28209481 0.42289585 -0.13497308 0.20414156 0.39508829 -0.26122209 -0.24318872 -0.12609792 -0.31386968
0.28209481 0.41762266 -0.083863392 0.23935468 0.45746228 -0.16028237 -0.28751722 -0.09186364 -0.26799273
0.28209481 0.40470296 -0.028474445 0.27228138 0.50429374 -0.052737672 -0.31217813 -0.035481542 -0.20513356
0.28209481 0.38401505 0.028474445 0.3007558 0.5285567 0.050041787 -0.31217813 0.039192107 -0.1304599
0.28209481 0.35669234 0.083863392 0.32321808 0.52761692 0.13689749 -0.28751722 0.12405018 -0.052078906
0.28209481 0.32483217 0.13497308 0.33911464 0.50412112 0.20064831 -0.24318872 0.20947057 0.021698829
0.28209481 0.29085144 0.18006705 0.34887493 0.46437654 0.23968163 -0.18688408 0.28749698 0.084937096
0.28209481 0.32760784 0.19057699 0.30836007 0.46231899 0.28572881 -0.17144515 0.26894155 -0.02801013
0.28209481 0.36332718 0.14237222 0.29403391 0.48890513 0.23672953 -0.23505552 0.1915808 -0.10423036
0.28209481 0.36332718 0.19932112 0.25883755 0.43038237 0.33142135 -0.15793291 0.23610757 -0.14875713
0.28209481 0.39530867 0.087935574 0.27336937 0.49455601 0.15908536 -0.28474447 0.11001293 -0.18657783
0.28209481 0.39930055 0.14803927 0.23953258 0.43771741 0.2705242 -0.22853278 0.16228218 -0.23354818
0.28209481 0.39530867 0.205183 0.20090647 0.36346248 0.37119919 -0.14853522 0.18865339 -0.26521829
0.28209481 0.42081192 0.029607853 0.24652204 0.47475889 0.057019614 -0.31191722 0.033403501 -0.26614279
0.28209481 0.42962289 0.090683348 0.21432014 0.42138559 0.1782971 -0.28279927 0.088944651 -0.31724614
0.28209481 0.42962289 0.15113892 0.17695653 0.34792316 0.29716182 -0.22485739 0.12239741 -0.35069889
0.28209481 0.42081192 0.20725498 0.13673007 0.26331854 0.39913729 -0.14514832 0.12968756 -0.36242685
0.28209481 0.43790129 -0.029311858 0.21474566 0.43035802 -0.058742017 -0.31198633 -0.028806934 -0.33326176
0.28209481 0.45158467 0.030227784 0.18409234 0.38045582 0.062470473 -0.3117702 0.025466623 -0.38908735
0.28209481 0.45643896 0.091658153 0.14830601 0.3097924 0.19146222 -0.28209481 0.062209848 -0.42639267
0.28209481 0.45158467 0.15113892 0.10936515 0.22602031 0.31235236 -0.22485739 0.07564576 -0.4392665
0.28209481 0.43790129 0.205183 0.069819853 0.1399215 0.41119415 -0.14853522 0.065561607 -0.42763031
0.28209481 0.44607875 -0.085423335 0.18013611 0.36774066 -0.1743883 -0.28647059 -0.070421718 -0.38107514
0.28209481 0.46383464 -0.029607853 0.15070902 0.31991288 -0.062849149 -0.31191722 -0.020420928 -0.44032231
0.28209481 0.47354642 0.030227784 0.11650097 0.25247675 0.065508582 -0.3117702 0.016116291 -0.48206958
0.28209481 0.47354642 0.090683348 0.07913737 0.17150369 0.19652574 -0.28279927 0.03284267 -0.49879596
0.28209481 0.46383464 0.14803927 0.04091705 0.086855397 0.31424576 -0.22853278 0.027721105 -0.48846436
0.28209481 0.44607875 0.19932112 0.0041543655 0.0084809707 0.40690604 -0.15793291 0.0037895474 -0.45528644
0.28209481 0.44628981 -0.13612641 0.14500836 0.29616877 -0.2780281 -0.24194951 -0.090336807 -0.40764135
0.28209481 0.46676666 -0.085423335 0.11646532 0.2487859 -0.18247595 -0.28647059 -0.045530505 -0.46750084
0.28209481 0.4804939 -0.029311858 0.083659038 0.18396281 -0.064455584 -0.31198633 -0.011222393 -0.51227832
0.28209481 0.48534602 0.029607853 0.047906514 0.10640827 0.065763921 -0.31191722 0.0064912871 -0.5337652
0.28209481 0.4804939 0.087935574 0.011196134 0.024619842 0.19336675 -0.28474447 0.0045056972 -0.52800643
0.28209481 0.46676666 0.14237222 -0.024320081 -0.051951025 0.30412659 -0.23505552 -0.015845997 -0.49718535
0.28209481 0.44628981 0.19057699 -0.056905475 -0.11622521 0.38923934 -0.17144515 -0.049631089 -0.44834709
0.28209481 0.44036728 -0.18006705 0.11128756 0.22428022 -0.36289302 -0.18688408 -0.091708623 -0.41540134
0.28209481 0.46212134 -0.13497308 0.08341796 0.17641881 -0.28545162 -0.24318872 -0.051527139 -0.47274235
0.28209481 0.47855297 -0.083863392 0.05183043 0.11351262 -0.18366726 -0.28751722 -0.01989237 -0.51788682
0.28209481 0.48745453 -0.028474445 0.017598176 0.03925826 -0.063521199 -0.31217813 -0.0022932542 -0.54300165
0.28209481 0.48745453 0.028474445 -0.017598176 -0.03925826 0.063521199 -0.31217813 -0.0022932542 -0.54300165
0.28209481 0.47855297 0.083863392 -0.05183043 -0.11351262 0.18366726 -0.28751722 -0.01989237 -0.51788682
0.28209481 0.46212134 0.13497308 -0.08341796 -0.17641881 0.28545162 -0.24318872 -0.051527139 -0.47274235
0.28209481 0.44036728 0.18006705 -0.11128756 -0.22428022 0.36289302 -0.18688408 -0.091708623 -0.41540134
0.28209481 0.29085144 -0.18006705 -0.34887493 -0.46437654 -0.23968163 -0.18688408 0.28749698 0.084937096
0.28209481 0.32483217 -0.13497308 -0.33911464 -0.50412112 -0.20064831 -0.24318872 0.20947057 0.021698829
0.28209481 0.35669234 -0.083863392 -0.32321808 -0.52761692 -0.13689749 -0.28751722 0.12405018 -0.052078906
0.28209481 0.38401505 -0.028474445 -0.3007558 -0.5285567 -0.050041787 -0.31217813 0.039192107 -0.1304599
0.28209481 0.40470296 0.028474445 -0.27228138 -0.50429374 0.052737672 -0.31217813 -0.035481542 -0.20513356
0.28209481 0.41762266 0.083863392 -0.23935468 -0.45746228 0.16028237 -0.28751722 -0.09186364 -0.26799273
0.28209481 0.42289585 0.13497308 -0.20414156 -0.39508829 0.26122209 -0.24318872 -0.12609792 -0.31386968
0.28209481 0.4216778 0.18006705 -0.16880788 -0.32576373 0.34749159 -0.18688408 -0.13910933 -0.34166923
0.28209481 0.39450425 0.19057699 -0.21628506 -0.39048785 0.34407368 -0.17144515 -0.18863675 -0.24908361
0.28209481 0.39191714 0.14237222 -0.2546832 -0.45679763 0.25535762 -0.23505552 -0.16594145 -0.20304708
0.28209481 0.35844341 0.19932112 -0.26555946 -0.43562388 0.32696646 -0.15793291 -0.24223918 -0.13262536
0.28209481 0.38214681 0.087935574 -0.2914851 -0.50977194 0.1537886 -0.28474447 -0.1173033 -0.1397481
0.28209481 0.35119969 0.14803927 -0.30573776 -0.49139699 0.23793611 -0.22853278 -0.20713587 -0.068339393
0.28209481 0.31323051 0.205183 -0.31387737 -0.44993871 0.2941269 -0.14853522 -0.2947343 0.0009282247
0.28209481 0.36449444 0.029607853 -0.32403642 -0.54052281 0.049388647 -0.31191722 -0.043906625 -0.063742235
0.28209481 0.33659133 0.090683348 -0.34236708 -0.5273807 0.13968822 -0.28279927 -0.14208521 0.0089732762
0.28209481 0.30105644 0.15113892 -0.35391307 -0.48761138 0.20823491 -0.22485739 -0.24479482 0.07921727
0.28209481 0.26007608 0.20725498 -0.35796401 -0.42605832 0.24668041 -0.14514832 -0.33952647 0.13843474
0.28209481 0.33955419 -0.029311858 -0.3501088 -0.54405332 -0.045549303 -0.31198633 0.046965148 0.016656317
0.28209481 0.31462955 0.030227784 -0.37259486 -0.53649503 0.043524634 -0.3117702 -0.051543329 0.091151968
0.28209481 0.28209481 0.091658153 -0.38827017 -0.50125462 0.11833017 -0.28209481 -0.1628675 0.1628675
0.28209481 0.24355978 0.15113892 -0.39568684 -0.44104862 0.16846558 -0.22485739 -0.27368891 0.22252266
0.28209481 0.20172156 0.205183 -0.39489335 -0.36455366 0.18941878 -0.14853522 -0.3708092 0.2637164
0.28209481 0.30916554 -0.085423335 -0.36858097 -0.5214988 -0.12086399 -0.28647059 0.14409162 0.092143744
0.28209481 0.28666559 -0.029607853 -0.39456132 -0.51762992 -0.038842913 -0.31191722 0.05346268 0.16818815
0.28209481 0.25713289 0.030227784 -0.41436863 -0.48761138 0.035570767 -0.3117702 -0.057322152 0.24160038
0.28209481 0.221598 0.090683348 -0.42591462 -0.43193433 0.091965027 -0.28279927 -0.17675814 0.30272707
0.28209481 0.18224722 0.14803927 -0.42848891 -0.35737962 0.12347162 -0.22853278 -0.29029918 0.34412363
0.28209481 0.14179695 0.19932112 -0.42296234 -0.27447191 0.12934496 -0.15793291 -0.38581961 0.36334947
0.28209481 0.27582228 -0.13612641 -0.37963679 -0.47921115 -0.17183082 -0.24194951 0.23650484 0.15570514
0.28209481 0.25500393 -0.085423335 -0.40793169 -0.47606212 -0.099690251 -0.28647059 0.15947524 0.23198345
0.28209481 0.22804525 -0.029311858 -0.43112481 -0.44993868 -0.030591 -0.31198633 0.05783299 0.30631125
0.28209481 0.19554198 0.029607853 -0.44678757 -0.39982539 0.026495751 -0.31191722 -0.060539287 0.36927989
0.28209481 0.15912893 0.087935574 -0.45351708 -0.33027226 0.064038783 -0.28474447 -0.18251036 0.41269499
0.28209481 0.12110905 0.14237222 -0.45143679 -0.25020894 0.078909844 -0.23505552 -0.29413825 0.43276745
0.28209481 0.083790816 0.19057699 -0.44203159 -0.16950363 0.073079601 -0.17144515 -0.38552547 0.43103588
0.28209481 0.24192174 -0.18006705 -0.38442445 -0.42561328 -0.19936019 -0.18688408 0.31679225 0.20423813
0.28209481 0.22213854 -0.13497308 -0.41372594 -0.42059681 -0.13721462 -0.24318872 0.25555784 0.27876022
0.28209481 0.19717467 -0.083863392 -0.43911445 -0.39623985 -0.075675078 -0.28751722 0.16853087 0.35225818
0.28209481 0.16736859 -0.028474445 -0.45815867 -0.35092896 -0.021810144 -0.31217813 0.059703596 0.41622213
0.28209481 0.13389488 0.028474445 -0.46903494 -0.28740776 0.017448116 -0.31217813 -0.061120905 0.46237296
0.28209481 0.098587334 0.083863392 -0.47114742 -0.21257257 0.037837539 -0.28751722 -0.18082502 0.48570025
0.28209481 0.063468151 0.13497308 -0.46528107 -0.13514517 0.039204177 -0.24318872 -0.28740337 0.48615298
0.28209481 0.030240217 0.18006705 -0.45320392 -0.062720262 0.024920024 -0.18688408 -0.37347129 0.46789536
0.28209481 -0.32760784 -0.19057699 -0.30836007 0.46231899 0.28572881 -0.17144515 0.26894155 -0.02801013
0.28209481 -0.36332718 -0.19932112 -0.25883755 0.43038237 0.33142135 -0.15793291 0.23610757 -0.14875713
0.28209481 -0.36332718 -0.14237222 -0.29403391 0.48890513 0.23672953 -0.23505552 0.1915808 -0.10423036
0.28209481 -0.39530867 -0.205183 -0.20090647 0.36346248 0.37119919 -0.14853522 0.18865339 -0.26521829
0.28209481 -0.39930055 -0.14803927 -0.23953258 0.43771741 0.2705242 -0.22853278 0.16228218 -0.23354818
0.28209481 -0.39530867 -0.087935574 -0.27336937 0.49455601 0.15908536 -0.28474447 0.11001293 -0.18657783
0.28209481 -0.42081192 -0.20725498 -0.13673007 0.26331854 0.39913729 -0.14514832 0.12968756 -0.36242685
0.28209481 -0.42962289 -0.15113892 -0.17695653 0.34792316 0.29716182 -0.22485739 0.12239741 -0.35069889
0.28209481 -0.42962289 -0.090683348 -0.21432014 0.42138559 0.1782971 -0.28279927 0.088944651 -0.31724614
0.28209481 -0.42081192 -0.029607853 -0.24652204 0.47475889 0.057019614 -0.31191722 0.033403501 -0.26614279
0.28209481 -0.43790129 -0.205183 -0.069819853 0.1399215 0.41119415 -0.14853522 0.065561607 -0.42763031
0.28209481 -0.45158467 -0.15113892 -0.10936515 0.22602031 0.31235236 -0.22485739 0.07564576 -0.4392665
0.28209481 -0.45643896 -0.091658153 -0.14830601 0.3097924 0.19146222 -0.28209481 0.062209848 -0.42639267
0.28209481 -0.45158467 -0.030227784 -0.18409234 0.38045582 0.062470473 -0.3117702 0.025466623 -0.38908735
0.28209481 -0.43790129 0.029311858 -0.21474566 0.43035802 -0.058742017 -0.31198633 -0.028806934 -0.33326176
0.28209481 -0.44607875 -0.19932112 -0.0041543655 0.0084809707 0.40690604 -0.15793291 0.0037895474 -0.45528644
0.28209481 -0.46383464 -0.14803927 -0.04091705 0.086855397 0.31424576 -0.22853278 0.027721105 -0.48846436
0.28209481 -0.47354642 -0.090683348 -0.07913737 0.17150369 0.19652574 -0.28279927 0.03284267 -0.49879596
0.28209481 -0.47354642 -0.030227784 -0.11650097 0.25247675 0.065508582 -0.3117702 0.016116291 -0.48206958
0.28209481 -0.46383464 0.029607853 -0.15070902 0.31991288 -0.062849149 -0.31191722 -0.020420928 -0.44032231
0.28209481 -0.44607875 0.085423335 -0.18013611 0.36774066 -0.1743883 -0.28647059 -0.070421718 -0.38107514
0.28209481 -0.44628981 -0.19057699 0.056905475 -0.11622521 0.38923934 -0.17144515 -0.049631089 -0.44834709
0.28209481 -0.46676666 -0.14237222 0.024320081 -0.051951025 0.30412659 -0.23505552 -0.015845997 -0.49718535
0.28209481 -0.4804939 -0.087935574 -0.011196134 0.024619842 0.19336675 -0.28474447 0.0045056972 -0.52800643
0.28209481 -0.48534602 -0.029607853 -0.047906514 0.10640827 0.065763921 -0.31191722 0.0064912871 -0.5337652
0.28209481 -0.4804939 0.029311858 -0.083659038 0.18396281 -0.064455584 -0.31198633 -0.011222393 -0.51227832
0.28209481 -0.46676666 0.085423335 -0.11646532 0.2487859 -0.18247595 -0.28647059 -0.045530505 -0.46750084
0.28209481 -0.44628981 0.13612641 -0.14500836 0.29616877 -0.2780281 -0.24194951 -0.090336807 -0.40764135
0.28209481 -0.39450425 -0.19057699 0.21628506 -0.39048785 0.34407368 -0.17144515 -0.18863675 -0.24908361
0.28209481 -0.35844341 -0.19932112 0.26555946 -0.43562388 0.32696646 -0.15793291 -0.24223918 -0.13262536
0.28209481 -0.39191714 -0.14237222 0.2546832 -0.45679763 0.25535762 -0.23505552 -0.16594145 -0.20304708
0.28209481 -0.31323051 -0.205183 0.31387737 -0.44993871 0.2941269 -0.14853522 -0.2947343 0.0009282247
0.28209481 -0.35119969 -0.14803927 0.30573776 -0.49139699 0.23793611 -0.22853278 -0.20713587 -0.068339393
0.28209481 -0.38214681 -0.087935574 0.2914851 -0.50977194 0.1537886 -0.28474447 -0.1173033 -0.1397481
0.28209481 -0.26007608 -0.20725498 0.35796401 -0.42605832 0.24668041 -0.14514832 -0.33952647 0.13843474
0.28209481 -0.30105644 -0.15113892 0.35391307 -0.48761138 0.20823491 -0.22485739 -0.24479482 0.07921727
0.28209481 -0.33659133 -0.090683348 0.34236708 -0.5273807 0.13968822 -0.28279927 -0.14208521 0.0089732762
0.28209481 -0.36449444 -0.029607853 0.32403642 -0.54052281 0.049388647 -0.31191722 -0.043906625 -0.063742235
0.28209481 -0.20172156 -0.205183 0.39489335 -0.36455366 0.18941878 -0.14853522 -0.3708092 0.2637164
0.28209481 -0.24355978 -0.15113892 0.39568684 -0.44104862 0.16846558 -0.22485739 -0.27368891 0.22252266
0.28209481 -0.28209481 -0.091658153 0.38827017 -0.50125462 0.11833017 -0.28209481 -0.1628675 0.1628675
0.28209481 -0.31462955 -0.030227784 0.37259486 -0.53649503 0.043524634 -0.3117702 -0.051543329 0.091151968
0.28209481 -0.33955419 0.029311858 0.3501088 -0.54405332 -0.045549303 -0.31198633 0.046965148 0.016656317
0.28209481 -0.14179695 -0.19932112 0.42296234 -0.27447191 0.12934496 -0.15793291 -0.38581961 0.36334947
0.28209481 -0.18224722 -0.14803927 0.42848891 -0.35737962 0.12347162 -0.22853278 -0.29029918 0.34412363
0.28209481 -0.221598 -0.090683348 0.42591462 -0.43193433 0.091965027 -0.28279927 -0.17675814 0.30272707
0.28209481 -0.25713289 -0.030227784 0.41436863 -0.48761138 0.035570767 -0.3117702 -0.057322152 0.24160038
0.28209481 -0.28666559 0.029607853 0.39456132 -0.51762992 -0.038842913 -0.31191722 0.05346268 0.16818815
0.28209481 -0.30916554 0.085423335 0.36858097 -0.5214988 -0.12086399 -0.28647059 0.14409162 0.092143744
0.28209481 -0.083790816 -0.19057699 0.44203159 -0.16950363 0.073079601 -0.17144515 -0.38552547 0.43103588
0.28209481 -0.12110905 -0.14237222 0.45143679 -0.25020894 0.078909844 -0.23505552 -0.29413825 0.43276745
0.28209481 -0.15912893 -0.087935574 0.45351708 -0.33027226 0.064038783 -0.28474447 -0.18251036 0.41269499
0.28209481 -0.19554198 -0.029607853 0.44678757 -0.39982539 0.026495751 -0.31191722 -0.060539287 0.36927989
0.28209481 -0.22804525 0.029311858 0.43112481 -0.44993868 -0.030591 -0.31198633 0.05783299 0.30631125
0.28209481 -0.25500393 0.085423335 0.40793169 -0.47606212 -0.099690251 -0.28647059 0.15947524 0.23198345
0.28209481 -0.27582228 0.13612641 0.37963679 -0.47921115 -0.17183082 -0.24194951 0.23650484 0.15570514
0.28209481 0.083790816 -0.19057699 0.44203159 0.16950363 -0.073079601 -0.17144515 -0.38552547 0.43103588
0.28209481 0.14179695 -0.19932112 0.42296234 0.27447191 -0.12934496 -0.15793291 -0.38581961 0.36334947
0.28209481 0.12110905 -0.14237222 0.45143679 0.25020894 -0.078909844 -0.23505552 -0.29413825 0.43276745
0.28209481 0.20172156 -0.205183 0.39489335 0.36455366 -0.18941878 -0.14853522 -0.3708092 0.2637164
0.28209481 0.18224722 -0.14803927 0.42848891 0.35737962 -0.12347162 -0.22853278 -0.29029918 0.34412363
0.28209481 0.15912893 -0.087935574 0.45351708 0.33027226 -0.064038783 -0.28474447 -0.18251036 0.41269499
0.28209481 0.26007608 -0.20725498 0.35796401 0.42605832 -0.24668041 -0.14514832 -0.33952647 0.13843474
0.28209481 0.24355978 -0.15113892 0.39568684 0.44104862 -0.16846558 -0.22485739 -0.27368891 0.22252266
0.28209481 0.221598 -0.090683348 0.42591462 0.43193433 -0.091965027 -0.28279927 -0.17675814 0.30272707
0.28209481 0.19554198 -0.029607853 0.44678757 0.39982539 -0.026495751 -0.31191722 -0.060539287 0.36927989
0.28209481 0.31323051 -0.205183 0.31387737 0.44993871 -0.2941269 -0.14853522 -0.2947343 0.0009282247
0.28209481 0.30105644 -0.15113892 0.35391307 0.48761138 -0.20823491 -0.22485739 -0.24479482 0.07921727
0.28209481 0.28209481 -0.091658153 0.38827017 0.50125462 -0.11833017 -0.28209481 -0.1628675 0.1628675
0.28209481 0.25713289 -0.030227784 0.41436863 0.48761138 -0.035570767 -0.3117702 -0.057322152 0.24160038
0.28209481 0.22804525 0.029311858 0.43112481 0.44993868 0.030591 -0.31198633 0.05783299 0.30631125
0.28209481 0.35844341 -0.19932112 0.26555946 0.43562388 -0.32696646 -0.15793291 -0.24223918 -0.13262536
0.28209481 0.35119969 -0.14803927 0.30573776 0.49139699 -0.23793611 -0.22853278 -0.20713587 -0.068339393
0.28209481 0.33659133 -0.090683348 0.34236708 0.5273807 -0.13968822 -0.28279927 -0.14208521 0.0089732762
0.28209481 0.31462955 -0.030227784 0.37259486 0.53649503 -0.043524634 -0.3117702 -0.051543329 0.091151968
0.28209481 0.28666559 0.029607853 0.39456132 0.51762992 0.038842913 -0.31191722 0.05346268 0.16818815
0.28209481 0.25500393 0.085423335 0.40793169 0.47606212 0.099690251 -0.28647059 0.15947524 0.23198345
0.28209481 0.39450425 -0.19057699 0.21628506 0.39048785 -0.34407368 -0.17144515 -0.18863675 -0.24908361
0.28209481 0.39191714 -0.14237222 0.2546832 0.45679763 -0.25535762 -0.23505552 -0.16594145 -0.20304708
0.28209481 0.38214681 -0.087935574 0.2914851 0.50977194 -0.1537886 -0.28474447 -0.1173033 -0.1397481
0.28209481 0.36449444 -0.029607853 0.32403642 0.54052281 -0.049388647 -0.31191722 -0.043906625 -0.063742235
0.28209481 0.33955419 0.029311858 0.3501088 0.54405332 0.045549303 -0.31198633 0.046965148 0.016656317
0.28209481 0.30916554 0.085423335 0.36858097 0.5214988 0.12086399 -0.28647059 0.14409162 0.092143744
0.28209481 0.27582228 0.13612641 0.37963679 0.47921115 0.17183082 -0.24194951 0.23650484 0.15570514
0.28209481 0.44628981 -0.19057699 0.056905475 0.11622521 -0.38923934 -0.17144515 -0.049631089 -0.44834709
0.28209481 0.44607875 -0.19932112 -0.0041543655 -0.0084809707 -0.40690604 -0.15793291 0.0037895474 -0.45528644
0.28209481 0.46676666 -0.14237222 0.024320081 0.051951025 -0.30412659 -0.23505552 -0.015845997 -0.49718535
0.28209481 0.43790129 -0.205183 -0.069819853 -0.1399215 -0.41119415 -0.14853522 0.065561607 -0.42763031
0.28209481 0.46383464 -0.14803927 -0.04091705 -0.086855397 -0.31424576 -0.22853278 0.027721105 -0.48846436
0.28209481 0.4804939 -0.087935574 -0.011196134 -0.024619842 -0.19336675 -0.28474447 0.0045056972 -0.52800643
0.28209481 0.42081192 -0.20725498 -0.13673007 -0.26331854 -0.39913729 -0.14514832 0.12968756 -0.36242685
0.28209481 0.45158467 -0.15113892 -0.10936515 -0.22602031 -0.31235236 -0.22485739 0.07564576 -0.4392665
0.28209481 0.47354642 -0.090683348 -0.07913737 -0.17150369 -0.19652574 -0.28279927 0.03284267 -0.49879596
0.28209481 0.48534602 -0.029607853 -0.047906514 -0.10640827 -0.065763921 -0.31191722 0.0064912871 -0.5337652
0.28209481 0.39530867 -0.205183 -0.20090647 -0.36346248 -0.37119919 -0.14853522 0.18865339 -0.26521829
0.28209481 0.42962289 -0.15113892 -0.17695653 -0.34792316 -0.29716182 -0.22485739 0.12239741 -0.35069889
0.28209481 0.45643896 -0.091658153 -0.14830601 -0.3097924 -0.19146222 -0.28209481 0.062209848 -0.42639267
0.28209481 0.47354642 -0.030227784 -0.11650097 -0.25247675 -0.065508582 -0.3117702 0.016116291 -0.48206958
0.28209481 0.4804939 0.029311858 -0.083659038 -0.18396281 0.064455584 -0.31198633 -0.011222393 -0.51227832
0.28209481 0.36332718 -0.19932112 -0.25883755 -0.43038237 -0.33142135 -0.15793291 0.23610757 -0.14875713
0.28209481 0.39930055 -0.14803927 -0.23953258 -0.43771741 -0.2705242 -0.22853278 0.16228218 -0.23354818
0.28209481 0.42962289 -0.090683348 -0.21432014 -0.42138559 -0.1782971 -0.28279927 0.088944651 -0.31724614
0.28209481 0.45158467 -0.030227784 -0.18409234 -0.38045582 -0.062470473 -0.3117702 0.025466623 -0.38908735
0.28209481 0.46383464 0.029607853 -0.15070902 -0.31991288 0.062849149 -0.31191722 -0.020420928 -0.44032231
0.28209481 0.46676666 0.085423335 -0.11646532 -0.2487859 0.18247595 -0.28647059 -0.045530505 -0.46750084
0.28209481 0.32760784 -0.19057699 -0.30836007 -0.46231899 -0.28572881 -0.17144515 0.26894155 -0.02801013
0.28209481 0.36332718 -0.14237222 -0.29403391 -0.48890513 -0.23672953 -0.23505552 0.1915808 -0.10423036
0.28209481 0.39530867 -0.087935574 -0.27336937 -0.49455601 -0.15908536 -0.28474447 0.11001293 -0.18657783
0.28209481 0.42081192 -0.029607853 -0.24652204 -0.47475889 -0.057019614 -0.31191722 0.033403501 -0.26614279
0.28209481 0.43790129 0.029311858 -0.21474566 -0.43035802 0.058742017 -0.31198633 -0.028806934 -0.33326176
0.28209481 0.44607875 0.085423335 -0.18013611 -0.36774066 0.1743883 -0.28647059 -0.070421718 -0.38107514
0.28209481 0.44628981 0.13612641 -0.14500836 -0.29616877 0.2780281 -0.24194951 -0.090336807 -0.40764135
0.28209481 0.19203146 -0.19057699 -0.40686208 -0.35755998 -0.16748354 -0.17144515 0.35485178 0.29440495
0.28209481 0.13389488 -0.19932112 -0.42552987 -0.2607494 -0.12213681 -0.15793291 0.38816169 0.37331945
0.28209481 0.16736859 -0.14237222 -0.43640614 -0.3342675 -0.10905072 -0.23505552 0.28434488 0.37169537
0.28209481 0.068916313 -0.205183 -0.4380444 -0.13815591 -0.06471318 -0.14853522 0.41132852 0.42820397
0.28209481 0.10441837 -0.14803927 -0.45377705 -0.21684465 -0.070742942 -0.22853278 0.30743176 0.44622827
0.28209481 0.13783263 -0.087935574 -0.46043667 -0.29043654 -0.055468436 -0.28474447 0.18529505 0.44163737
0.28209481 -1.2403548e-17 -0.20725498 -0.44246784 2.5116376e-17 1.1764683e-17 -0.14514832 0.41967779 0.44798425
0.28209481 0.035534892 -0.15113892 -0.46327823 -0.0753401 -0.024578797 -0.22485739 0.32044056 0.48822546
0.28209481 0.071069784 -0.090683348 -0.47482422 -0.15443552 -0.029494556 -0.28279927 0.19705603 0.50434178
0.28209481 0.10441836 -0.029607853 -0.47639543 -0.22765321 -0.014148588 -0.31191722 0.064551122 0.49437031
0.28209481 -0.068916313 -0.205183 -0.4380444 0.13815591 0.06471318 -0.14853522 0.41132852 0.42820397
0.28209481 -0.035534892 -0.15113892 -0.46327823 0.0753401 0.024578797 -0.22485739 0.32044056 0.48822546
0.28209481 -1.7065838e-17 -0.091658153 -0.47992831 3.7482909e-17 7.158598e-18 -0.28209481 0.2013153 0.52705032
0.28209481 0.035534892 -0.030227784 -0.48637021 -0.079095408 -0.0049157594 -0.3117702 0.067282565 0.53840458
0.28209481 0.068916313 0.029311858 -0.48282892 -0.15228061 0.00924474 -0.31198633 -0.064768814 0.52257252
0.28209481 -0.13389488 -0.19932112 -0.42552987 0.2607494 0.12213681 -0.15793291 0.38816169 0.37331945
0.28209481 -0.10441837 -0.14803927 -0.45377705 0.21684465 0.070742942 -0.22853278 0.30743176 0.44622827
0.28209481 -0.071069784 -0.090683348 -0.47482422 0.15443552 0.029494556 -0.28279927 0.19705603 0.50434178
0.28209481 -0.035534892 -0.030227784 -0.48637021 0.079095408 0.0049157594 -0.3117702 0.067282565 0.53840458
0.28209481 -2.4807097e-17 0.029607853 -0.4877046 5.536842e-17 -3.361338e-18 -0.31191722 -0.066083506 0.54426831
0.28209481 0.033473719 0.085423335 -0.47991121 -0.073518082 0.013086087 -0.28647059 -0.18761463 0.52444881
0.28209481 -0.19203146 -0.19057699 -0.40686208 0.35755998 0.16748354 -0.17144515 0.35485178 0.29440495
0.28209481 -0.16736859 -0.14237222 -0.43640614 0.3342675 0.10905072 -0.23505552 0.28434488 0.37169537
0.28209481 -0.13783263 -0.087935574 -0.46043667 0.29043654 0.055468436 -0.28474447 0.18529505 0.44163737
0.28209481 -0.10441836 -0.029607853 -0.47639543 0.22765321 0.014148588 -0.31191722 0.064551122 0.49437031
0.28209481 -0.068916313 0.029311858 -0.48282892 0.15228061 -0.00924474 -0.31198633 -0.064768814 0.52257252
0.28209481 -0.033473719 0.085423335 -0.47991121 0.073518082 -0.013086087 -0.28647059 -0.18761463 0.52444881
0.28209481 -1.5207232e-17 0.13612641 -0.46925688 3.265804e-17 -9.47375e-18 -0.24194951 -0.29233605 0.50387245
