0.28209481 0 0.48860252 0 0 0 0.63078314 0 0 0 0 0 0.74635267 0 0 0
0.28209481 0 0.21850967 -0.43701938 0 0 -0.12615664 -0.43701935 0.43701938 0 0 0 -0.33377907 3.3592887e-08 0.51708829 -0.42220083
0.28209481 -0.41563013 0.21850967 -0.13504641 0.25687355 -0.4156301 -0.12615664 -0.13504641 -0.3535561 0.24816343 0.30393687 3.1948733e-08 -0.33377907 1.0380773e-08 -0.4183332 0.34156767
0.28209481 -0.25687355 0.21850967 0.3535561 -0.41563013 -0.25687355 -0.12615664 0.3535561 0.13504642 -0.40153685 -0.49178019 1.9745404e-08 -0.33377907 -2.7177215e-08 0.15978907 -0.13046724
0.28209481 0.25687355 0.21850967 0.3535561 0.41563013 0.25687355 -0.12615664 0.3535561 0.13504642 0.40153685 0.49178019 -1.9745404e-08 -0.33377907 -2.7177215e-08 0.15978907 -0.13046724
0.28209481 0.41563013 0.21850967 -0.13504641 -0.25687355 0.4156301 -0.12615664 -0.13504641 -0.3535561 -0.24816343 -0.30393687 -3.1948733e-08 -0.33377907 1.0380773e-08 -0.4183332 0.34156767
0.28209481 -0.25687355 -0.21850967 -0.3535561 0.41563013 0.25687355 -0.12615664 0.3535561 0.13504642 -0.40153685 -0.49178019 1.9745404e-08 0.33377907 2.7177215e-08 -0.15978907 0.13046724
0.28209481 -0.41563013 -0.21850967 0.13504641 -0.25687355 0.4156301 -0.12615664 -0.13504641 -0.3535561 0.24816343 0.30393687 3.1948733e-08 0.33377907 -1.0380773e-08 0.4183332 -0.34156767
0.28209481 -5.3519439e-17 -0.21850967 0.43701938 -1.0703888e-16 5.3519436e-17 -0.12615664 -0.43701935 0.43701938 -1.5511407e-16 1.266501e-16 4.113942e-24 0.33377907 -3.3592887e-08 -0.51708829 0.42220083
0.28209481 0.41563013 -0.21850967 0.13504641 0.25687355 -0.4156301 -0.12615664 -0.13504641 -0.3535561 -0.24816343 -0.30393687 -3.1948733e-08 0.33377907 -1.0380773e-08 0.4183332 -0.34156767
0.28209481 0.25687355 -0.21850967 -0.3535561 -0.41563013 -0.25687355 -0.12615664 0.3535561 0.13504642 0.40153685 0.49178019 -1.9745404e-08 0.33377907 2.7177215e-08 -0.15978907 0.13046724
0.28209481 0 -0.48860252 0 0 0 0.63078314 0 0 0 0 0 -0.74635267 0 0 0
0.28209481 0 0.30038831 -0.38535604 0 0 0.042231869 -0.52975434 0.33980024 0 0 0 -0.25469923 -0.32075787 0.55271339 -0.28946999
0.28209481 -0.36649537 0.30038831 -0.11908156 0.19972956 -0.50382632 0.042231869 -0.16370308 -0.27490416 0.1701462 0.32487679 -0.30505884 -0.25469923 -0.099119626 -0.44715455 0.23418614
0.28209481 0 0.38097942 -0.30592009 0 0 0.2598668 -0.53338253 0.21414864 0 0 0 0.011614757 -0.58374661 0.44178417 -0.14482416
0.28209481 -0.29094729 0.38097942 -0.094534509 0.12587342 -0.50727695 0.2598668 -0.16482428 -0.17324989 0.085125506 0.25967422 -0.55517602 0.011614757 -0.18038763 -0.35741091 0.11716521
0.28209481 0 0.44400242 -0.20394672 0 0 0.46593145 -0.4144111 0.095177174 0 0 0 0.38280767 -0.59690571 0.22882921 -0.042910863
0.28209481 -0.19396487 0.44400242 -0.063023008 0.055943739 -0.39412838 0.46593145 -0.12806007 -0.076999947 0.025222372 0.13450244 -0.56769109 0.38280767 -0.18445401 -0.18512672 0.034715615
0.28209481 0 0.47901067 -0.09633901 0 0 0.59399867 -0.21119161 0.021237515 0 0 0 0.66058499 -0.3429502 0.055086121 -0.0045229685
0.28209481 -0.10004011 0.45800099 -0.13769341 0.063040055 -0.20968622 0.51597548 -0.28860834 0.020482956 -0.02371864 0.15634225 -0.31754205 0.48738414 -0.43705913 0.050798677 0.0077066533
0.28209481 -0.091623843 0.47901067 -0.029770391 0.012483098 -0.20085517 0.59399867 -0.065261796 -0.01718151 0.0026585343 0.032378808 -0.32616502 0.66058499 -0.10597744 -0.044565607 0.0036591585
0.28209481 -0.10340652 0.40621537 -0.25105491 0.11880808 -0.1922355 0.33860078 -0.46671784 0.11975593 -0.093313023 0.26133385 -0.23756199 0.14146905 -0.57676345 0.26341876 -0.039304677
0.28209481 -0.20681304 0.40621537 -0.17592569 0.16650853 -0.384471 0.33860078 -0.32705057 -0.02705095 -0.052389115 0.36625719 -0.47512397 0.14146905 -0.40416458 -0.059502088 0.086646169
0.28209481 -0.10004011 0.327981 -0.3480702 0.1593567 -0.15015927 0.11094961 -0.52245009 0.25432473 -0.17886274 0.28301686 -0.11725189 -0.18713002 -0.40795523 0.45167974 -0.16044991
0.28209481 -0.20681304 0.33901775 -0.28465372 0.26941645 -0.3208704 0.14012566 -0.44164023 0.087538712 -0.20955646 0.49458379 -0.2722218 -0.15350564 -0.37468117 0.16070001 0.068089023
0.28209481 -0.30012032 0.327981 -0.2027034 0.27841061 -0.45047781 0.11094961 -0.3042559 -0.11208552 -0.050392903 0.49445614 -0.35175568 -0.18713002 -0.23757827 -0.19906345 0.23493958
0.28209481 -0.091623843 0.24084751 -0.41512644 0.17406771 -0.10099038 -0.085488752 -0.45756403 0.37512073 -0.23572062 0.22701456 -0.018418856 -0.32836848 -0.083451577 0.48922268 -0.30898929
0.28209481 -0.19396487 0.25493339 -0.3689431 0.32750034 -0.22629716 -0.057810813 -0.43044278 0.22538278 -0.36375022 0.45209721 -0.065529622 -0.31909448 -0.12464475 0.31112921 -0.043394521
0.28209481 -0.29094729 0.25493339 -0.29848123 0.39743003 -0.33944574 -0.057810813 -0.34823552 0.010161377 -0.26877347 0.54863149 -0.098294437 -0.31909448 -0.10083972 0.014027252 0.24891391
0.28209481 -0.36649537 0.24084751 -0.21542057 0.36131418 -0.40396151 -0.085488752 -0.23744261 -0.20116462 -0.0090826368 0.4712165 -0.073675424 -0.32836848 -0.04330533 -0.26235366 0.38853067
0.28209481 -0.22650661 0.30038831 0.31175959 -0.32316923 -0.31138176 0.042231869 0.42858025 0.10500404 -0.27530232 -0.52566171 -0.18853673 -0.25469923 0.25949857 0.17079784 -0.089451149
0.28209481 -0.17981532 0.38097942 0.24749455 -0.20366746 -0.31351441 0.2598668 0.43151554 0.066175565 -0.13773596 -0.42016172 -0.34311765 0.011614757 0.47226092 0.13651882 -0.044753127
0.28209481 -0.11987688 0.44400242 0.16499637 -0.090518869 -0.24358474 0.46593145 0.33526564 0.029411364 -0.040810656 -0.21762951 -0.35085237 0.38280767 0.48290688 0.070712112 -0.013260186
0.28209481 -0.1618683 0.45800099 0.0525942 -0.038960896 -0.33927944 0.51597548 0.11023857 -0.053625077 0.014658926 -0.096624821 -0.51379383 0.48738414 0.16694173 -0.13299266 -0.02017628
0.28209481 -0.056626651 0.47901067 0.077939898 -0.020198077 -0.12413532 0.59399867 0.17085761 0.0065627526 -0.0043015988 -0.052390013 -0.20158106 0.66058499 0.27745253 0.017022546 -0.0013976742
0.28209481 -0.27072179 0.40621537 0.02076521 -0.025726981 -0.50327909 0.33860078 0.038603082 -0.16671821 0.098594531 -0.056589849 -0.62194532 0.14146905 0.047705159 -0.36671844 -0.023049869
0.28209481 -0.23122402 0.40621537 0.14232686 -0.15060838 -0.42985165 0.33860078 0.26458946 -0.075986579 -0.0085456576 -0.33128273 -0.53120476 0.14146905 0.32697603 -0.16714238 -0.10089178
0.28209481 -0.36194852 0.327981 -0.012415806 0.020566057 -0.54328132 0.11094961 -0.018636009 -0.29942057 0.23901308 0.036525238 -0.42422131 -0.18713002 -0.01455193 -0.53176969 0.024673823
0.28209481 -0.33463052 0.33901775 0.10872805 -0.16650853 -0.51917922 0.14012566 0.16869156 -0.22917932 0.12951301 -0.30566958 -0.44046414 -0.15350564 0.14311548 -0.4207181 -0.17825937
0.28209481 -0.28552467 0.327981 0.2227926 -0.29112113 -0.42856985 0.11094961 0.33440959 -0.072966553 -0.097325303 -0.51703 -0.33464885 -0.18713002 0.26112381 -0.12958832 -0.21969031
0.28209481 -0.42312202 0.24084751 -0.04114167 0.079666704 -0.46637699 -0.085488752 -0.045347504 -0.40579349 0.37232134 0.10389923 -0.085058905 -0.32836848 -0.0082705822 -0.52922529 0.11142448
0.28209481 -0.41082418 0.25493339 0.070461862 -0.13247667 -0.47930509 -0.057810813 0.082207255 -0.37483838 0.31978676 -0.18287717 -0.13879398 -0.31909448 0.02380503 -0.51744491 -0.1787001
0.28209481 -0.37378019 0.25493339 0.18447155 -0.31555495 -0.43608618 -0.057810813 0.21522139 -0.24182422 0.071134359 -0.43560719 -0.12627892 -0.31909448 0.062322374 -0.33382577 -0.35935667
0.28209481 -0.31813043 0.24084751 0.28198919 -0.41055089 -0.35065231 -0.085488752 0.31081641 -0.049629543 -0.2210246 -0.53542978 -0.063952774 -0.32836848 0.056687411 -0.064725555 -0.31966656
0.28209481 0.22650661 0.30038831 0.31175959 0.32316923 0.31138176 0.042231869 0.42858025 0.10500404 0.27530232 0.52566171 0.18853673 -0.25469923 0.25949857 0.17079784 -0.089451149
0.28209481 0.17981532 0.38097942 0.24749455 0.20366746 0.31351441 0.2598668 0.43151554 0.066175565 0.13773596 0.42016172 0.34311765 0.011614757 0.47226092 0.13651882 -0.044753127
0.28209481 0.11987688 0.44400242 0.16499637 0.090518869 0.24358474 0.46593145 0.33526564 0.029411364 0.040810656 0.21762951 0.35085237 0.38280767 0.48290688 0.070712112 -0.013260186
0.28209481 -2.0843294e-17 0.45800099 0.17019841 -1.6234956e-17 -4.3687991e-17 0.51597548 0.35673952 0.066284239 -9.1625332e-18 -4.026344e-17 -6.6159679e-17 0.48738414 0.5402348 0.16438797 0.024939254
0.28209481 0.056626651 0.47901067 0.077939898 0.020198077 0.12413532 0.59399867 0.17085761 0.0065627526 0.0043015988 0.052390013 0.20158106 0.66058499 0.27745253 0.017022546 -0.0013976742
0.28209481 -0.063908748 0.40621537 0.26388854 -0.077180944 -0.11880808 0.33860078 0.49057585 0.14999981 -0.066216283 -0.16976954 -0.14682138 0.14146905 0.60624689 0.32994413 0.076600149
0.28209481 0.063908748 0.40621537 0.26388854 0.077180944 0.11880808 0.33860078 0.49057585 0.14999981 0.066216283 0.16976954 0.14682138 0.14146905 0.60624689 0.32994413 0.076600149
0.28209481 -0.12365638 0.327981 0.34039682 -0.19263327 -0.18560706 0.11094961 0.51093239 0.23014788 -0.20786855 -0.34211594 -0.1449313 -0.18713002 0.39896166 0.40874174 0.12052682
0.28209481 -4.3089363e-17 0.33901775 0.35185137 -6.938389e-17 -6.6853141e-17 0.14012566 0.54589736 0.28328124 -8.0951859e-17 -1.2737213e-16 -5.671724e-17 -0.15350564 0.4631314 0.52003616 0.2203407
0.28209481 0.12365638 0.327981 0.34039682 0.19263327 0.18560706 0.11094961 0.51093239 0.23014788 0.20786855 0.34211594 0.1449313 -0.18713002 0.39896166 0.40874174 0.12052682
0.28209481 -0.16987996 0.24084751 0.38969949 -0.30297115 -0.18724646 -0.085488752 0.42953771 0.2814669 -0.36670795 -0.39512706 -0.03415044 -0.32836848 0.078340076 0.36708179 0.12870069
0.28209481 -0.059938438 0.25493339 0.41249093 -0.11314858 -0.069929667 -0.057810813 0.48124966 0.38111845 -0.15367565 -0.15619574 -0.020249767 -0.31909448 0.13935708 0.52611423 0.33253738
0.28209481 0.059938438 0.25493339 0.41249093 0.11314858 0.069929667 -0.057810813 0.48124966 0.38111845 0.15367565 0.15619574 0.020249767 -0.31909448 0.13935708 0.52611423 0.33253738
0.28209481 0.16987996 0.24084751 0.38969949 0.30297115 0.18724646 -0.085488752 0.42953771 0.2814669 0.36670795 0.39512706 0.03415044 -0.32836848 0.078340076 0.36708179 0.12870069
0.28209481 0.36649537 0.30038831 -0.11908156 -0.19972956 0.50382632 0.042231869 -0.16370308 -0.27490416 -0.1701462 -0.32487679 0.30505884 -0.25469923 -0.099119626 -0.44715455 0.23418614
0.28209481 0.29094729 0.38097942 -0.094534509 -0.12587342 0.50727695 0.2598668 -0.16482428 -0.17324989 -0.085125506 -0.25967422 0.55517602 0.011614757 -0.18038763 -0.35741091 0.11716521
0.28209481 0.19396487 0.44400242 -0.063023008 -0.055943739 0.39412838 0.46593145 -0.12806007 -0.076999947 -0.025222372 -0.13450244 0.56769109 0.38280767 -0.18445401 -0.18512672 0.034715615
0.28209481 0.1618683 0.45800099 0.0525942 0.038960896 0.33927944 0.51597548 0.11023857 -0.053625077 -0.014658926 0.096624821 0.51379383 0.48738414 0.16694173 -0.13299266 -0.02017628
0.28209481 0.091623843 0.47901067 -0.029770391 -0.012483098 0.20085517 0.59399867 -0.065261796 -0.01718151 -0.0026585343 -0.032378808 0.32616502 0.66058499 -0.10597744 -0.044565607 0.0036591585
0.28209481 0.23122402 0.40621537 0.14232686 0.15060838 0.42985165 0.33860078 0.26458946 -0.075986579 0.0085456576 0.33128273 0.53120476 0.14146905 0.32697603 -0.16714238 -0.10089178
0.28209481 0.27072179 0.40621537 0.02076521 0.025726981 0.50327909 0.33860078 0.038603082 -0.16671821 -0.098594531 0.056589849 0.62194532 0.14146905 0.047705159 -0.36671844 -0.023049869
0.28209481 0.28552467 0.327981 0.2227926 0.29112113 0.42856985 0.11094961 0.33440959 -0.072966553 0.097325303 0.51703 0.33464885 -0.18713002 0.26112381 -0.12958832 -0.21969031
0.28209481 0.33463052 0.33901775 0.10872805 0.16650853 0.51917922 0.14012566 0.16869156 -0.22917932 -0.12951301 0.30566958 0.44046414 -0.15350564 0.14311548 -0.4207181 -0.17825937
0.28209481 0.36194852 0.327981 -0.012415806 -0.020566057 0.54328132 0.11094961 -0.018636009 -0.29942057 -0.23901308 -0.036525238 0.42422131 -0.18713002 -0.01455193 -0.53176969 0.024673823
0.28209481 0.31813043 0.24084751 0.28198919 0.41055089 0.35065231 -0.085488752 0.31081641 -0.049629543 0.2210246 0.53542978 0.063952774 -0.32836848 0.056687411 -0.064725555 -0.31966656
0.28209481 0.37378019 0.25493339 0.18447155 0.31555495 0.43608618 -0.057810813 0.21522139 -0.24182422 -0.071134359 0.43560719 0.12627892 -0.31909448 0.062322374 -0.33382577 -0.35935667
0.28209481 0.41082418 0.25493339 0.070461862 0.13247667 0.47930509 -0.057810813 0.082207255 -0.37483838 -0.31978676 0.18287717 0.13879398 -0.31909448 0.02380503 -0.51744491 -0.1787001
0.28209481 0.42312202 0.24084751 -0.04114167 -0.079666704 0.46637699 -0.085488752 -0.045347504 -0.40579349 -0.37232134 -0.10389923 0.085058905 -0.32836848 -0.0082705822 -0.52922529 0.11142448
0.28209481 0.10004011 0.45800099 -0.13769341 -0.063040055 0.20968622 0.51597548 -0.28860834 0.020482956 0.02371864 -0.15634225 0.31754205 0.48738414 -0.43705913 0.050798677 0.0077066533
0.28209481 0.20681304 0.40621537 -0.17592569 -0.16650853 0.384471 0.33860078 -0.32705057 -0.02705095 0.052389115 -0.36625719 0.47512397 0.14146905 -0.40416458 -0.059502088 0.086646169
0.28209481 0.10340652 0.40621537 -0.25105491 -0.11880808 0.1922355 0.33860078 -0.46671784 0.11975593 0.093313023 -0.26133385 0.23756199 0.14146905 -0.57676345 0.26341876 -0.039304677
0.28209481 0.30012032 0.327981 -0.2027034 -0.27841061 0.45047781 0.11094961 -0.3042559 -0.11208552 0.050392903 -0.49445614 0.35175568 -0.18713002 -0.23757827 -0.19906345 0.23493958
0.28209481 0.20681304 0.33901775 -0.28465372 -0.26941645 0.3208704 0.14012566 -0.44164023 0.087538712 0.20955646 -0.49458379 0.2722218 -0.15350564 -0.37468117 0.16070001 0.068089023
0.28209481 0.10004011 0.327981 -0.3480702 -0.1593567 0.15015927 0.11094961 -0.52245009 0.25432473 0.17886274 -0.28301686 0.11725189 -0.18713002 -0.40795523 0.45167974 -0.16044991
0.28209481 0.36649537 0.24084751 -0.21542057 -0.36131418 0.40396151 -0.085488752 -0.23744261 -0.20116462 0.0090826368 -0.4712165 0.073675424 -0.32836848 -0.04330533 -0.26235366 0.38853067
0.28209481 0.29094729 0.25493339 -0.29848123 -0.39743003 0.33944574 -0.057810813 -0.34823552 0.010161377 0.26877347 -0.54863149 0.098294437 -0.31909448 -0.10083972 0.014027252 0.24891391
0.28209481 0.19396487 0.25493339 -0.3689431 -0.32750034 0.22629716 -0.057810813 -0.43044278 0.22538278 0.36375022 -0.45209721 0.065529622 -0.31909448 -0.12464475 0.31112921 -0.043394521
0.28209481 0.091623843 0.24084751 -0.41512644 -0.17406771 0.10099038 -0.085488752 -0.45756403 0.37512073 0.23572062 -0.22701456 0.018418856 -0.32836848 -0.083451577 0.48922268 -0.30898929
0.28209481 -0.36649537 -0.30038831 0.11908156 -0.19972956 0.50382632 0.042231869 -0.16370308 -0.27490416 0.1701462 0.32487679 -0.30505884 0.25469923 0.099119626 0.44715455 -0.23418614
0.28209481 -0.22650661 -0.30038831 -0.31175959 0.32316923 0.31138176 0.042231869 0.42858025 0.10500404 -0.27530232 -0.52566171 -0.18853673 0.25469923 -0.25949857 -0.17079784 0.089451149
0.28209481 -0.29094729 -0.38097942 0.094534509 -0.12587342 0.50727695 0.2598668 -0.16482428 -0.17324989 0.085125506 0.25967422 -0.55517602 -0.011614757 0.18038763 0.35741091 -0.11716521
0.28209481 -0.17981532 -0.38097942 -0.24749455 0.20366746 0.31351441 0.2598668 0.43151554 0.066175565 -0.13773596 -0.42016172 -0.34311765 -0.011614757 -0.47226092 -0.13651882 0.044753127
0.28209481 -0.19396487 -0.44400242 0.063023008 -0.055943739 0.39412838 0.46593145 -0.12806007 -0.076999947 0.025222372 0.13450244 -0.56769109 -0.38280767 0.18445401 0.18512672 -0.034715615
0.28209481 -0.11987688 -0.44400242 -0.16499637 0.090518869 0.24358474 0.46593145 0.33526564 0.029411364 -0.040810656 -0.21762951 -0.35085237 -0.38280767 -0.48290688 -0.070712112 0.013260186
0.28209481 -0.091623843 -0.47901067 0.029770391 -0.012483098 0.20085517 0.59399867 -0.065261796 -0.01718151 0.0026585343 0.032378808 -0.32616502 -0.66058499 0.10597744 0.044565607 -0.0036591585
0.28209481 -0.1618683 -0.45800099 -0.0525942 0.038960896 0.33927944 0.51597548 0.11023857 -0.053625077 0.014658926 -0.096624821 -0.51379383 -0.48738414 -0.16694173 0.13299266 0.02017628
0.28209481 -0.056626651 -0.47901067 -0.077939898 0.020198077 0.12413532 0.59399867 0.17085761 0.0065627526 -0.0043015988 -0.052390013 -0.20158106 -0.66058499 -0.27745253 -0.017022546 0.0013976742
0.28209481 -0.27072179 -0.40621537 -0.02076521 0.025726981 0.50327909 0.33860078 0.038603082 -0.16671821 0.098594531 -0.056589849 -0.62194532 -0.14146905 -0.047705159 0.36671844 0.023049869
0.28209481 -0.23122402 -0.40621537 -0.14232686 0.15060838 0.42985165 0.33860078 0.26458946 -0.075986579 -0.0085456576 -0.33128273 -0.53120476 -0.14146905 -0.32697603 0.16714238 0.10089178
0.28209481 -0.36194852 -0.327981 0.012415806 -0.020566057 0.54328132 0.11094961 -0.018636009 -0.29942057 0.23901308 0.036525238 -0.42422131 0.18713002 0.01455193 0.53176969 -0.024673823
0.28209481 -0.33463052 -0.33901775 -0.10872805 0.16650853 0.51917922 0.14012566 0.16869156 -0.22917932 0.12951301 -0.30566958 -0.44046414 0.15350564 -0.14311548 0.4207181 0.17825937
0.28209481 -0.28552467 -0.327981 -0.2227926 0.29112113 0.42856985 0.11094961 0.33440959 -0.072966553 -0.097325303 -0.51703 -0.33464885 0.18713002 -0.26112381 0.12958832 0.21969031
0.28209481 -0.42312202 -0.24084751 0.04114167 -0.079666704 0.46637699 -0.085488752 -0.045347504 -0.40579349 0.37232134 0.10389923 -0.085058905 0.32836848 0.0082705822 0.52922529 -0.11142448
0.28209481 -0.41082418 -0.25493339 -0.070461862 0.13247667 0.47930509 -0.057810813 0.082207255 -0.37483838 0.31978676 -0.18287717 -0.13879398 0.31909448 -0.02380503 0.51744491 0.1787001
0.28209481 -0.37378019 -0.25493339 -0.18447155 0.31555495 0.43608618 -0.057810813 0.21522139 -0.24182422 0.071134359 -0.43560719 -0.12627892 0.31909448 -0.062322374 0.33382577 0.35935667
0.28209481 -0.31813043 -0.24084751 -0.28198919 0.41055089 0.35065231 -0.085488752 0.31081641 -0.049629543 -0.2210246 -0.53542978 -0.063952774 0.32836848 -0.056687411 0.064725555 0.31966656
0.28209481 -4.7192504e-17 -0.30038831 0.38535604 -8.3227055e-17 6.4876192e-17 0.042231869 -0.52975434 0.33980024 -1.0634955e-16 1.3537574e-16 -3.9281507e-17 0.25469923 0.32075787 -0.55271339 0.28946999
0.28209481 -3.7464406e-17 -0.38097942 0.30592009 -5.2451288e-17 6.5320527e-17 0.2598668 -0.53338253 0.21414864 -5.3207533e-17 1.0820591e-16 -7.1488343e-17 -0.011614757 0.58374661 -0.44178417 0.14482416
0.28209481 -2.497627e-17 -0.44400242 0.20394672 -2.3311683e-17 5.0750723e-17 0.46593145 -0.4144111 0.095177174 -1.5765196e-17 5.6046992e-17 -7.309987e-17 -0.38280767 0.59690571 -0.22882921 0.042910863
0.28209481 -1.1798126e-17 -0.47901067 0.09633901 -5.201691e-18 2.5863514e-17 0.59399867 -0.21119161 0.021237515 -1.6617117e-18 1.3492208e-17 -4.1999285e-17 -0.66058499 0.3429502 -0.055086121 0.0045229685
0.28209481 -0.10004011 -0.45800099 0.13769341 -0.063040055 0.20968622 0.51597548 -0.28860834 0.020482956 -0.02371864 0.15634225 -0.31754205 -0.48738414 0.43705913 -0.050798677 -0.0077066533
0.28209481 -0.10340652 -0.40621537 0.25105491 -0.11880808 0.1922355 0.33860078 -0.46671784 0.11975593 -0.093313023 0.26133385 -0.23756199 -0.14146905 0.57676345 -0.26341876 0.039304677
0.28209481 -0.20681304 -0.40621537 0.17592569 -0.16650853 0.384471 0.33860078 -0.32705057 -0.02705095 -0.052389115 0.36625719 -0.47512397 -0.14146905 0.40416458 0.059502088 -0.086646169
0.28209481 -0.10004011 -0.327981 0.3480702 -0.1593567 0.15015927 0.11094961 -0.52245009 0.25432473 -0.17886274 0.28301686 -0.11725189 0.18713002 0.40795523 -0.45167974 0.16044991
0.28209481 -0.20681304 -0.33901775 0.28465372 -0.26941645 0.3208704 0.14012566 -0.44164023 0.087538712 -0.20955646 0.49458379 -0.2722218 0.15350564 0.37468117 -0.16070001 -0.068089023
0.28209481 -0.30012032 -0.327981 0.2027034 -0.27841061 0.45047781 0.11094961 -0.3042559 -0.11208552 -0.050392903 0.49445614 -0.35175568 0.18713002 0.23757827 0.19906345 -0.23493958
0.28209481 -0.091623843 -0.24084751 0.41512644 -0.17406771 0.10099038 -0.085488752 -0.45756403 0.37512073 -0.23572062 0.22701456 -0.018418856 0.32836848 0.083451577 -0.48922268 0.30898929
0.28209481 -0.19396487 -0.25493339 0.3689431 -0.32750034 0.22629716 -0.057810813 -0.43044278 0.22538278 -0.36375022 0.45209721 -0.065529622 0.31909448 0.12464475 -0.31112921 0.043394521
0.28209481 -0.29094729 -0.25493339 0.29848123 -0.39743003 0.33944574 -0.057810813 -0.34823552 0.010161377 -0.26877347 0.54863149 -0.098294437 0.31909448 0.10083972 -0.014027252 -0.24891391
0.28209481 -0.36649537 -0.24084751 0.21542057 -0.36131418 0.40396151 -0.085488752 -0.23744261 -0.20116462 -0.0090826368 0.4712165 -0.073675424 0.32836848 0.04330533 0.26235366 -0.38853067
0.28209481 0.36649537 -0.30038831 0.11908156 0.19972956 -0.50382632 0.042231869 -0.16370308 -0.27490416 -0.1701462 -0.32487679 0.30505884 0.25469923 0.099119626 0.44715455 -0.23418614
0.28209481 0.29094729 -0.38097942 0.094534509 0.12587342 -0.50727695 0.2598668 -0.16482428 -0.17324989 -0.085125506 -0.25967422 0.55517602 -0.011614757 0.18038763 0.35741091 -0.11716521
0.28209481 0.19396487 -0.44400242 0.063023008 0.055943739 -0.39412838 0.46593145 -0.12806007 -0.076999947 -0.025222372 -0.13450244 0.56769109 -0.38280767 0.18445401 0.18512672 -0.034715615
0.28209481 0.091623843 -0.47901067 0.029770391 0.012483098 -0.20085517 0.59399867 -0.065261796 -0.01718151 -0.0026585343 -0.032378808 0.32616502 -0.66058499 0.10597744 0.044565607 -0.0036591585
0.28209481 0.10004011 -0.45800099 0.13769341 0.063040055 -0.20968622 0.51597548 -0.28860834 0.020482956 0.02371864 -0.15634225 0.31754205 -0.48738414 0.43705913 -0.050798677 -0.0077066533
0.28209481 0.20681304 -0.40621537 0.17592569 0.16650853 -0.384471 0.33860078 -0.32705057 -0.02705095 0.052389115 -0.36625719 0.47512397 -0.14146905 0.40416458 0.059502088 -0.086646169
0.28209481 0.10340652 -0.40621537 0.25105491 0.11880808 -0.1922355 0.33860078 -0.46671784 0.11975593 0.093313023 -0.26133385 0.23756199 -0.14146905 0.57676345 -0.26341876 0.039304677
0.28209481 0.30012032 -0.327981 0.2027034 0.27841061 -0.45047781 0.11094961 -0.3042559 -0.11208552 0.050392903 -0.49445614 0.35175568 0.18713002 0.23757827 0.19906345 -0.23493958
0.28209481 0.20681304 -0.33901775 0.28465372 0.26941645 -0.3208704 0.14012566 -0.44164023 0.087538712 0.20955646 -0.49458379 0.2722218 0.15350564 0.37468117 -0.16070001 -0.068089023
0.28209481 0.10004011 -0.327981 0.3480702 0.1593567 -0.15015927 0.11094961 -0.52245009 0.25432473 0.17886274 -0.28301686 0.11725189 0.18713002 0.40795523 -0.45167974 0.16044991
0.28209481 0.36649537 -0.24084751 0.21542057 0.36131418 -0.40396151 -0.085488752 -0.23744261 -0.20116462 0.0090826368 -0.4712165 0.073675424 0.32836848 0.04330533 0.26235366 -0.38853067
0.28209481 0.29094729 -0.25493339 0.29848123 0.39743003 -0.33944574 -0.057810813 -0.34823552 0.010161377 0.26877347 -0.54863149 0.098294437 0.31909448 0.10083972 -0.014027252 -0.24891391
0.28209481 0.19396487 -0.25493339 0.3689431 0.32750034 -0.22629716 -0.057810813 -0.43044278 0.22538278 0.36375022 -0.45209721 0.065529622 0.31909448 0.12464475 -0.31112921 0.043394521
0.28209481 0.091623843 -0.24084751 0.41512644 0.17406771 -0.10099038 -0.085488752 -0.45756403 0.37512073 0.23572062 -0.22701456 0.018418856 0.32836848 0.083451577 -0.48922268 0.30898929
0.28209481 0.22650661 -0.30038831 -0.31175959 -0.32316923 -0.31138176 0.042231869 0.42858025 0.10500404 0.27530232 0.52566171 0.18853673 0.25469923 -0.25949857 -0.17079784 0.089451149
0.28209481 0.17981532 -0.38097942 -0.24749455 -0.20366746 -0.31351441 0.2598668 0.43151554 0.066175565 0.13773596 0.42016172 0.34311765 -0.011614757 -0.47226092 -0.13651882 0.044753127
0.28209481 0.11987688 -0.44400242 -0.16499637 -0.090518869 -0.24358474 0.46593145 0.33526564 0.029411364 0.040810656 0.21762951 0.35085237 -0.38280767 -0.48290688 -0.070712112 0.013260186
0.28209481 0.056626651 -0.47901067 -0.077939898 -0.020198077 -0.12413532 0.59399867 0.17085761 0.0065627526 0.0043015988 0.052390013 0.20158106 -0.66058499 -0.27745253 -0.017022546 0.0013976742
0.28209481 0.1618683 -0.45800099 -0.0525942 -0.038960896 -0.33927944 0.51597548 0.11023857 -0.053625077 -0.014658926 0.096624821 0.51379383 -0.48738414 -0.16694173 0.13299266 0.02017628
0.28209481 0.23122402 -0.40621537 -0.14232686 -0.15060838 -0.42985165 0.33860078 0.26458946 -0.075986579 0.0085456576 0.33128273 0.53120476 -0.14146905 -0.32697603 0.16714238 0.10089178
0.28209481 0.27072179 -0.40621537 -0.02076521 -0.025726981 -0.50327909 0.33860078 0.038603082 -0.16671821 -0.098594531 0.056589849 0.62194532 -0.14146905 -0.047705159 0.36671844 0.023049869
0.28209481 0.28552467 -0.327981 -0.2227926 -0.29112113 -0.42856985 0.11094961 0.33440959 -0.072966553 0.097325303 0.51703 0.33464885 0.18713002 -0.26112381 0.12958832 0.21969031
0.28209481 0.33463052 -0.33901775 -0.10872805 -0.16650853 -0.51917922 0.14012566 0.16869156 -0.22917932 -0.12951301 0.30566958 0.44046414 0.15350564 -0.14311548 0.4207181 0.17825937
0.28209481 0.36194852 -0.327981 0.012415806 0.020566057 -0.54328132 0.11094961 -0.018636009 -0.29942057 -0.23901308 -0.036525238 0.42422131 0.18713002 0.01455193 0.53176969 -0.024673823
0.28209481 0.31813043 -0.24084751 -0.28198919 -0.41055089 -0.35065231 -0.085488752 0.31081641 -0.049629543 0.2210246 0.53542978 0.063952774 0.32836848 -0.056687411 0.064725555 0.31966656
0.28209481 0.37378019 -0.25493339 -0.18447155 -0.31555495 -0.43608618 -0.057810813 0.21522139 -0.24182422 -0.071134359 0.43560719 0.12627892 0.31909448 -0.062322374 0.33382577 0.35935667
0.28209481 0.41082418 -0.25493339 -0.070461862 -0.13247667 -0.47930509 -0.057810813 0.082207255 -0.37483838 -0.31978676 0.18287717 0.13879398 0.31909448 -0.02380503 0.51744491 0.1787001
0.28209481 0.42312202 -0.24084751 0.04114167 0.079666704 -0.46637699 -0.085488752 -0.045347504 -0.40579349 -0.37232134 -0.10389923 0.085058905 0.32836848 0.0082705822 0.52922529 -0.11142448
0.28209481 4.1686588e-17 -0.45800099 -0.17019841 -3.2469913e-17 -8.7375981e-17 0.51597548 0.35673952 0.066284239 1.8325066e-17 8.052688e-17 1.3231936e-16 -0.48738414 -0.5402348 -0.16438797 -0.024939254
0.28209481 -0.063908748 -0.40621537 -0.26388854 0.077180944 0.11880808 0.33860078 0.49057585 0.14999981 -0.066216283 -0.16976954 -0.14682138 -0.14146905 -0.60624689 -0.32994413 -0.076600149
0.28209481 0.063908748 -0.40621537 -0.26388854 -0.077180944 -0.11880808 0.33860078 0.49057585 0.14999981 0.066216283 0.16976954 0.14682138 -0.14146905 -0.60624689 -0.32994413 -0.076600149
0.28209481 -0.12365638 -0.327981 -0.34039682 0.19263327 0.18560706 0.11094961 0.51093239 0.23014788 -0.20786855 -0.34211594 -0.1449313 0.18713002 -0.39896166 -0.40874174 -0.12052682
0.28209481 0 -0.33901775 -0.35185137 0 0 0.14012566 0.54589736 0.28328124 0 0 0 0.15350564 -0.4631314 -0.52003616 -0.2203407
0.28209481 0.12365638 -0.327981 -0.34039682 -0.19263327 -0.18560706 0.11094961 0.51093239 0.23014788 0.20786855 0.34211594 0.1449313 0.18713002 -0.39896166 -0.40874174 -0.12052682
0.28209481 -0.16987996 -0.24084751 -0.38969949 0.30297115 0.18724646 -0.085488752 0.42953771 0.2814669 -0.36670795 -0.39512706 -0.03415044 0.32836848 -0.078340076 -0.36708179 -0.12870069
0.28209481 -0.059938438 -0.25493339 -0.41249093 0.11314858 0.069929667 -0.057810813 0.48124966 0.38111845 -0.15367565 -0.15619574 -0.020249767 0.31909448 -0.13935708 -0.52611423 -0.33253738
0.28209481 0.059938438 -0.25493339 -0.41249093 -0.11314858 -0.069929667 -0.057810813 0.48124966 0.38111845 0.15367565 0.15619574 0.020249767 0.31909448 -0.13935708 -0.52611423 -0.33253738
0.28209481 0.16987996 -0.24084751 -0.38969949 -0.30297115 -0.18724646 -0.085488752 0.42953771 0.2814669 0.36670795 0.39512706 0.03415044 0.32836848 -0.078340076 -0.36708179 -0.12870069
0.28209481 -0.22650661 -0.14450851 -0.40809861 0.42303398 0.14979716 -0.23262656 0.26989064 0.26369363 -0.51368147 -0.33102593 0.11920941 0.28283837 0.21478046 -0.20634142 -0.026070083
0.28209481 -0.17981532 -0.050986677 -0.45144129 0.37149867 0.041957799 -0.30508834 0.10533854 0.39235258 -0.52670854 -0.10256692 0.15904379 0.11470491 0.39929262 -0.10832447 -0.24388425
0.28209481 -0.11987688 0.050986677 -0.47091645 0.25835007 -0.027971867 -0.30508834 -0.10988285 0.47455984 -0.39470959 0.071327768 0.10602919 -0.11470491 0.41651809 0.13102104 -0.42556521
0.28209481 -0.056626651 0.14450851 -0.46329594 0.12006286 -0.037449289 -0.23262656 -0.30639467 0.48381504 -0.18353042 0.093949705 0.029802352 -0.28283837 0.24383058 0.37858737 -0.48048401
0.28209481 -0.1618683 0.15778258 -0.43316939 0.32088459 -0.11688269 -0.21672316 -0.31278515 0.36939868 -0.43945572 0.27415821 0.072465666 -0.29869139 0.19392252 0.31560782 -0.23890625
0.28209481 -0.231224 0.054364022 -0.42698058 0.45182511 -0.057527278 -0.30367815 -0.10623045 0.29483336 -0.57718241 0.13300724 0.20290217 -0.12199351 0.37468117 0.086792365 -0.047341492
0.28209481 -0.27072179 0.16309206 -0.37261656 0.46165195 -0.20206232 -0.20997094 -0.27811494 0.14999981 -0.47004226 0.40770012 0.11216157 -0.30429789 0.15437716 0.1324698 0.15272598
0.28209481 -0.28552467 -0.052594196 -0.39299101 0.51351786 0.068724371 -0.3044284 0.094590977 0.16685207 -0.55143994 -0.14624691 0.25161061 0.11818126 0.34631228 -0.047518503 0.17917369
0.28209481 -0.33463052 0.054364022 -0.35185134 0.5388329 -0.083254255 -0.30367815 -0.087538704 0.02705095 -0.43912375 0.15862039 0.29364276 -0.12199351 0.30875427 0.0079631964 0.37755939
0.28209481 -0.36194852 0.15778258 -0.28780261 0.4767282 -0.26135764 -0.21672316 -0.20781797 -0.11023857 -0.21510158 0.40730828 0.16203815 -0.29869139 0.12884429 -0.094185919 0.45158482
0.28209481 -0.31813043 -0.14450851 -0.34152997 0.49723691 0.21039139 -0.23262656 0.22586636 0.035320513 -0.40025342 -0.38909003 0.16743062 0.28283837 0.17974569 -0.027638454 0.32302552
0.28209481 -0.37378019 -0.050986677 -0.31051755 0.53116781 0.087217234 -0.30508834 0.072455637 -0.099058472 -0.28276458 -0.1466499 0.33060262 0.11470491 0.27464783 0.027349014 0.50689799
0.28209481 -0.41082418 0.050986677 -0.25953087 0.48794886 -0.09586101 -0.30508834 -0.060558494 -0.23207261 -0.069185823 0.13471761 0.36336744 -0.11470491 0.22955093 -0.064072832 0.57629395
0.28209481 -0.42312202 0.14450851 -0.19702147 0.38151225 -0.27982619 -0.23262656 -0.13029756 -0.32084343 0.13394217 0.29853499 0.22268721 -0.28283837 0.10369151 -0.25106138 0.49659619
0.28209481 -0.45811921 -0.14450851 0.089311175 -0.18724646 0.30297112 -0.23262656 -0.059064772 -0.46198577 0.43090063 0.14652117 0.24110609 0.28283837 -0.04700407 0.36150587 -0.28084326
0.28209481 -0.48491216 -0.050986677 0.0315115 -0.069929674 0.11314858 -0.30508834 -0.0073528402 -0.53578132 0.56946772 0.019306855 0.42889708 0.11470491 -0.027871421 0.14792365 -0.112285
0.28209481 -0.48491216 0.050986677 -0.0315115 0.069929674 -0.11314858 -0.30508834 -0.0073528402 -0.53578132 0.56946772 0.019306855 0.42889708 -0.11470491 0.027871421 -0.14792365 0.112285
0.28209481 -0.45811921 0.14450851 -0.089311175 0.18724646 -0.30297112 -0.23262656 -0.059064772 -0.46198577 0.43090063 0.14652117 0.24110609 -0.28283837 0.04700407 -0.36150587 0.28084326
0.28209481 -0.46198863 0.15778258 0.020089196 -0.042473998 -0.3335951 -0.21672316 0.014506109 -0.48746103 0.49595273 -0.036289047 0.20682439 -0.29869139 -0.0089935893 -0.41647825 -0.06502638
0.28209481 -0.47753483 0.054364022 0.087962836 -0.1922355 -0.11880807 -0.30367815 0.021884676 -0.50410134 0.49477702 -0.056589846 0.41904318 -0.12199351 -0.077188566 -0.14839619 -0.30095926
0.28209481 -0.43803704 0.16309206 0.14232686 -0.28531659 -0.3269437 -0.20997094 0.10623045 -0.39270461 0.29050207 -0.25197253 0.18148123 -0.30429789 -0.058966827 -0.34681043 -0.39984182
0.28209481 -0.46198863 -0.052594196 0.1501092 -0.31737149 0.11119837 -0.3044284 -0.03613054 -0.43682438 0.34080863 0.090385564 0.40711454 0.11818126 -0.13227953 0.12440505 -0.46908283
0.28209481 -0.43803704 0.054364022 0.2095245 -0.42002481 -0.10898124 -0.30367815 0.052128553 -0.33860269 0.13333474 -0.12364594 0.38438338 -0.12199351 -0.18386054 -0.099677086 -0.56356245
0.28209481 -0.38556477 0.15778258 0.2552976 -0.45047781 -0.27841058 -0.21672316 0.18434659 -0.19102892 -0.091414057 -0.38488039 0.17261074 -0.29869139 -0.11429236 -0.16321179 -0.49177331
0.28209481 -0.42312202 -0.14450851 0.19702147 -0.38151225 0.27982619 -0.23262656 -0.13029756 -0.32084343 0.13394217 0.29853499 0.22268721 0.28283837 -0.10369151 0.25106138 -0.49659619
0.28209481 -0.41082418 -0.050986677 0.25953087 -0.48794886 0.09586101 -0.30508834 -0.060558494 -0.23207261 -0.069185823 0.13471761 0.36336744 0.11470491 -0.22955093 0.064072832 -0.57629395
0.28209481 -0.37378019 0.050986677 0.31051755 -0.53116781 -0.087217234 -0.30508834 0.072455637 -0.099058472 -0.28276458 -0.1466499 0.33060262 -0.11470491 -0.27464783 -0.027349014 -0.50689799
0.28209481 -0.31813043 0.14450851 0.34152997 -0.49723691 -0.21039139 -0.23262656 0.22586636 0.035320513 -0.40025342 -0.38909003 0.16743062 -0.28283837 -0.17974569 0.027638454 -0.32302552
0.28209481 -0.056626651 -0.14450851 0.46329594 -0.12006286 0.037449289 -0.23262656 -0.30639467 0.48381504 -0.18353042 0.093949705 0.029802352 0.28283837 -0.24383058 -0.37858737 0.48048401
0.28209481 -0.11987688 -0.050986677 0.47091645 -0.25835007 0.027971867 -0.30508834 -0.10988285 0.47455984 -0.39470959 0.071327768 0.10602919 0.11470491 -0.41651809 -0.13102104 0.42556521
0.28209481 -0.17981532 0.050986677 0.45144129 -0.37149867 -0.041957799 -0.30508834 0.10533854 0.39235258 -0.52670854 -0.10256692 0.15904379 -0.11470491 -0.39929262 0.10832447 0.24388425
0.28209481 -0.22650661 0.14450851 0.40809861 -0.42303398 -0.14979716 -0.23262656 0.26989064 0.26369363 -0.51368147 -0.33102593 0.11920941 -0.28283837 -0.21478046 0.20634142 0.026070083
0.28209481 -0.12365638 0.15778258 0.44558519 -0.25216022 -0.089290425 -0.21672316 0.32175043 0.41932985 -0.36301261 -0.21544132 0.055358842 -0.29869139 -0.19948086 0.35826814 0.34412113
0.28209481 -0.063908741 0.054364022 0.48134461 -0.14078154 -0.015900148 -0.30367815 0.11975592 0.52081972 -0.22338362 -0.041442946 0.056080777 -0.12199351 -0.42238635 0.15331772 0.53430378
0.28209481 -5.6404711e-17 0.16309206 0.4605794 -1.1889105e-16 -4.2099556e-17 -0.20997094 0.34376895 0.48540959 -1.8157776e-16 -1.0499663e-16 2.336879e-17 -0.30429789 -0.19082066 0.42868128 0.49423167
0.28209481 -5.9488884e-17 -0.052594196 0.48576358 -1.322483e-16 1.4318678e-17 -0.3044284 -0.11692088 0.53994465 -2.1302177e-16 3.7663548e-17 5.2422909e-17 0.11818126 -0.42806554 -0.1537731 0.57981825
0.28209481 0.063908741 0.054364022 0.48134461 0.14078154 0.015900148 -0.30367815 0.11975592 0.52081972 0.22338362 0.041442946 -0.056080777 -0.12199351 -0.42238635 0.15331772 0.53430378
0.28209481 0.12365638 0.15778258 0.44558519 0.25216022 0.089290425 -0.21672316 0.32175043 0.41932985 0.36301261 0.21544132 -0.055358842 -0.29869139 -0.19948086 0.35826814 0.34412113
0.28209481 0.056626651 -0.14450851 0.46329594 0.12006286 -0.037449289 -0.23262656 -0.30639467 0.48381504 0.18353042 -0.093949705 -0.029802352 0.28283837 -0.24383058 -0.37858737 0.48048401
0.28209481 0.11987688 -0.050986677 0.47091645 0.25835007 -0.027971867 -0.30508834 -0.10988285 0.47455984 0.39470959 -0.071327768 -0.10602919 0.11470491 -0.41651809 -0.13102104 0.42556521
0.28209481 0.17981532 0.050986677 0.45144129 0.37149867 0.041957799 -0.30508834 0.10533854 0.39235258 0.52670854 0.10256692 -0.15904379 -0.11470491 -0.39929262 0.10832447 0.24388425
0.28209481 0.22650661 0.14450851 0.40809861 0.42303398 0.14979716 -0.23262656 0.26989064 0.26369363 0.51368147 0.33102593 -0.11920941 -0.28283837 -0.21478046 0.20634142 0.026070083
0.28209481 0.42312202 -0.14450851 0.19702147 0.38151225 -0.27982619 -0.23262656 -0.13029756 -0.32084343 -0.13394217 -0.29853499 -0.22268721 0.28283837 -0.10369151 0.25106138 -0.49659619
0.28209481 0.41082418 -0.050986677 0.25953087 0.48794886 -0.09586101 -0.30508834 -0.060558494 -0.23207261 0.069185823 -0.13471761 -0.36336744 0.11470491 -0.22955093 0.064072832 -0.57629395
0.28209481 0.37378019 0.050986677 0.31051755 0.53116781 0.087217234 -0.30508834 0.072455637 -0.099058472 0.28276458 0.1466499 -0.33060262 -0.11470491 -0.27464783 -0.027349014 -0.50689799
0.28209481 0.31813043 0.14450851 0.34152997 0.49723691 0.21039139 -0.23262656 0.22586636 0.035320513 0.40025342 0.38909003 -0.16743062 -0.28283837 -0.17974569 0.027638454 -0.32302552
0.28209481 0.38556477 0.15778258 0.2552976 0.45047781 0.27841058 -0.21672316 0.18434659 -0.19102892 0.091414057 0.38488039 -0.17261074 -0.29869139 -0.11429236 -0.16321179 -0.49177331
0.28209481 0.43803704 0.054364022 0.2095245 0.42002481 0.10898124 -0.30367815 0.052128553 -0.33860269 -0.13333474 0.12364594 -0.38438338 -0.12199351 -0.18386054 -0.099677086 -0.56356245
0.28209481 0.43803704 0.16309206 0.14232686 0.28531659 0.3269437 -0.20997094 0.10623045 -0.39270461 -0.29050207 0.25197253 -0.18148123 -0.30429789 -0.058966827 -0.34681043 -0.39984182
0.28209481 0.46198863 -0.052594196 0.1501092 0.31737149 -0.11119837 -0.3044284 -0.03613054 -0.43682438 -0.34080863 -0.090385564 -0.40711454 0.11818126 -0.13227953 0.12440505 -0.46908283
0.28209481 0.47753483 0.054364022 0.087962836 0.1922355 0.11880807 -0.30367815 0.021884676 -0.50410134 -0.49477702 0.056589846 -0.41904318 -0.12199351 -0.077188566 -0.14839619 -0.30095926
0.28209481 0.46198863 0.15778258 0.020089196 0.042473998 0.3335951 -0.21672316 0.014506109 -0.48746103 -0.49595273 0.036289047 -0.20682439 -0.29869139 -0.0089935893 -0.41647825 -0.06502638
0.28209481 0.45811921 -0.14450851 0.089311175 0.18724646 -0.30297112 -0.23262656 -0.059064772 -0.46198577 -0.43090063 -0.14652117 -0.24110609 0.28283837 -0.04700407 0.36150587 -0.28084326
0.28209481 0.48491216 -0.050986677 0.0315115 0.069929674 -0.11314858 -0.30508834 -0.0073528402 -0.53578132 -0.56946772 -0.019306855 -0.42889708 0.11470491 -0.027871421 0.14792365 -0.112285
0.28209481 0.48491216 0.050986677 -0.0315115 -0.069929674 0.11314858 -0.30508834 -0.0073528402 -0.53578132 -0.56946772 -0.019306855 -0.42889708 -0.11470491 0.027871421 -0.14792365 0.112285
0.28209481 0.45811921 0.14450851 -0.089311175 -0.18724646 0.30297112 -0.23262656 -0.059064772 -0.46198577 -0.43090063 -0.14652117 -0.24110609 -0.28283837 0.04700407 -0.36150587 0.28084326
0.28209481 0.31813043 -0.14450851 -0.34152997 -0.49723691 -0.21039139 -0.23262656 0.22586636 0.035320513 0.40025342 0.38909003 -0.16743062 0.28283837 0.17974569 -0.027638454 0.32302552
0.28209481 0.37378019 -0.050986677 -0.31051755 -0.53116781 -0.087217234 -0.30508834 0.072455637 -0.099058472 0.28276458 0.1466499 -0.33060262 0.11470491 0.27464783 0.027349014 0.50689799
0.28209481 0.41082418 0.050986677 -0.25953087 -0.48794886 0.09586101 -0.30508834 -0.060558494 -0.23207261 0.069185823 -0.13471761 -0.36336744 -0.11470491 0.22955093 -0.064072832 0.57629395
0.28209481 0.42312202 0.14450851 -0.19702147 -0.38151225 0.27982619 -0.23262656 -0.13029756 -0.32084343 -0.13394217 -0.29853499 -0.22268721 -0.28283837 0.10369151 -0.25106138 0.49659619
0.28209481 0.36194852 0.15778258 -0.28780261 -0.4767282 0.26135764 -0.21672316 -0.20781797 -0.11023857 0.21510158 -0.40730828 -0.16203815 -0.29869139 0.12884429 -0.094185919 0.45158482
0.28209481 0.33463052 0.054364022 -0.35185134 -0.5388329 0.083254255 -0.30367815 -0.087538704 0.02705095 0.43912375 -0.15862039 -0.29364276 -0.12199351 0.30875427 0.0079631964 0.37755939
0.28209481 0.27072179 0.16309206 -0.37261656 -0.46165195 0.20206232 -0.20997094 -0.27811494 0.14999981 0.47004226 -0.40770012 -0.11216157 -0.30429789 0.15437716 0.1324698 0.15272598
0.28209481 0.28552467 -0.052594196 -0.39299101 -0.51351786 -0.068724371 -0.3044284 0.094590977 0.16685207 0.55143994 0.14624691 -0.25161061 0.11818126 0.34631228 -0.047518503 0.17917369
0.28209481 0.231224 0.054364022 -0.42698058 -0.45182511 0.057527278 -0.30367815 -0.10623045 0.29483336 0.57718241 -0.13300724 -0.20290217 -0.12199351 0.37468117 0.086792365 -0.047341492
0.28209481 0.1618683 0.15778258 -0.43316939 -0.32088459 0.11688269 -0.21672316 -0.31278515 0.36939868 0.43945572 -0.27415821 -0.072465666 -0.29869139 0.19392252 0.31560782 -0.23890625
0.28209481 0.22650661 -0.14450851 -0.40809861 -0.42303398 -0.14979716 -0.23262656 0.26989064 0.26369363 0.51368147 0.33102593 -0.11920941 0.28283837 0.21478046 -0.20634142 -0.026070083
0.28209481 0.17981532 -0.050986677 -0.45144129 -0.37149867 -0.041957799 -0.30508834 0.10533854 0.39235258 0.52670854 0.10256692 -0.15904379 0.11470491 0.39929262 -0.10832447 -0.24388425
0.28209481 0.11987688 0.050986677 -0.47091645 -0.25835007 0.027971867 -0.30508834 -0.10988285 0.47455984 0.39470959 -0.071327768 -0.10602919 -0.11470491 0.41651809 0.13102104 -0.42556521
0.28209481 0.056626651 0.14450851 -0.46329594 -0.12006286 0.037449289 -0.23262656 -0.30639467 0.48381504 0.18353042 -0.093949705 -0.029802352 -0.28283837 0.24383058 0.37858737 -0.48048401
0.28209481 -0.38556477 -0.15778258 -0.2552976 0.45047781 0.27841058 -0.21672316 0.18434659 -0.19102892 -0.091414057 -0.38488039 0.17261074 0.29869139 0.11429236 0.16321179 0.49177331
0.28209481 -0.43803704 -0.16309206 -0.14232686 0.28531659 0.3269437 -0.20997094 0.10623045 -0.39270461 0.29050207 -0.25197253 0.18148123 0.30429789 0.058966827 0.34681043 0.39984182
0.28209481 -0.43803704 -0.054364022 -0.2095245 0.42002481 0.10898124 -0.30367815 0.052128553 -0.33860269 0.13333474 -0.12364594 0.38438338 0.12199351 0.18386054 0.099677086 0.56356245
0.28209481 -0.46198863 -0.15778258 -0.020089196 0.042473998 0.3335951 -0.21672316 0.014506109 -0.48746103 0.49595273 -0.036289047 0.20682439 0.29869139 0.0089935893 0.41647825 0.06502638
0.28209481 -0.47753483 -0.054364022 -0.087962836 0.1922355 0.11880807 -0.30367815 0.021884676 -0.50410134 0.49477702 -0.056589846 0.41904318 0.12199351 0.077188566 0.14839619 0.30095926
0.28209481 -0.46198863 0.052594196 -0.1501092 0.31737149 -0.11119837 -0.3044284 -0.03613054 -0.43682438 0.34080863 0.090385564 0.40711454 -0.11818126 0.13227953 -0.12440505 0.46908283
0.28209481 -0.36194852 -0.15778258 0.28780261 -0.4767282 0.26135764 -0.21672316 -0.20781797 -0.11023857 -0.21510158 0.40730828 0.16203815 0.29869139 -0.12884429 0.094185919 -0.45158482
0.28209481 -0.27072179 -0.16309206 0.37261656 -0.46165195 0.20206232 -0.20997094 -0.27811494 0.14999981 -0.47004226 0.40770012 0.11216157 0.30429789 -0.15437716 -0.1324698 -0.15272598
0.28209481 -0.33463052 -0.054364022 0.35185134 -0.5388329 0.083254255 -0.30367815 -0.087538704 0.02705095 -0.43912375 0.15862039 0.29364276 0.12199351 -0.30875427 -0.0079631964 -0.37755939
0.28209481 -0.1618683 -0.15778258 0.43316939 -0.32088459 0.11688269 -0.21672316 -0.31278515 0.36939868 -0.43945572 0.27415821 0.072465666 0.29869139 -0.19392252 -0.31560782 0.23890625
0.28209481 -0.231224 -0.054364022 0.42698058 -0.45182511 0.057527278 -0.30367815 -0.10623045 0.29483336 -0.57718241 0.13300724 0.20290217 0.12199351 -0.37468117 -0.086792365 0.047341492
0.28209481 -0.28552467 0.052594196 0.39299101 -0.51351786 -0.068724371 -0.3044284 0.094590977 0.16685207 -0.55143994 -0.14624691 0.25161061 -0.11818126 -0.34631228 0.047518503 -0.17917369
0.28209481 0.1618683 -0.15778258 0.43316939 0.32088459 -0.11688269 -0.21672316 -0.31278515 0.36939868 0.43945572 -0.27415821 -0.072465666 0.29869139 -0.19392252 -0.31560782 0.23890625
0.28209481 0.27072179 -0.16309206 0.37261656 0.46165195 -0.20206232 -0.20997094 -0.27811494 0.14999981 0.47004226 -0.40770012 -0.11216157 0.30429789 -0.15437716 -0.1324698 -0.15272598
0.28209481 0.231224 -0.054364022 0.42698058 0.45182511 -0.057527278 -0.30367815 -0.10623045 0.29483336 0.57718241 -0.13300724 -0.20290217 0.12199351 -0.37468117 -0.086792365 0.047341492
0.28209481 0.36194852 -0.15778258 0.28780261 0.4767282 -0.26135764 -0.21672316 -0.20781797 -0.11023857 0.21510158 -0.40730828 -0.16203815 0.29869139 -0.12884429 0.094185919 -0.45158482
0.28209481 0.33463052 -0.054364022 0.35185134 0.5388329 -0.083254255 -0.30367815 -0.087538704 0.02705095 0.43912375 -0.15862039 -0.29364276 0.12199351 -0.30875427 -0.0079631964 -0.37755939
0.28209481 0.28552467 0.052594196 0.39299101 0.51351786 0.068724371 -0.3044284 0.094590977 0.16685207 0.55143994 0.14624691 -0.25161061 -0.11818126 -0.34631228 0.047518503 -0.17917369
0.28209481 0.46198863 -0.15778258 -0.020089196 -0.042473998 -0.3335951 -0.21672316 0.014506109 -0.48746103 -0.49595273 0.036289047 -0.20682439 0.29869139 0.0089935893 0.41647825 0.06502638
0.28209481 0.43803704 -0.16309206 -0.14232686 -0.28531659 -0.3269437 -0.20997094 0.10623045 -0.39270461 -0.29050207 0.25197253 -0.18148123 0.30429789 0.058966827 0.34681043 0.39984182
0.28209481 0.47753483 -0.054364022 -0.087962836 -0.1922355 -0.11880807 -0.30367815 0.021884676 -0.50410134 -0.49477702 0.056589846 -0.41904318 0.12199351 0.077188566 0.14839619 0.30095926
0.28209481 0.38556477 -0.15778258 -0.2552976 -0.45047781 -0.27841058 -0.21672316 0.18434659 -0.19102892 0.091414057 0.38488039 -0.17261074 0.29869139 0.11429236 0.16321179 0.49177331
0.28209481 0.43803704 -0.054364022 -0.2095245 -0.42002481 -0.10898124 -0.30367815 0.052128553 -0.33860269 -0.13333474 0.12364594 -0.38438338 0.12199351 0.18386054 0.099677086 0.56356245
0.28209481 0.46198863 0.052594196 -0.1501092 -0.31737149 0.11119837 -0.3044284 -0.03613054 -0.43682438 -0.34080863 -0.090385564 -0.40711454 -0.11818126 0.13227953 -0.12440505 0.46908283
0.28209481 0.12365638 -0.15778258 -0.44558519 -0.25216022 -0.089290425 -0.21672316 0.32175043 0.41932985 0.36301261 0.21544132 -0.055358842 0.29869139 0.19948086 -0.35826814 -0.34412113
0.28209481 1.1280942e-16 -0.16309206 -0.4605794 -2.3778211e-16 -8.4199112e-17 -0.20997094 0.34376895 0.48540959 3.6315553e-16 2.0999326e-16 -4.6737581e-17 0.30429789 0.19082066 -0.42868128 -0.49423167
0.28209481 0.063908741 -0.054364022 -0.48134461 -0.14078154 -0.015900148 -0.30367815 0.11975592 0.52081972 0.22338362 0.041442946 -0.056080777 0.12199351 0.42238635 -0.15331772 -0.53430378
0.28209481 -0.12365638 -0.15778258 -0.44558519 0.25216022 0.089290425 -0.21672316 0.32175043 0.41932985 -0.36301261 -0.21544132 0.055358842 0.29869139 0.19948086 -0.35826814 -0.34412113
0.28209481 -0.063908741 -0.054364022 -0.48134461 0.14078154 0.015900148 -0.30367815 0.11975592 0.52081972 -0.22338362 -0.041442946 0.056080777 0.12199351 0.42238635 -0.15331772 -0.53430378
0.28209481 1.1897777e-16 0.052594196 -0.48576358 -2.644966e-16 2.8637357e-17 -0.3044284 -0.11692088 0.53994465 4.2604354e-16 -7.5327097e-17 -1.0484582e-16 -0.11818126 0.42806554 0.1537731 -0.57981825
