0.28209481 0 0.48860252 0
0.28209481 0 0.21850967 -0.43701938
0.28209481 -0.41563013 0.21850967 -0.13504641
0.28209481 -0.25687355 0.21850967 0.3535561
0.28209481 0.25687355 0.21850967 0.3535561
0.28209481 0.41563013 0.21850967 -0.13504641
0.28209481 -0.25687355 -0.21850967 -0.3535561
0.28209481 -0.41563013 -0.21850967 0.13504641
0.28209481 -5.3519439e-17 -0.21850967 0.43701938
0.28209481 0.41563013 -0.21850967 0.13504641
0.28209481 0.25687355 -0.21850967 -0.3535561
0.28209481 0 -0.48860252 0
0.28209481 0 0.35525104 -0.3354536
0.28209481 -0.31903532 0.35525104 -0.10366086
0.28209481 0 0.4589119 -0.1677268
0.28209481 -0.17434417 0.38827017 -0.23996417
0.28209481 -0.15951766 0.4589119 -0.05183043
0.28209481 -0.15951766 0.25159019 -0.38728401
0.28209481 -0.31903532 0.25159019 -0.27138767
0.28209481 -0.19717467 0.35525104 0.27138767
0.28209481 -0.28209481 0.38827017 0.091658153
0.28209481 -0.098587334 0.4589119 0.13569383
0.28209481 -0.41762266 0.25159019 0.032032967
0.28209481 -0.35669234 0.25159019 0.21955723
0.28209481 0.19717467 0.35525104 0.27138767
0.28209481 -3.6324495e-17 0.38827017 0.29661202
0.28209481 0.098587334 0.4589119 0.13569383
0.28209481 -0.098587334 0.25159019 0.40708148
0.28209481 0.098587334 0.25159019 0.40708148
0.28209481 0.31903532 0.35525104 -0.10366086
0.28209481 0.28209481 0.38827017 0.091658153
0.28209481 0.15951766 0.4589119 -0.05183043
0.28209481 0.35669234 0.25159019 0.21955723
0.28209481 0.41762266 0.25159019 0.032032967
0.28209481 0.17434417 0.38827017 -0.23996417
0.28209481 0.31903532 0.25159019 -0.27138767
0.28209481 0.15951766 0.25159019 -0.38728401
0.28209481 -0.31903532 -0.35525104 0.10366086
0.28209481 -0.19717467 -0.35525104 -0.27138767
0.28209481 -0.15951766 -0.4589119 0.05183043
0.28209481 -0.28209481 -0.38827017 -0.091658153
0.28209481 -0.098587334 -0.4589119 -0.13569383
0.28209481 -0.41762266 -0.25159019 -0.032032967
0.28209481 -0.35669234 -0.25159019 -0.21955723
0.28209481 -4.1081217e-17 -0.35525104 0.3354536
0.28209481 -2.0540609e-17 -0.4589119 0.1677268
0.28209481 -0.17434417 -0.38827017 0.23996417
0.28209481 -0.15951766 -0.25159019 0.38728401
0.28209481 -0.31903532 -0.25159019 0.27138767
0.28209481 0.31903532 -0.35525104 0.10366086
0.28209481 0.15951766 -0.4589119 0.05183043
0.28209481 0.17434417 -0.38827017 0.23996417
0.28209481 0.31903532 -0.25159019 0.27138767
0.28209481 0.15951766 -0.25159019 0.38728401
0.28209481 0.19717467 -0.35525104 -0.27138767
0.28209481 0.098587334 -0.4589119 -0.13569383
0.28209481 0.28209481 -0.38827017 -0.091658153
0.28209481 0.35669234 -0.25159019 -0.21955723
0.28209481 0.41762266 -0.25159019 -0.032032967
0.28209481 7.264899e-17 -0.38827017 -0.29661202
0.28209481 -0.098587334 -0.25159019 -0.40708148
0.28209481 0.098587334 -0.25159019 -0.40708148
0.28209481 -0.19717467 -0.083863392 -0.43911445
0.28209481 -0.098587334 0.083863392 -0.47114742
0.28209481 -0.28209481 0.091658153 -0.38827017
0.28209481 -0.35669234 -0.083863392 -0.32321808
0.28209481 -0.41762266 0.083863392 -0.23935468
0.28209481 -0.47855297 -0.083863392 0.05183043
0.28209481 -0.47855297 0.083863392 -0.05183043
0.28209481 -0.45643896 0.091658153 0.14830601
0.28209481 -0.41762266 -0.083863392 0.23935468
0.28209481 -0.35669234 0.083863392 0.32321808
0.28209481 -0.098587334 -0.083863392 0.47114742
0.28209481 -0.19717467 0.083863392 0.43911445
0.28209481 -5.8774266e-17 0.091658153 0.47992831
0.28209481 0.098587334 -0.083863392 0.47114742
0.28209481 0.19717467 0.083863392 0.43911445
0.28209481 0.41762266 -0.083863392 0.23935468
0.28209481 0.35669234 0.083863392 0.32321808
0.28209481 0.45643896 0.091658153 0.14830601
0.28209481 0.47855297 -0.083863392 0.05183043
0.28209481 0.47855297 0.083863392 -0.05183043
0.28209481 0.35669234 -0.083863392 -0.32321808
0.28209481 0.41762266 0.083863392 -0.23935468
0.28209481 0.28209481 0.091658153 -0.38827017
0.28209481 0.19717467 -0.083863392 -0.43911445
0.28209481 0.098587334 0.083863392 -0.47114742
0.28209481 -0.45643896 -0.091658153 -0.14830601
0.28209481 -0.28209481 -0.091658153 0.38827017
0.28209481 0.28209481 -0.091658153 0.38827017
0.28209481 0.45643896 -0.091658153 -0.14830601
0.28209481 -8.5329189e-18 -0.091658153 -0.47992831
