0.28209481 0 0.48860252 0 0 0 0.63078314 0 0
0.28209481 0 0.21850967 -0.43701938 0 0 -0.12615664 -0.43701935 0.43701938
0.28209481 -0.41563013 0.21850967 -0.13504641 0.25687355 -0.4156301 -0.12615664 -0.13504641 -0.3535561
0.28209481 -0.25687355 0.21850967 0.3535561 -0.41563013 -0.25687355 -0.12615664 0.3535561 0.13504642
0.28209481 0.25687355 0.21850967 0.3535561 0.41563013 0.25687355 -0.12615664 0.3535561 0.13504642
0.28209481 0.41563013 0.21850967 -0.13504641 -0.25687355 0.4156301 -0.12615664 -0.13504641 -0.3535561
0.28209481 -0.25687355 -0.21850967 -0.3535561 0.41563013 0.25687355 -0.12615664 0.3535561 0.13504642
0.28209481 -0.41563013 -0.21850967 0.13504641 -0.25687355 0.4156301 -0.12615664 -0.13504641 -0.3535561
0.28209481 -5.3519439e-17 -0.21850967 0.43701938 -1.0703888e-16 5.3519436e-17 -0.12615664 -0.43701935 0.43701938
0.28209481 0.41563013 -0.21850967 0.13504641 0.25687355 -0.4156301 -0.12615664 -0.13504641 -0.3535561
0.28209481 0.25687355 -0.21850967 -0.3535561 -0.41563013 -0.25687355 -0.12615664 0.3535561 0.13504642
0.28209481 0 -0.48860252 0 0 0 0.63078314 0 0
0.28209481 0 0.30038831 -0.38535604 0 0 0.042231869 -0.52975434 0.33980024
0.28209481 -0.36649537 0.30038831 -0.11908156 0.19972956 -0.50382632 0.042231869 -0.16370308 -0.27490416
0.28209481 0 0.38097942 -0.30592009 0 0 0.2598668 -0.53338253 0.21414864
0.28209481 -0.29094729 0.38097942 -0.094534509 0.12587342 -0.50727695 0.2598668 -0.16482428 -0.17324989
0.28209481 0 0.44400242 -0.20394672 0 0 0.46593145 -0.4144111 0.095177174
0.28209481 -0.19396487 0.44400242 -0.063023008 0.055943739 -0.39412838 0.46593145 -0.12806007 -0.076999947
0.28209481 0 0.47901067 -0.09633901 0 0 0.59399867 -0.21119161 0.021237515
0.28209481 -0.10004011 0.45800099 -0.13769341 0.063040055 -0.20968622 0.51597548 -0.28860834 0.020482956
0.28209481 -0.091623843 0.47901067 -0.029770391 0.012483098 -0.20085517 0.59399867 -0.065261796 -0.01718151
0.28209481 -0.10340652 0.40621537 -0.25105491 0.11880808 -0.1922355 0.33860078 -0.46671784 0.11975593
0.28209481 -0.20681304 0.40621537 -0.17592569 0.16650853 -0.384471 0.33860078 -0.32705057 -0.02705095
0.28209481 -0.10004011 0.327981 -0.3480702 0.1593567 -0.15015927 0.11094961 -0.52245009 0.25432473
0.28209481 -0.20681304 0.33901775 -0.28465372 0.26941645 -0.3208704 0.14012566 -0.44164023 0.087538712
0.28209481 -0.30012032 0.327981 -0.2027034 0.27841061 -0.45047781 0.11094961 -0.3042559 -0.11208552
0.28209481 -0.091623843 0.24084751 -0.41512644 0.17406771 -0.10099038 -0.085488752 -0.45756403 0.37512073
0.28209481 -0.19396487 0.25493339 -0.3689431 0.32750034 -0.22629716 -0.057810813 -0.43044278 0.22538278
0.28209481 -0.29094729 0.25493339 -0.29848123 0.39743003 -0.33944574 -0.057810813 -0.34823552 0.010161377
0.28209481 -0.36649537 0.24084751 -0.21542057 0.36131418 -0.40396151 -0.085488752 -0.23744261 -0.20116462
0.28209481 -0.22650661 0.30038831 0.31175959 -0.32316923 -0.31138176 0.042231869 0.42858025 0.10500404
0.28209481 -0.17981532 0.38097942 0.24749455 -0.20366746 -0.31351441 0.2598668 0.43151554 0.066175565
0.28209481 -0.11987688 0.44400242 0.16499637 -0.090518869 -0.24358474 0.46593145 0.33526564 0.029411364
0.28209481 -0.1618683 0.45800099 0.0525942 -0.038960896 -0.33927944 0.51597548 0.11023857 -0.053625077
0.28209481 -0.056626651 0.47901067 0.077939898 -0.020198077 -0.12413532 0.59399867 0.17085761 0.0065627526
0.28209481 -0.27072179 0.40621537 0.02076521 -0.025726981 -0.50327909 0.33860078 0.038603082 -0.16671821
0.28209481 -0.23122402 0.40621537 0.14232686 -0.15060838 -0.42985165 0.33860078 0.26458946 -0.075986579
0.28209481 -0.36194852 0.327981 -0.012415806 0.020566057 -0.54328132 0.11094961 -0.018636009 -0.29942057
0.28209481 -0.33463052 0.33901775 0.10872805 -0.16650853 -0.51917922 0.14012566 0.16869156 -0.22917932
0.28209481 -0.28552467 0.327981 0.2227926 -0.29112113 -0.42856985 0.11094961 0.33440959 -0.072966553
0.28209481 -0.42312202 0.24084751 -0.04114167 0.079666704 -0.46637699 -0.085488752 -0.045347504 -0.40579349
0.28209481 -0.41082418 0.25493339 0.070461862 -0.13247667 -0.47930509 -0.057810813 0.082207255 -0.37483838
0.28209481 -0.37378019 0.25493339 0.18447155 -0.31555495 -0.43608618 -0.057810813 0.21522139 -0.24182422
0.28209481 -0.31813043 0.24084751 0.28198919 -0.41055089 -0.35065231 -0.085488752 0.31081641 -0.049629543
0.28209481 0.22650661 0.30038831 0.31175959 0.32316923 0.31138176 0.042231869 0.42858025 0.10500404
0.28209481 0.17981532 0.38097942 0.24749455 0.20366746 0.31351441 0.2598668 0.43151554 0.066175565
0.28209481 0.11987688 0.44400242 0.16499637 0.090518869 0.24358474 0.46593145 0.33526564 0.029411364
0.28209481 -2.0843294e-17 0.45800099 0.17019841 -1.6234956e-17 -4.3687991e-17 0.51597548 0.35673952 0.066284239
0.28209481 0.056626651 0.47901067 0.077939898 0.020198077 0.12413532 0.59399867 0.17085761 0.0065627526
0.28209481 -0.063908748 0.40621537 0.26388854 -0.077180944 -0.11880808 0.33860078 0.49057585 0.14999981
0.28209481 0.063908748 0.40621537 0.26388854 0.077180944 0.11880808 0.33860078 0.49057585 0.14999981
0.28209481 -0.12365638 0.327981 0.34039682 -0.19263327 -0.18560706 0.11094961 0.51093239 0.23014788
0.28209481 -4.3089363e-17 0.33901775 0.35185137 -6.938389e-17 -6.6853141e-17 0.14012566 0.54589736 0.28328124
0.28209481 0.12365638 0.327981 0.34039682 0.19263327 0.18560706 0.11094961 0.51093239 0.23014788
0.28209481 -0.16987996 0.24084751 0.38969949 -0.30297115 -0.18724646 -0.085488752 0.42953771 0.2814669
0.28209481 -0.059938438 0.25493339 0.41249093 -0.11314858 -0.069929667 -0.057810813 0.48124966 0.38111845
0.28209481 0.059938438 0.25493339 0.41249093 0.11314858 0.069929667 -0.057810813 0.48124966 0.38111845
0.28209481 0.16987996 0.24084751 0.38969949 0.30297115 0.18724646 -0.085488752 0.42953771 0.2814669
0.28209481 0.36649537 0.30038831 -0.11908156 -0.19972956 0.50382632 0.042231869 -0.16370308 -0.27490416
0.28209481 0.29094729 0.38097942 -0.094534509 -0.12587342 0.50727695 0.2598668 -0.16482428 -0.17324989
0.28209481 0.19396487 0.44400242 -0.063023008 -0.055943739 0.39412838 0.46593145 -0.12806007 -0.076999947
0.28209481 0.1618683 0.45800099 0.0525942 0.038960896 0.33927944 0.51597548 0.11023857 -0.053625077
0.28209481 0.091623843 0.47901067 -0.029770391 -0.012483098 0.20085517 0.59399867 -0.065261796 -0.01718151
0.28209481 0.23122402 0.40621537 0.14232686 0.15060838 0.42985165 0.33860078 0.26458946 -0.075986579
0.28209481 0.27072179 0.40621537 0.02076521 0.025726981 0.50327909 0.33860078 0.038603082 -0.16671821
0.28209481 0.28552467 0.327981 0.2227926 0.29112113 0.42856985 0.11094961 0.33440959 -0.072966553
0.28209481 0.33463052 0.33901775 0.10872805 0.16650853 0.51917922 0.14012566 0.16869156 -0.22917932
0.28209481 0.36194852 0.327981 -0.012415806 -0.020566057 0.54328132 0.11094961 -0.018636009 -0.29942057
0.28209481 0.31813043 0.24084751 0.28198919 0.41055089 0.35065231 -0.085488752 0.31081641 -0.049629543
0.28209481 0.37378019 0.25493339 0.18447155 0.31555495 0.43608618 -0.057810813 0.21522139 -0.24182422
0.28209481 0.41082418 0.25493339 0.070461862 0.13247667 0.47930509 -0.057810813 0.082207255 -0.37483838
0.28209481 0.42312202 0.24084751 -0.04114167 -0.079666704 0.46637699 -0.085488752 -0.045347504 -0.40579349
0.28209481 0.10004011 0.45800099 -0.13769341 -0.063040055 0.20968622 0.51597548 -0.28860834 0.020482956
0.28209481 0.20681304 0.40621537 -0.17592569 -0.16650853 0.384471 0.33860078 -0.32705057 -0.02705095
0.28209481 0.10340652 0.40621537 -0.25105491 -0.11880808 0.1922355 0.33860078 -0.46671784 0.11975593
0.28209481 0.30012032 0.327981 -0.2027034 -0.27841061 0.45047781 0.11094961 -0.3042559 -0.11208552
0.28209481 0.20681304 0.33901775 -0.28465372 -0.26941645 0.3208704 0.14012566 -0.44164023 0.087538712
0.28209481 0.10004011 0.327981 -0.3480702 -0.1593567 0.15015927 0.11094961 -0.52245009 0.25432473
0.28209481 0.36649537 0.24084751 -0.21542057 -0.36131418 0.40396151 -0.085488752 -0.23744261 -0.20116462
0.28209481 0.29094729 0.25493339 -0.29848123 -0.39743003 0.33944574 -0.057810813 -0.34823552 0.010161377
0.28209481 0.19396487 0.25493339 -0.3689431 -0.32750034 0.22629716 -0.057810813 -0.43044278 0.22538278
0.28209481 0.091623843 0.24084751 -0.41512644 -0.17406771 0.10099038 -0.085488752 -0.45756403 0.37512073
0.28209481 -0.36649537 -0.30038831 0.11908156 -0.19972956 0.50382632 0.042231869 -0.16370308 -0.27490416
0.28209481 -0.22650661 -0.30038831 -0.31175959 0.32316923 0.31138176 0.042231869 0.42858025 0.10500404
0.28209481 -0.29094729 -0.38097942 0.094534509 -0.12587342 0.50727695 0.2598668 -0.16482428 -0.17324989
0.28209481 -0.17981532 -0.38097942 -0.24749455 0.20366746 0.31351441 0.2598668 0.43151554 0.066175565
0.28209481 -0.19396487 -0.44400242 0.063023008 -0.055943739 0.39412838 0.46593145 -0.12806007 -0.076999947
0.28209481 -0.11987688 -0.44400242 -0.16499637 0.090518869 0.24358474 0.46593145 0.33526564 0.029411364
0.28209481 -0.091623843 -0.47901067 0.029770391 -0.012483098 0.20085517 0.59399867 -0.065261796 -0.01718151
0.28209481 -0.1618683 -0.45800099 -0.0525942 0.038960896 0.33927944 0.51597548 0.11023857 -0.053625077
0.28209481 -0.056626651 -0.47901067 -0.077939898 0.020198077 0.12413532 0.59399867 0.17085761 0.0065627526
0.28209481 -0.27072179 -0.40621537 -0.02076521 0.025726981 0.50327909 0.33860078 0.038603082 -0.16671821
0.28209481 -0.23122402 -0.40621537 -0.14232686 0.15060838 0.42985165 0.33860078 0.26458946 -0.075986579
0.28209481 -0.36194852 -0.327981 0.012415806 -0.020566057 0.54328132 0.11094961 -0.018636009 -0.29942057
0.28209481 -0.33463052 -0.33901775 -0.10872805 0.16650853 0.51917922 0.14012566 0.16869156 -0.22917932
0.28209481 -0.28552467 -0.327981 -0.2227926 0.29112113 0.42856985 0.11094961 0.33440959 -0.072966553
0.28209481 -0.42312202 -0.24084751 0.04114167 -0.079666704 0.46637699 -0.085488752 -0.045347504 -0.40579349
0.28209481 -0.41082418 -0.25493339 -0.070461862 0.13247667 0.47930509 -0.057810813 0.082207255 -0.37483838
0.28209481 -0.37378019 -0.25493339 -0.18447155 0.31555495 0.43608618 -0.057810813 0.21522139 -0.24182422
0.28209481 -0.31813043 -0.24084751 -0.28198919 0.41055089 0.35065231 -0.085488752 0.31081641 -0.049629543
0.28209481 -4.7192504e-17 -0.30038831 0.38535604 -8.3227055e-17 6.4876192e-17 0.042231869 -0.52975434 0.33980024
0.28209481 -3.7464406e-17 -0.38097942 0.30592009 -5.2451288e-17 6.5320527e-17 0.2598668 -0.53338253 0.21414864
0.28209481 -2.497627e-17 -0.44400242 0.20394672 -2.3311683e-17 5.0750723e-17 0.46593145 -0.4144111 0.095177174
0.28209481 -1.1798126e-17 -0.47901067 0.09633901 -5.201691e-18 2.5863514e-17 0.59399867 -0.21119161 0.021237515
0.28209481 -0.10004011 -0.45800099 0.13769341 -0.063040055 0.20968622 0.51597548 -0.28860834 0.020482956
0.28209481 -0.10340652 -0.40621537 0.25105491 -0.11880808 0.1922355 0.33860078 -0.46671784 0.11975593
0.28209481 -0.20681304 -0.40621537 0.17592569 -0.16650853 0.384471 0.33860078 -0.32705057 -0.02705095
0.28209481 -0.10004011 -0.327981 0.3480702 -0.1593567 0.15015927 0.11094961 -0.52245009 0.25432473
0.28209481 -0.20681304 -0.33901775 0.28465372 -0.26941645 0.3208704 0.14012566 -0.44164023 0.087538712
0.28209481 -0.30012032 -0.327981 0.2027034 -0.27841061 0.45047781 0.11094961 -0.3042559 -0.11208552
0.28209481 -0.091623843 -0.24084751 0.41512644 -0.17406771 0.10099038 -0.085488752 -0.45756403 0.37512073
0.28209481 -0.19396487 -0.25493339 0.3689431 -0.32750034 0.22629716 -0.057810813 -0.43044278 0.22538278
0.28209481 -0.29094729 -0.25493339 0.29848123 -0.39743003 0.33944574 -0.057810813 -0.34823552 0.010161377
0.28209481 -0.36649537 -0.24084751 0.21542057 -0.36131418 0.40396151 -0.085488752 -0.23744261 -0.20116462
0.28209481 0.36649537 -0.30038831 0.11908156 0.19972956 -0.50382632 0.042231869 -0.16370308 -0.27490416
0.28209481 0.29094729 -0.38097942 0.094534509 0.12587342 -0.50727695 0.2598668 -0.16482428 -0.17324989
0.28209481 0.19396487 -0.44400242 0.063023008 0.055943739 -0.39412838 0.46593145 -0.12806007 -0.076999947
0.28209481 0.091623843 -0.47901067 0.029770391 0.012483098 -0.20085517 0.59399867 -0.065261796 -0.01718151
0.28209481 0.10004011 -0.45800099 0.13769341 0.063040055 -0.20968622 0.51597548 -0.28860834 0.020482956
0.28209481 0.20681304 -0.40621537 0.17592569 0.16650853 -0.384471 0.33860078 -0.32705057 -0.02705095
0.28209481 0.10340652 -0.40621537 0.25105491 0.11880808 -0.1922355 0.33860078 -0.46671784 0.11975593
0.28209481 0.30012032 -0.327981 0.2027034 0.27841061 -0.45047781 0.11094961 -0.3042559 -0.11208552
0.28209481 0.20681304 -0.33901775 0.28465372 0.26941645 -0.3208704 0.14012566 -0.44164023 0.087538712
0.28209481 0.10004011 -0.327981 0.3480702 0.1593567 -0.15015927 0.11094961 -0.52245009 0.25432473
0.28209481 0.36649537 -0.24084751 0.21542057 0.36131418 -0.40396151 -0.085488752 -0.23744261 -0.20116462
0.28209481 0.29094729 -0.25493339 0.29848123 0.39743003 -0.33944574 -0.057810813 -0.34823552 0.010161377
0.28209481 0.19396487 -0.25493339 0.3689431 0.32750034 -0.22629716 -0.057810813 -0.43044278 0.22538278
0.28209481 0.091623843 -0.24084751 0.41512644 0.17406771 -0.10099038 -0.085488752 -0.45756403 0.37512073
0.28209481 0.22650661 -0.30038831 -0.31175959 -0.32316923 -0.31138176 0.042231869 0.42858025 0.10500404
0.28209481 0.17981532 -0.38097942 -0.24749455 -0.20366746 -0.31351441 0.2598668 0.43151554 0.066175565
0.28209481 0.11987688 -0.44400242 -0.16499637 -0.090518869 -0.24358474 0.46593145 0.33526564 0.029411364
0.28209481 0.056626651 -0.47901067 -0.077939898 -0.020198077 -0.12413532 0.59399867 0.17085761 0.0065627526
0.28209481 0.1618683 -0.45800099 -0.0525942 -0.038960896 -0.33927944 0.51597548 0.11023857 -0.053625077
0.28209481 0.23122402 -0.40621537 -0.14232686 -0.15060838 -0.42985165 0.33860078 0.26458946 -0.075986579
0.28209481 0.27072179 -0.40621537 -0.02076521 -0.025726981 -0.50327909 0.33860078 0.038603082 -0.16671821
0.28209481 0.28552467 -0.327981 -0.2227926 -0.29112113 -0.42856985 0.11094961 0.33440959 -0.072966553
0.28209481 0.33463052 -0.33901775 -0.10872805 -0.16650853 -0.51917922 0.14012566 0.16869156 -0.22917932
0.28209481 0.36194852 -0.327981 0.012415806 0.020566057 -0.54328132 0.11094961 -0.018636009 -0.29942057
0.28209481 0.31813043 -0.24084751 -0.28198919 -0.41055089 -0.35065231 -0.085488752 0.31081641 -0.049629543
0.28209481 0.37378019 -0.25493339 -0.18447155 -0.31555495 -0.43608618 -0.057810813 0.21522139 -0.24182422
0.28209481 0.41082418 -0.25493339 -0.070461862 -0.13247667 -0.47930509 -0.057810813 0.082207255 -0.37483838
0.28209481 0.42312202 -0.24084751 0.04114167 0.079666704 -0.46637699 -0.085488752 -0.045347504 -0.40579349
0.28209481 4.1686588e-17 -0.45800099 -0.17019841 -3.2469913e-17 -8.7375981e-17 0.51597548 0.35673952 0.066284239
0.28209481 -0.063908748 -0.40621537 -0.26388854 0.077180944 0.11880808 0.33860078 0.49057585 0.14999981
0.28209481 0.063908748 -0.40621537 -0.26388854 -0.077180944 -0.11880808 0.33860078 0.49057585 0.14999981
0.28209481 -0.12365638 -0.327981 -0.34039682 0.19263327 0.18560706 0.11094961 0.51093239 0.23014788
0.28209481 0 -0.33901775 -0.35185137 0 0 0.14012566 0.54589736 0.28328124
0.28209481 0.12365638 -0.327981 -0.34039682 -0.19263327 -0.18560706 0.11094961 0.51093239 0.23014788
0.28209481 -0.16987996 -0.24084751 -0.38969949 0.30297115 0.18724646 -0.085488752 0.42953771 0.2814669
0.28209481 -0.059938438 -0.25493339 -0.41249093 0.11314858 0.069929667 -0.057810813 0.48124966 0.38111845
0.28209481 0.059938438 -0.25493339 -0.41249093 -0.11314858 -0.069929667 -0.057810813 0.48124966 0.38111845
0.28209481 0.16987996 -0.24084751 -0.38969949 -0.30297115 -0.18724646 -0.085488752 0.42953771 0.2814669
0.28209481 -0.22650661 -0.14450851 -0.40809861 0.42303398 0.14979716 -0.23262656 0.26989064 0.26369363
0.28209481 -0.17981532 -0.050986677 -0.45144129 0.37149867 0.041957799 -0.30508834 0.10533854 0.39235258
0.28209481 -0.11987688 0.050986677 -0.47091645 0.25835007 -0.027971867 -0.30508834 -0.10988285 0.47455984
0.28209481 -0.056626651 0.14450851 -0.46329594 0.12006286 -0.037449289 -0.23262656 -0.30639467 0.48381504
0.28209481 -0.1618683 0.15778258 -0.43316939 0.32088459 -0.11688269 -0.21672316 -0.31278515 0.36939868
0.28209481 -0.231224 0.054364022 -0.42698058 0.45182511 -0.057527278 -0.30367815 -0.10623045 0.29483336
0.28209481 -0.27072179 0.16309206 -0.37261656 0.46165195 -0.20206232 -0.20997094 -0.27811494 0.14999981
0.28209481 -0.28552467 -0.052594196 -0.39299101 0.51351786 0.068724371 -0.3044284 0.094590977 0.16685207
0.28209481 -0.33463052 0.054364022 -0.35185134 0.5388329 -0.083254255 -0.30367815 -0.087538704 0.02705095
0.28209481 -0.36194852 0.15778258 -0.28780261 0.4767282 -0.26135764 -0.21672316 -0.20781797 -0.11023857
0.28209481 -0.31813043 -0.14450851 -0.34152997 0.49723691 0.21039139 -0.23262656 0.22586636 0.035320513
0.28209481 -0.37378019 -0.050986677 -0.31051755 0.53116781 0.087217234 -0.30508834 0.072455637 -0.099058472
0.28209481 -0.41082418 0.050986677 -0.25953087 0.48794886 -0.09586101 -0.30508834 -0.060558494 -0.23207261
0.28209481 -0.42312202 0.14450851 -0.19702147 0.38151225 -0.27982619 -0.23262656 -0.13029756 -0.32084343
0.28209481 -0.45811921 -0.14450851 0.089311175 -0.18724646 0.30297112 -0.23262656 -0.059064772 -0.46198577
0.28209481 -0.48491216 -0.050986677 0.0315115 -0.069929674 0.11314858 -0.30508834 -0.0073528402 -0.53578132
0.28209481 -0.48491216 0.050986677 -0.0315115 0.069929674 -0.11314858 -0.30508834 -0.0073528402 -0.53578132
0.28209481 -0.45811921 0.14450851 -0.089311175 0.18724646 -0.30297112 -0.23262656 -0.059064772 -0.46198577
0.28209481 -0.46198863 0.15778258 0.020089196 -0.042473998 -0.3335951 -0.21672316 0.014506109 -0.48746103
0.28209481 -0.47753483 0.054364022 0.087962836 -0.1922355 -0.11880807 -0.30367815 0.021884676 -0.50410134
0.28209481 -0.43803704 0.16309206 0.14232686 -0.28531659 -0.3269437 -0.20997094 0.10623045 -0.39270461
0.28209481 -0.46198863 -0.052594196 0.1501092 -0.31737149 0.11119837 -0.3044284 -0.03613054 -0.43682438
0.28209481 -0.43803704 0.054364022 0.2095245 -0.42002481 -0.10898124 -0.30367815 0.052128553 -0.33860269
0.28209481 -0.38556477 0.15778258 0.2552976 -0.45047781 -0.27841058 -0.21672316 0.18434659 -0.19102892
0.28209481 -0.42312202 -0.14450851 0.19702147 -0.38151225 0.27982619 -0.23262656 -0.13029756 -0.32084343
0.28209481 -0.41082418 -0.050986677 0.25953087 -0.48794886 0.09586101 -0.30508834 -0.060558494 -0.23207261
0.28209481 -0.37378019 0.050986677 0.31051755 -0.53116781 -0.087217234 -0.30508834 0.072455637 -0.099058472
0.28209481 -0.31813043 0.14450851 0.34152997 -0.49723691 -0.21039139 -0.23262656 0.22586636 0.035320513
0.28209481 -0.056626651 -0.14450851 0.46329594 -0.12006286 0.037449289 -0.23262656 -0.30639467 0.48381504
0.28209481 -0.11987688 -0.050986677 0.47091645 -0.25835007 0.027971867 -0.30508834 -0.10988285 0.47455984
0.28209481 -0.17981532 0.050986677 0.45144129 -0.37149867 -0.041957799 -0.30508834 0.10533854 0.39235258
0.28209481 -0.22650661 0.14450851 0.40809861 -0.42303398 -0.14979716 -0.23262656 0.26989064 0.26369363
0.28209481 -0.12365638 0.15778258 0.44558519 -0.25216022 -0.089290425 -0.21672316 0.32175043 0.41932985
0.28209481 -0.063908741 0.054364022 0.48134461 -0.14078154 -0.015900148 -0.30367815 0.11975592 0.52081972
0.28209481 -5.6404711e-17 0.16309206 0.4605794 -1.1889105e-16 -4.2099556e-17 -0.20997094 0.34376895 0.48540959
0.28209481 -5.9488884e-17 -0.052594196 0.48576358 -1.322483e-16 1.4318678e-17 -0.3044284 -0.11692088 0.53994465
0.28209481 0.063908741 0.054364022 0.48134461 0.14078154 0.015900148 -0.30367815 0.11975592 0.52081972
0.28209481 0.12365638 0.15778258 0.44558519 0.25216022 0.089290425 -0.21672316 0.32175043 0.41932985
0.28209481 0.056626651 -0.14450851 0.46329594 0.12006286 -0.037449289 -0.23262656 -0.30639467 0.48381504
0.28209481 0.11987688 -0.050986677 0.47091645 0.25835007 -0.027971867 -0.30508834 -0.10988285 0.47455984
0.28209481 0.17981532 0.050986677 0.45144129 0.37149867 0.041957799 -0.30508834 0.10533854 0.39235258
0.28209481 0.22650661 0.14450851 0.40809861 0.42303398 0.14979716 -0.23262656 0.26989064 0.26369363
0.28209481 0.42312202 -0.14450851 0.19702147 0.38151225 -0.27982619 -0.23262656 -0.13029756 -0.32084343
0.28209481 0.41082418 -0.050986677 0.25953087 0.48794886 -0.09586101 -0.30508834 -0.060558494 -0.23207261
0.28209481 0.37378019 0.050986677 0.31051755 0.53116781 0.087217234 -0.30508834 0.072455637 -0.099058472
0.28209481 0.31813043 0.14450851 0.34152997 0.49723691 0.21039139 -0.23262656 0.22586636 0.035320513
0.28209481 0.38556477 0.15778258 0.2552976 0.45047781 0.27841058 -0.21672316 0.18434659 -0.19102892
0.28209481 0.43803704 0.054364022 0.2095245 0.42002481 0.10898124 -0.30367815 0.052128553 -0.33860269
0.28209481 0.43803704 0.16309206 0.14232686 0.28531659 0.3269437 -0.20997094 0.10623045 -0.39270461
0.28209481 0.46198863 -0.052594196 0.1501092 0.31737149 -0.11119837 -0.3044284 -0.03613054 -0.43682438
0.28209481 0.47753483 0.054364022 0.087962836 0.1922355 0.11880807 -0.30367815 0.021884676 -0.50410134
0.28209481 0.46198863 0.15778258 0.020089196 0.042473998 0.3335951 -0.21672316 0.014506109 -0.48746103
0.28209481 0.45811921 -0.14450851 0.089311175 0.18724646 -0.30297112 -0.23262656 -0.059064772 -0.46198577
0.28209481 0.48491216 -0.050986677 0.0315115 0.069929674 -0.11314858 -0.30508834 -0.0073528402 -0.53578132
0.28209481 0.48491216 0.050986677 -0.0315115 -0.069929674 0.11314858 -0.30508834 -0.0073528402 -0.53578132
0.28209481 0.45811921 0.14450851 -0.089311175 -0.18724646 0.30297112 -0.23262656 -0.059064772 -0.46198577
0.28209481 0.31813043 -0.14450851 -0.34152997 -0.49723691 -0.21039139 -0.23262656 0.22586636 0.035320513
0.28209481 0.37378019 -0.050986677 -0.31051755 -0.53116781 -0.087217234 -0.30508834 0.072455637 -0.099058472
0.28209481 0.41082418 0.050986677 -0.25953087 -0.48794886 0.09586101 -0.30508834 -0.060558494 -0.23207261
0.28209481 0.42312202 0.14450851 -0.19702147 -0.38151225 0.27982619 -0.23262656 -0.13029756 -0.32084343
0.28209481 0.36194852 0.15778258 -0.28780261 -0.4767282 0.26135764 -0.21672316 -0.20781797 -0.11023857
0.28209481 0.33463052 0.054364022 -0.35185134 -0.5388329 0.083254255 -0.30367815 -0.087538704 0.02705095
0.28209481 0.27072179 0.16309206 -0.37261656 -0.46165195 0.20206232 -0.20997094 -0.27811494 0.14999981
0.28209481 0.28552467 -0.052594196 -0.39299101 -0.51351786 -0.068724371 -0.3044284 0.094590977 0.16685207
0.28209481 0.231224 0.054364022 -0.42698058 -0.45182511 0.057527278 -0.30367815 -0.10623045 0.29483336
0.28209481 0.1618683 0.15778258 -0.43316939 -0.32088459 0.11688269 -0.21672316 -0.31278515 0.36939868
0.28209481 0.22650661 -0.14450851 -0.40809861 -0.42303398 -0.14979716 -0.23262656 0.26989064 0.26369363
0.28209481 0.17981532 -0.050986677 -0.45144129 -0.37149867 -0.041957799 -0.30508834 0.10533854 0.39235258
0.28209481 0.11987688 0.050986677 -0.47091645 -0.25835007 0.027971867 -0.30508834 -0.10988285 0.47455984
0.28209481 0.056626651 0.14450851 -0.46329594 -0.12006286 0.037449289 -0.23262656 -0.30639467 0.48381504
0.28209481 -0.38556477 -0.15778258 -0.2552976 0.45047781 0.27841058 -0.21672316 0.18434659 -0.19102892
0.28209481 -0.43803704 -0.16309206 -0.14232686 0.28531659 0.3269437 -0.20997094 0.10623045 -0.39270461
0.28209481 -0.43803704 -0.054364022 -0.2095245 0.42002481 0.10898124 -0.30367815 0.052128553 -0.33860269
0.28209481 -0.46198863 -0.15778258 -0.020089196 0.042473998 0.3335951 -0.21672316 0.014506109 -0.48746103
0.28209481 -0.47753483 -0.054364022 -0.087962836 0.1922355 0.11880807 -0.30367815 0.021884676 -0.50410134
0.28209481 -0.46198863 0.052594196 -0.1501092 0.31737149 -0.11119837 -0.3044284 -0.03613054 -0.43682438
0.28209481 -0.36194852 -0.15778258 0.28780261 -0.4767282 0.26135764 -0.21672316 -0.20781797 -0.11023857
0.28209481 -0.27072179 -0.16309206 0.37261656 -0.46165195 0.20206232 -0.20997094 -0.27811494 0.14999981
0.28209481 -0.33463052 -0.054364022 0.35185134 -0.5388329 0.083254255 -0.30367815 -0.087538704 0.02705095
0.28209481 -0.1618683 -0.15778258 0.43316939 -0.32088459 0.11688269 -0.21672316 -0.31278515 0.36939868
0.28209481 -0.231224 -0.054364022 0.42698058 -0.45182511 0.057527278 -0.30367815 -0.10623045 0.29483336
0.28209481 -0.28552467 0.052594196 0.39299101 -0.51351786 -0.068724371 -0.3044284 0.094590977 0.16685207
0.28209481 0.1618683 -0.15778258 0.43316939 0.32088459 -0.11688269 -0.21672316 -0.31278515 0.36939868
0.28209481 0.27072179 -0.16309206 0.37261656 0.46165195 -0.20206232 -0.20997094 -0.27811494 0.14999981
0.28209481 0.231224 -0.054364022 0.42698058 0.45182511 -0.057527278 -0.30367815 -0.10623045 0.29483336
0.28209481 0.36194852 -0.15778258 0.28780261 0.4767282 -0.26135764 -0.21672316 -0.20781797 -0.11023857
0.28209481 0.33463052 -0.054364022 0.35185134 0.5388329 -0.083254255 -0.30367815 -0.087538704 0.02705095
0.28209481 0.28552467 0.052594196 0.39299101 0.51351786 0.068724371 -0.3044284 0.094590977 0.16685207
0.28209481 0.46198863 -0.15778258 -0.020089196 -0.042473998 -0.3335951 -0.21672316 0.014506109 -0.48746103
0.28209481 0.43803704 -0.16309206 -0.14232686 -0.28531659 -0.3269437 -0.20997094 0.10623045 -0.39270461
0.28209481 0.47753483 -0.054364022 -0.087962836 -0.1922355 -0.11880807 -0.30367815 0.021884676 -0.50410134
0.28209481 0.38556477 -0.15778258 -0.2552976 -0.45047781 -0.27841058 -0.21672316 0.18434659 -0.19102892
0.28209481 0.43803704 -0.054364022 -0.2095245 -0.42002481 -0.10898124 -0.30367815 0.052128553 -0.33860269
0.28209481 0.46198863 0.052594196 -0.1501092 -0.31737149 0.11119837 -0.3044284 -0.03613054 -0.43682438
0.28209481 0.12365638 -0.15778258 -0.44558519 -0.25216022 -0.089290425 -0.21672316 0.32175043 0.41932985
0.28209481 1.1280942e-16 -0.16309206 -0.4605794 -2.3778211e-16 -8.4199112e-17 -0.20997094 0.34376895 0.48540959
0.28209481 0.063908741 -0.054364022 -0.48134461 -0.14078154 -0.015900148 -0.30367815 0.11975592 0.52081972
0.28209481 -0.12365638 -0.15778258 -0.44558519 0.25216022 0.089290425 -0.21672316 0.32175043 0.41932985
0.28209481 -0.063908741 -0.054364022 -0.48134461 0.14078154 0.015900148 -0.30367815 0.11975592 0.52081972
0.28209481 1.1897777e-16 0.052594196 -0.48576358 -2.644966e-16 2.8637357e-17 -0.3044284 -0.11692088 0.53994465
