0.28209481 0 0.48860252 0 0 0 0.63078314 0 0
0.28209481 0 0.21850967 -0.43701938 0 0 -0.12615664 -0.43701935 0.43701938
0.28209481 -0.41563013 0.21850967 -0.13504641 0.25687355 -0.4156301 -0.12615664 -0.13504641 -0.3535561
0.28209481 -0.25687355 0.21850967 0.3535561 -0.41563013 -0.25687355 -0.12615664 0.3535561 0.13504642
0.28209481 0.25687355 0.21850967 0.3535561 0.41563013 0.25687355 -0.12615664 0.3535561 0.13504642
0.28209481 0.41563013 0.21850967 -0.13504641 -0.25687355 0.4156301 -0.12615664 -0.13504641 -0.3535561
0.28209481 -0.25687355 -0.21850967 -0.3535561 0.41563013 0.25687355 -0.12615664 0.3535561 0.13504642
0.28209481 -0.41563013 -0.21850967 0.13504641 -0.25687355 0.4156301 -0.12615664 -0.13504641 -0.3535561
0.28209481 -5.3519439e-17 -0.21850967 0.43701938 -1.0703888e-16 5.3519436e-17 -0.12615664 -0.43701935 0.43701938
0.28209481 0.41563013 -0.21850967 0.13504641 0.25687355 -0.4156301 -0.12615664 -0.13504641 -0.3535561
0.28209481 0.25687355 -0.21850967 -0.3535561 -0.41563013 -0.25687355 -0.12615664 0.3535561 0.13504642
0.28209481 0 -0.48860252 0 0 0 0.63078314 0 0
0.28209481 0 0.2764897 -0.40284717 0 0 -0.01240881 -0.50973988 0.37134704
0.28209481 -0.38313043 0.2764897 -0.12448663 0.21827231 -0.48479146 -0.01240881 -0.15751828 -0.30042607
0.28209481 0 0.33600482 -0.35472974 0 0 0.13206504 -0.54547191 0.28793502
0.28209481 -0.33736801 0.33600482 -0.10961752 0.16924396 -0.51877463 0.13206504 -0.16856009 -0.23294432
0.28209481 0 0.39142793 -0.29243219 0 0 0.29185292 -0.52384925 0.19568145
0.28209481 -0.27811953 0.39142793 -0.09036652 0.11501867 -0.49821022 0.29185292 -0.16187832 -0.15830962
0.28209481 0 0.43661121 -0.21932414 0 0 0.44013488 -0.43823859 0.11007082
0.28209481 -0.20858966 0.43661121 -0.067774884 0.064698003 -0.41678965 0.44013488 -0.13542317 -0.08904916
0.28209481 0 0.46754584 -0.1418919 0 0 0.55098826 -0.30360651 0.046069603
0.28209481 -0.13494721 0.46754584 -0.043847006 0.027079033 -0.28874695 0.55098826 -0.093819574 -0.037271094
0.28209481 0 0.48396742 -0.067141198 0 0 0.61291671 -0.14870806 0.010315196
0.28209481 -0.068478599 0.47450978 -0.094252706 0.029537791 -0.14870629 0.57698929 -0.20467666 0.0095974104
0.28209481 -0.063855074 0.48396742 -0.020747771 0.00606312 -0.14142977 0.61291671 -0.045953318 -0.0083451681
0.28209481 -0.071786404 0.45078093 -0.1742862 0.057257775 -0.14809385 0.48997021 -0.35954881 0.057714581
0.28209481 -0.14357281 0.45078093 -0.12213032 0.080246292 -0.2961877 0.48997021 -0.25195232 -0.013036801
0.28209481 -0.073000289 0.41096506 -0.25399038 0.084853768 -0.13729627 0.35398376 -0.47769582 0.13542207
0.28209481 -0.14855583 0.41815761 -0.20446956 0.13901052 -0.28428832 0.37761912 -0.39128929 0.045167256
0.28209481 -0.21900086 0.41096506 -0.14791474 0.14824723 -0.41188884 0.35398376 -0.27819264 -0.059682958
0.28209481 -0.071786404 0.35748166 -0.32524759 0.10685272 -0.1174425 0.19109449 -0.53210479 0.23027056
0.28209481 -0.14855583 0.3698889 -0.28256997 0.19210781 -0.25147238 0.22686212 -0.47832888 0.13220686
0.28209481 -0.22283374 0.3698889 -0.22860391 0.23312771 -0.37720856 0.22686212 -0.38697618 0.0059605422
0.28209481 -0.28714561 0.35748166 -0.16877995 0.22179531 -0.46976998 0.19109449 -0.27612385 -0.12348635
0.28209481 -0.068478599 0.29650939 -0.38226336 0.11979725 -0.092922874 0.03305554 -0.51871693 0.32363772
0.28209481 -0.14357281 0.31083202 -0.3485724 0.2290311 -0.20423363 0.067531459 -0.49584743 0.23085833
0.28209481 -0.21900086 0.31608811 -0.30142882 0.30210641 -0.31679863 0.080591179 -0.4360359 0.098160319
0.28209481 -0.28714561 0.31083202 -0.24426064 0.32098517 -0.40846726 0.067531459 -0.34746301 -0.052147202
0.28209481 -0.34239301 0.29650939 -0.18325289 0.28714749 -0.46461439 0.03305554 -0.24866726 -0.19141336
0.28209481 -0.063855074 0.23499417 -0.42359495 0.12378713 -0.068672337 -0.096527666 -0.45555118 0.40125272
0.28209481 -0.13494721 0.2483108 -0.39857674 0.24615301 -0.15335178 -0.071019731 -0.45293602 0.32184538
0.28209481 -0.20858966 0.25587815 -0.36020708 0.34385419 -0.24426165 -0.055898141 -0.42180794 0.19733563
0.28209481 -0.27811953 0.25587815 -0.30969065 0.39417484 -0.32568219 -0.055898141 -0.36265245 0.042464539
0.28209481 -0.33736801 0.2483108 -0.2515094 0.38831794 -0.38337946 -0.071019731 -0.28581113 -0.11569327
0.28209481 -0.38313043 0.23499417 -0.19162782 0.33599633 -0.412034 -0.096527666 -0.20608433 -0.25186002
0.28209481 -0.23678763 0.2764897 0.32591021 -0.35317203 -0.29961759 -0.01240881 0.41238824 0.11475255
0.28209481 -0.2085049 0.33600482 0.28698239 -0.27384248 -0.32062036 0.13206504 0.44129604 0.088976815
0.28209481 -0.17188732 0.39142793 0.23658261 -0.18610412 -0.30791086 0.29185292 0.42380291 0.060468897
0.28209481 -0.1289155 0.43661121 0.17743696 -0.10468357 -0.25759017 0.44013488 0.35454246 0.034013752
0.28209481 -0.083401963 0.46754584 0.11479295 -0.043814797 -0.17845543 0.55098826 0.24562283 0.01423629
0.28209481 -0.11080071 0.47450978 0.036001332 -0.018255359 -0.24061184 0.57698929 0.078179523 -0.025126345
0.28209481 -0.039464604 0.48396742 0.054318368 -0.0098103341 -0.087408409 0.61291671 0.12030735 0.0031875707
0.28209481 -0.18793924 0.45078093 0.014415529 -0.012398735 -0.38771474 0.48997021 0.029738937 -0.080347352
0.28209481 -0.16051927 0.45078093 0.098805502 -0.072583459 -0.33114791 0.48997021 0.2038337 -0.036620595
0.28209481 -0.26411754 0.41096506 -0.0090599405 0.010950952 -0.49674261 0.35398376 -0.017039604 -0.15943454
0.28209481 -0.24036838 0.41815761 0.078100421 -0.085913226 -0.45998815 0.37761912 0.14945921 -0.11824941
0.28209481 -0.20835027 0.41096506 0.16257404 -0.15501529 -0.39185756 0.35398376 0.3057633 -0.038853008
0.28209481 -0.33151203 0.35748166 -0.032234102 0.048903979 -0.54235345 0.19109449 -0.052734967 -0.24909925
0.28209481 -0.3146463 0.3698889 0.053966064 -0.077709243 -0.53262705 0.22686212 0.091352686 -0.21987572
0.28209481 -0.28627464 0.3698889 0.14128499 -0.18510076 -0.4846001 0.22686212 0.23916444 -0.14185122
0.28209481 -0.24925214 0.35748166 0.22093582 -0.25201961 -0.4077763 0.19109449 0.36145082 -0.030465452
0.28209481 -0.38471511 0.29650939 -0.052998852 0.093311466 -0.52204388 0.03305554 -0.071917444 -0.33224347
0.28209481 -0.37587848 0.31083202 0.028831057 -0.049594939 -0.53469056 0.067531459 0.041012444 -0.32138941
0.28209481 -0.35435084 0.31608811 0.11513557 -0.18671203 -0.51259094 0.080591179 0.1665509 -0.25698707
0.28209481 -0.32103854 0.31083202 0.197611 -0.29033381 -0.45668027 0.067531459 0.28110346 -0.14648238
0.28209481 -0.28008911 0.29650939 0.26900685 -0.34481716 -0.38007036 0.03305554 0.36503214 -0.0139244
0.28209481 -0.42259505 0.23499417 -0.070168257 0.13570455 -0.45447585 -0.096527666 -0.07546179 -0.39738053
0.28209481 -0.42076999 0.2483108 0.0051754368 -0.0099660046 -0.47815606 -0.071019731 0.0058812811 -0.40506348
0.28209481 -0.40703505 0.25587815 0.087070443 -0.16219291 -0.47664419 -0.055898141 0.10196081 -0.36176032
0.28209481 -0.38047698 0.25587815 0.16880773 -0.29393414 -0.44554433 -0.055898141 0.19767641 -0.26604471
0.28209481 -0.34345213 0.2483108 0.24313538 -0.38215861 -0.3902933 -0.071019731 0.27629504 -0.13464974
0.28209481 -0.3006427 0.23499417 0.30516243 -0.41986635 -0.32332334 -0.096527666 0.32818407 0.0062653557
0.28209481 0.23678763 0.2764897 0.32591021 0.35317203 0.29961759 -0.01240881 0.41238824 0.11475255
0.28209481 0.2085049 0.33600482 0.28698239 0.27384248 0.32062036 0.13206504 0.44129604 0.088976815
0.28209481 0.17188732 0.39142793 0.23658261 0.18610412 0.30791086 0.29185292 0.42380291 0.060468897
0.28209481 0.1289155 0.43661121 0.17743696 0.10468357 0.25759017 0.44013488 0.35454246 0.034013752
0.28209481 0.083401963 0.46754584 0.11479295 0.043814797 0.17845543 0.55098826 0.24562283 0.01423629
0.28209481 -1.4267473e-17 0.47450978 0.11650275 -7.6069845e-18 -3.098286e-17 0.57698929 0.25299427 0.031057872
0.28209481 0.039464604 0.48396742 0.054318368 0.0098103341 0.087408409 0.61291671 0.12030735 0.0031875707
0.28209481 -0.044366438 0.45078093 0.18319549 -0.037196204 -0.091527037 0.48997021 0.37792847 0.072290167
0.28209481 0.044366438 0.45078093 0.18319549 0.037196204 0.091527037 0.48997021 0.37792847 0.072290167
0.28209481 -0.090233319 0.41096506 0.24839102 -0.10257278 -0.16970754 0.35398376 0.46716475 0.12254845
0.28209481 -3.095151e-17 0.41815761 0.25273827 -3.579993e-17 -5.9231287e-17 0.37761912 0.48366016 0.1461643
0.28209481 0.090233319 0.41096506 0.24839102 0.10257278 0.16970754 0.35398376 0.46716475 0.12254845
0.28209481 -0.1330993 0.35748166 0.30532581 -0.18598102 -0.21775036 0.19109449 0.49951276 0.17278048
0.28209481 -0.045906276 0.3698889 0.31592283 -0.066371612 -0.077709235 0.22686212 0.53478795 0.22355954
0.28209481 0.045906276 0.3698889 0.31592283 0.066371612 0.077709235 0.22686212 0.53478795 0.22355954
0.28209481 0.1330993 0.35748166 0.30532581 0.18598102 0.21775036 0.19109449 0.49951276 0.17278048
0.28209481 -0.16928841 0.29650939 0.34950826 -0.27077839 -0.22971798 0.03305554 0.47426951 0.21394351
0.28209481 -0.088732876 0.31083202 0.36639097 -0.14878482 -0.12622333 0.067531459 0.52119452 0.28916067
0.28209481 -4.5628689e-17 0.31608811 0.37258652 -7.7802663e-17 -6.6004791e-17 0.080591179 0.53897005 0.31765348
0.28209481 0.088732876 0.31083202 0.36639097 0.14878482 0.12622333 0.067531459 0.52119452 0.28916067
0.28209481 0.16928841 0.29650939 0.34950826 0.27077839 0.22971798 0.03305554 0.47426951 0.21394351
0.28209481 -0.19732302 0.23499417 0.38022858 -0.34336168 -0.21220918 -0.096527666 0.40891322 0.24172246
0.28209481 -0.12510294 0.2483108 0.40177533 -0.23002768 -0.14216492 -0.071019731 0.45657083 0.33356112
0.28209481 -0.042971831 0.25587815 0.41401958 -0.081420556 -0.050320666 -0.055898141 0.4848232 0.38800484
0.28209481 0.042971831 0.25587815 0.41401958 0.081420556 0.050320666 -0.055898141 0.4848232 0.38800484
0.28209481 0.12510294 0.2483108 0.40177533 0.23002768 0.14216492 -0.071019731 0.45657083 0.33356112
0.28209481 0.19732302 0.23499417 0.38022858 0.34336168 0.21220918 -0.096527666 0.40891322 0.24172246
0.28209481 0.38313043 0.2764897 -0.12448663 -0.21827231 0.48479146 -0.01240881 -0.15751828 -0.30042607
0.28209481 0.33736801 0.33600482 -0.10961752 -0.16924396 0.51877463 0.13206504 -0.16856009 -0.23294432
0.28209481 0.27811953 0.39142793 -0.09036652 -0.11501867 0.49821022 0.29185292 -0.16187832 -0.15830962
0.28209481 0.20858966 0.43661121 -0.067774884 -0.064698003 0.41678965 0.44013488 -0.13542317 -0.08904916
0.28209481 0.13494721 0.46754584 -0.043847006 -0.027079033 0.28874695 0.55098826 -0.093819574 -0.037271094
0.28209481 0.11080071 0.47450978 0.036001332 0.018255359 0.24061184 0.57698929 0.078179523 -0.025126345
0.28209481 0.063855074 0.48396742 -0.020747771 -0.00606312 0.14142977 0.61291671 -0.045953318 -0.0083451681
0.28209481 0.16051927 0.45078093 0.098805502 0.072583459 0.33114791 0.48997021 0.2038337 -0.036620595
0.28209481 0.18793924 0.45078093 0.014415529 0.012398735 0.38771474 0.48997021 0.029738937 -0.080347352
0.28209481 0.20835027 0.41096506 0.16257404 0.15501529 0.39185756 0.35398376 0.3057633 -0.038853008
0.28209481 0.24036838 0.41815761 0.078100421 0.085913226 0.45998815 0.37761912 0.14945921 -0.11824941
0.28209481 0.26411754 0.41096506 -0.0090599405 -0.010950952 0.49674261 0.35398376 -0.017039604 -0.15943454
0.28209481 0.24925214 0.35748166 0.22093582 0.25201961 0.4077763 0.19109449 0.36145082 -0.030465452
0.28209481 0.28627464 0.3698889 0.14128499 0.18510076 0.4846001 0.22686212 0.23916444 -0.14185122
0.28209481 0.3146463 0.3698889 0.053966064 0.077709243 0.53262705 0.22686212 0.091352686 -0.21987572
0.28209481 0.33151203 0.35748166 -0.032234102 -0.048903979 0.54235345 0.19109449 -0.052734967 -0.24909925
0.28209481 0.28008911 0.29650939 0.26900685 0.34481716 0.38007036 0.03305554 0.36503214 -0.0139244
0.28209481 0.32103854 0.31083202 0.197611 0.29033381 0.45668027 0.067531459 0.28110346 -0.14648238
0.28209481 0.35435084 0.31608811 0.11513557 0.18671203 0.51259094 0.080591179 0.1665509 -0.25698707
0.28209481 0.37587848 0.31083202 0.028831057 0.049594939 0.53469056 0.067531459 0.041012444 -0.32138941
0.28209481 0.38471511 0.29650939 -0.052998852 -0.093311466 0.52204388 0.03305554 -0.071917444 -0.33224347
0.28209481 0.3006427 0.23499417 0.30516243 0.41986635 0.32332334 -0.096527666 0.32818407 0.0062653557
0.28209481 0.34345213 0.2483108 0.24313538 0.38215861 0.3902933 -0.071019731 0.27629504 -0.13464974
0.28209481 0.38047698 0.25587815 0.16880773 0.29393414 0.44554433 -0.055898141 0.19767641 -0.26604471
0.28209481 0.40703505 0.25587815 0.087070443 0.16219291 0.47664419 -0.055898141 0.10196081 -0.36176032
0.28209481 0.42076999 0.2483108 0.0051754368 0.0099660046 0.47815606 -0.071019731 0.0058812811 -0.40506348
0.28209481 0.42259505 0.23499417 -0.070168257 -0.13570455 0.45447585 -0.096527666 -0.07546179 -0.39738053
0.28209481 0.068478599 0.47450978 -0.094252706 -0.029537791 0.14870629 0.57698929 -0.20467666 0.0095974104
0.28209481 0.14357281 0.45078093 -0.12213032 -0.080246292 0.2961877 0.48997021 -0.25195232 -0.013036801
0.28209481 0.071786404 0.45078093 -0.1742862 -0.057257775 0.14809385 0.48997021 -0.35954881 0.057714581
0.28209481 0.21900086 0.41096506 -0.14791474 -0.14824723 0.41188884 0.35398376 -0.27819264 -0.059682958
0.28209481 0.14855583 0.41815761 -0.20446956 -0.13901052 0.28428832 0.37761912 -0.39128929 0.045167256
0.28209481 0.073000289 0.41096506 -0.25399038 -0.084853768 0.13729627 0.35398376 -0.47769582 0.13542207
0.28209481 0.28714561 0.35748166 -0.16877995 -0.22179531 0.46976998 0.19109449 -0.27612385 -0.12348635
0.28209481 0.22283374 0.3698889 -0.22860391 -0.23312771 0.37720856 0.22686212 -0.38697618 0.0059605422
0.28209481 0.14855583 0.3698889 -0.28256997 -0.19210781 0.25147238 0.22686212 -0.47832888 0.13220686
0.28209481 0.071786404 0.35748166 -0.32524759 -0.10685272 0.1174425 0.19109449 -0.53210479 0.23027056
0.28209481 0.34239301 0.29650939 -0.18325289 -0.28714749 0.46461439 0.03305554 -0.24866726 -0.19141336
0.28209481 0.28714561 0.31083202 -0.24426064 -0.32098517 0.40846726 0.067531459 -0.34746301 -0.052147202
0.28209481 0.21900086 0.31608811 -0.30142882 -0.30210641 0.31679863 0.080591179 -0.4360359 0.098160319
0.28209481 0.14357281 0.31083202 -0.3485724 -0.2290311 0.20423363 0.067531459 -0.49584743 0.23085833
0.28209481 0.068478599 0.29650939 -0.38226336 -0.11979725 0.092922874 0.03305554 -0.51871693 0.32363772
0.28209481 0.38313043 0.23499417 -0.19162782 -0.33599633 0.412034 -0.096527666 -0.20608433 -0.25186002
0.28209481 0.33736801 0.2483108 -0.2515094 -0.38831794 0.38337946 -0.071019731 -0.28581113 -0.11569327
0.28209481 0.27811953 0.25587815 -0.30969065 -0.39417484 0.32568219 -0.055898141 -0.36265245 0.042464539
0.28209481 0.20858966 0.25587815 -0.36020708 -0.34385419 0.24426165 -0.055898141 -0.42180794 0.19733563
0.28209481 0.13494721 0.2483108 -0.39857674 -0.24615301 0.15335178 -0.071019731 -0.45293602 0.32184538
0.28209481 0.063855074 0.23499417 -0.42359495 -0.12378713 0.068672337 -0.096527666 -0.45555118 0.40125272
0.28209481 -0.38313043 -0.2764897 0.12448663 -0.21827231 0.48479146 -0.01240881 -0.15751828 -0.30042607
0.28209481 -0.23678763 -0.2764897 -0.32591021 0.35317203 0.29961759 -0.01240881 0.41238824 0.11475255
0.28209481 -0.33736801 -0.33600482 0.10961752 -0.16924396 0.51877463 0.13206504 -0.16856009 -0.23294432
0.28209481 -0.2085049 -0.33600482 -0.28698239 0.27384248 0.32062036 0.13206504 0.44129604 0.088976815
0.28209481 -0.27811953 -0.39142793 0.09036652 -0.11501867 0.49821022 0.29185292 -0.16187832 -0.15830962
0.28209481 -0.17188732 -0.39142793 -0.23658261 0.18610412 0.30791086 0.29185292 0.42380291 0.060468897
0.28209481 -0.20858966 -0.43661121 0.067774884 -0.064698003 0.41678965 0.44013488 -0.13542317 -0.08904916
0.28209481 -0.1289155 -0.43661121 -0.17743696 0.10468357 0.25759017 0.44013488 0.35454246 0.034013752
0.28209481 -0.13494721 -0.46754584 0.043847006 -0.027079033 0.28874695 0.55098826 -0.093819574 -0.037271094
0.28209481 -0.083401963 -0.46754584 -0.11479295 0.043814797 0.17845543 0.55098826 0.24562283 0.01423629
0.28209481 -0.063855074 -0.48396742 0.020747771 -0.00606312 0.14142977 0.61291671 -0.045953318 -0.0083451681
0.28209481 -0.11080071 -0.47450978 -0.036001332 0.018255359 0.24061184 0.57698929 0.078179523 -0.025126345
0.28209481 -0.039464604 -0.48396742 -0.054318368 0.0098103341 0.087408409 0.61291671 0.12030735 0.0031875707
0.28209481 -0.18793924 -0.45078093 -0.014415529 0.012398735 0.38771474 0.48997021 0.029738937 -0.080347352
0.28209481 -0.16051927 -0.45078093 -0.098805502 0.072583459 0.33114791 0.48997021 0.2038337 -0.036620595
0.28209481 -0.26411754 -0.41096506 0.0090599405 -0.010950952 0.49674261 0.35398376 -0.017039604 -0.15943454
0.28209481 -0.24036838 -0.41815761 -0.078100421 0.085913226 0.45998815 0.37761912 0.14945921 -0.11824941
0.28209481 -0.20835027 -0.41096506 -0.16257404 0.15501529 0.39185756 0.35398376 0.3057633 -0.038853008
0.28209481 -0.33151203 -0.35748166 0.032234102 -0.048903979 0.54235345 0.19109449 -0.052734967 -0.24909925
0.28209481 -0.3146463 -0.3698889 -0.053966064 0.077709243 0.53262705 0.22686212 0.091352686 -0.21987572
0.28209481 -0.28627464 -0.3698889 -0.14128499 0.18510076 0.4846001 0.22686212 0.23916444 -0.14185122
0.28209481 -0.24925214 -0.35748166 -0.22093582 0.25201961 0.4077763 0.19109449 0.36145082 -0.030465452
0.28209481 -0.38471511 -0.29650939 0.052998852 -0.093311466 0.52204388 0.03305554 -0.071917444 -0.33224347
0.28209481 -0.37587848 -0.31083202 -0.028831057 0.049594939 0.53469056 0.067531459 0.041012444 -0.32138941
0.28209481 -0.35435084 -0.31608811 -0.11513557 0.18671203 0.51259094 0.080591179 0.1665509 -0.25698707
0.28209481 -0.32103854 -0.31083202 -0.197611 0.29033381 0.45668027 0.067531459 0.28110346 -0.14648238
0.28209481 -0.28008911 -0.29650939 -0.26900685 0.34481716 0.38007036 0.03305554 0.36503214 -0.0139244
0.28209481 -0.42259505 -0.23499417 0.070168257 -0.13570455 0.45447585 -0.096527666 -0.07546179 -0.39738053
0.28209481 -0.42076999 -0.2483108 -0.0051754368 0.0099660046 0.47815606 -0.071019731 0.0058812811 -0.40506348
0.28209481 -0.40703505 -0.25587815 -0.087070443 0.16219291 0.47664419 -0.055898141 0.10196081 -0.36176032
0.28209481 -0.38047698 -0.25587815 -0.16880773 0.29393414 0.44554433 -0.055898141 0.19767641 -0.26604471
0.28209481 -0.34345213 -0.2483108 -0.24313538 0.38215861 0.3902933 -0.071019731 0.27629504 -0.13464974
0.28209481 -0.3006427 -0.23499417 -0.30516243 0.41986635 0.32332334 -0.096527666 0.32818407 0.0062653557
0.28209481 -4.9334551e-17 -0.2764897 0.40284717 -9.0953796e-17 6.242513e-17 -0.01240881 -0.50973988 0.37134704
0.28209481 -4.3441861e-17 -0.33600482 0.35472974 -7.0523738e-17 6.6801042e-17 0.13206504 -0.54547191 0.28793502
0.28209481 -3.5812616e-17 -0.39142793 0.29243219 -4.7928135e-17 6.4153025e-17 0.29185292 -0.52384925 0.19568145
0.28209481 -2.6859461e-17 -0.43661121 0.21932414 -2.6959575e-17 5.3668749e-17 0.44013488 -0.43823859 0.11007082
0.28209481 -1.7376745e-17 -0.46754584 0.1418919 -1.1283798e-17 3.7181074e-17 0.55098826 -0.30360651 0.046069603
0.28209481 -8.2224251e-18 -0.48396742 0.067141198 -2.5264941e-18 1.8211486e-17 0.61291671 -0.14870806 0.010315196
0.28209481 -0.068478599 -0.47450978 0.094252706 -0.029537791 0.14870629 0.57698929 -0.20467666 0.0095974104
0.28209481 -0.071786404 -0.45078093 0.1742862 -0.057257775 0.14809385 0.48997021 -0.35954881 0.057714581
0.28209481 -0.14357281 -0.45078093 0.12213032 -0.080246292 0.2961877 0.48997021 -0.25195232 -0.013036801
0.28209481 -0.073000289 -0.41096506 0.25399038 -0.084853768 0.13729627 0.35398376 -0.47769582 0.13542207
0.28209481 -0.14855583 -0.41815761 0.20446956 -0.13901052 0.28428832 0.37761912 -0.39128929 0.045167256
0.28209481 -0.21900086 -0.41096506 0.14791474 -0.14824723 0.41188884 0.35398376 -0.27819264 -0.059682958
0.28209481 -0.071786404 -0.35748166 0.32524759 -0.10685272 0.1174425 0.19109449 -0.53210479 0.23027056
0.28209481 -0.14855583 -0.3698889 0.28256997 -0.19210781 0.25147238 0.22686212 -0.47832888 0.13220686
0.28209481 -0.22283374 -0.3698889 0.22860391 -0.23312771 0.37720856 0.22686212 -0.38697618 0.0059605422
0.28209481 -0.28714561 -0.35748166 0.16877995 -0.22179531 0.46976998 0.19109449 -0.27612385 -0.12348635
0.28209481 -0.068478599 -0.29650939 0.38226336 -0.11979725 0.092922874 0.03305554 -0.51871693 0.32363772
0.28209481 -0.14357281 -0.31083202 0.3485724 -0.2290311 0.20423363 0.067531459 -0.49584743 0.23085833
0.28209481 -0.21900086 -0.31608811 0.30142882 -0.30210641 0.31679863 0.080591179 -0.4360359 0.098160319
0.28209481 -0.28714561 -0.31083202 0.24426064 -0.32098517 0.40846726 0.067531459 -0.34746301 -0.052147202
0.28209481 -0.34239301 -0.29650939 0.18325289 -0.28714749 0.46461439 0.03305554 -0.24866726 -0.19141336
0.28209481 -0.063855074 -0.23499417 0.42359495 -0.12378713 0.068672337 -0.096527666 -0.45555118 0.40125272
0.28209481 -0.13494721 -0.2483108 0.39857674 -0.24615301 0.15335178 -0.071019731 -0.45293602 0.32184538
0.28209481 -0.20858966 -0.25587815 0.36020708 -0.34385419 0.24426165 -0.055898141 -0.42180794 0.19733563
0.28209481 -0.27811953 -0.25587815 0.30969065 -0.39417484 0.32568219 -0.055898141 -0.36265245 0.042464539
0.28209481 -0.33736801 -0.2483108 0.2515094 -0.38831794 0.38337946 -0.071019731 -0.28581113 -0.11569327
0.28209481 -0.38313043 -0.23499417 0.19162782 -0.33599633 0.412034 -0.096527666 -0.20608433 -0.25186002
0.28209481 0.38313043 -0.2764897 0.12448663 0.21827231 -0.48479146 -0.01240881 -0.15751828 -0.30042607
0.28209481 0.33736801 -0.33600482 0.10961752 0.16924396 -0.51877463 0.13206504 -0.16856009 -0.23294432
0.28209481 0.27811953 -0.39142793 0.09036652 0.11501867 -0.49821022 0.29185292 -0.16187832 -0.15830962
0.28209481 0.20858966 -0.43661121 0.067774884 0.064698003 -0.41678965 0.44013488 -0.13542317 -0.08904916
0.28209481 0.13494721 -0.46754584 0.043847006 0.027079033 -0.28874695 0.55098826 -0.093819574 -0.037271094
0.28209481 0.063855074 -0.48396742 0.020747771 0.00606312 -0.14142977 0.61291671 -0.045953318 -0.0083451681
0.28209481 0.068478599 -0.47450978 0.094252706 0.029537791 -0.14870629 0.57698929 -0.20467666 0.0095974104
0.28209481 0.14357281 -0.45078093 0.12213032 0.080246292 -0.2961877 0.48997021 -0.25195232 -0.013036801
0.28209481 0.071786404 -0.45078093 0.1742862 0.057257775 -0.14809385 0.48997021 -0.35954881 0.057714581
0.28209481 0.21900086 -0.41096506 0.14791474 0.14824723 -0.41188884 0.35398376 -0.27819264 -0.059682958
0.28209481 0.14855583 -0.41815761 0.20446956 0.13901052 -0.28428832 0.37761912 -0.39128929 0.045167256
0.28209481 0.073000289 -0.41096506 0.25399038 0.084853768 -0.13729627 0.35398376 -0.47769582 0.13542207
0.28209481 0.28714561 -0.35748166 0.16877995 0.22179531 -0.46976998 0.19109449 -0.27612385 -0.12348635
0.28209481 0.22283374 -0.3698889 0.22860391 0.23312771 -0.37720856 0.22686212 -0.38697618 0.0059605422
0.28209481 0.14855583 -0.3698889 0.28256997 0.19210781 -0.25147238 0.22686212 -0.47832888 0.13220686
0.28209481 0.071786404 -0.35748166 0.32524759 0.10685272 -0.1174425 0.19109449 -0.53210479 0.23027056
0.28209481 0.34239301 -0.29650939 0.18325289 0.28714749 -0.46461439 0.03305554 -0.24866726 -0.19141336
0.28209481 0.28714561 -0.31083202 0.24426064 0.32098517 -0.40846726 0.067531459 -0.34746301 -0.052147202
0.28209481 0.21900086 -0.31608811 0.30142882 0.30210641 -0.31679863 0.080591179 -0.4360359 0.098160319
0.28209481 0.14357281 -0.31083202 0.3485724 0.2290311 -0.20423363 0.067531459 -0.49584743 0.23085833
0.28209481 0.068478599 -0.29650939 0.38226336 0.11979725 -0.092922874 0.03305554 -0.51871693 0.32363772
0.28209481 0.38313043 -0.23499417 0.19162782 0.33599633 -0.412034 -0.096527666 -0.20608433 -0.25186002
0.28209481 0.33736801 -0.2483108 0.2515094 0.38831794 -0.38337946 -0.071019731 -0.28581113 -0.11569327
0.28209481 0.27811953 -0.25587815 0.30969065 0.39417484 -0.32568219 -0.055898141 -0.36265245 0.042464539
0.28209481 0.20858966 -0.25587815 0.36020708 0.34385419 -0.24426165 -0.055898141 -0.42180794 0.19733563
0.28209481 0.13494721 -0.2483108 0.39857674 0.24615301 -0.15335178 -0.071019731 -0.45293602 0.32184538
0.28209481 0.063855074 -0.23499417 0.42359495 0.12378713 -0.068672337 -0.096527666 -0.45555118 0.40125272
0.28209481 0.23678763 -0.2764897 -0.32591021 -0.35317203 -0.29961759 -0.01240881 0.41238824 0.11475255
0.28209481 0.2085049 -0.33600482 -0.28698239 -0.27384248 -0.32062036 0.13206504 0.44129604 0.088976815
0.28209481 0.17188732 -0.39142793 -0.23658261 -0.18610412 -0.30791086 0.29185292 0.42380291 0.060468897
0.28209481 0.1289155 -0.43661121 -0.17743696 -0.10468357 -0.25759017 0.44013488 0.35454246 0.034013752
0.28209481 0.083401963 -0.46754584 -0.11479295 -0.043814797 -0.17845543 0.55098826 0.24562283 0.01423629
0.28209481 0.039464604 -0.48396742 -0.054318368 -0.0098103341 -0.087408409 0.61291671 0.12030735 0.0031875707
0.28209481 0.11080071 -0.47450978 -0.036001332 -0.018255359 -0.24061184 0.57698929 0.078179523 -0.025126345
0.28209481 0.16051927 -0.45078093 -0.098805502 -0.072583459 -0.33114791 0.48997021 0.2038337 -0.036620595
0.28209481 0.18793924 -0.45078093 -0.014415529 -0.012398735 -0.38771474 0.48997021 0.029738937 -0.080347352
0.28209481 0.20835027 -0.41096506 -0.16257404 -0.15501529 -0.39185756 0.35398376 0.3057633 -0.038853008
0.28209481 0.24036838 -0.41815761 -0.078100421 -0.085913226 -0.45998815 0.37761912 0.14945921 -0.11824941
0.28209481 0.26411754 -0.41096506 0.0090599405 0.010950952 -0.49674261 0.35398376 -0.017039604 -0.15943454
0.28209481 0.24925214 -0.35748166 -0.22093582 -0.25201961 -0.4077763 0.19109449 0.36145082 -0.030465452
0.28209481 0.28627464 -0.3698889 -0.14128499 -0.18510076 -0.4846001 0.22686212 0.23916444 -0.14185122
0.28209481 0.3146463 -0.3698889 -0.053966064 -0.077709243 -0.53262705 0.22686212 0.091352686 -0.21987572
0.28209481 0.33151203 -0.35748166 0.032234102 0.048903979 -0.54235345 0.19109449 -0.052734967 -0.24909925
0.28209481 0.28008911 -0.29650939 -0.26900685 -0.34481716 -0.38007036 0.03305554 0.36503214 -0.0139244
0.28209481 0.32103854 -0.31083202 -0.197611 -0.29033381 -0.45668027 0.067531459 0.28110346 -0.14648238
0.28209481 0.35435084 -0.31608811 -0.11513557 -0.18671203 -0.51259094 0.080591179 0.1665509 -0.25698707
0.28209481 0.37587848 -0.31083202 -0.028831057 -0.049594939 -0.53469056 0.067531459 0.041012444 -0.32138941
0.28209481 0.38471511 -0.29650939 0.052998852 0.093311466 -0.52204388 0.03305554 -0.071917444 -0.33224347
0.28209481 0.3006427 -0.23499417 -0.30516243 -0.41986635 -0.32332334 -0.096527666 0.32818407 0.0062653557
0.28209481 0.34345213 -0.2483108 -0.24313538 -0.38215861 -0.3902933 -0.071019731 0.27629504 -0.13464974
0.28209481 0.38047698 -0.25587815 -0.16880773 -0.29393414 -0.44554433 -0.055898141 0.19767641 -0.26604471
0.28209481 0.40703505 -0.25587815 -0.087070443 -0.16219291 -0.47664419 -0.055898141 0.10196081 -0.36176032
0.28209481 0.42076999 -0.2483108 -0.0051754368 -0.0099660046 -0.47815606 -0.071019731 0.0058812811 -0.40506348
0.28209481 0.42259505 -0.23499417 0.070168257 0.13570455 -0.45447585 -0.096527666 -0.07546179 -0.39738053
0.28209481 2.8534945e-17 -0.47450978 -0.11650275 -1.5213969e-17 -6.1965721e-17 0.57698929 0.25299427 0.031057872
0.28209481 -0.044366438 -0.45078093 -0.18319549 0.037196204 0.091527037 0.48997021 0.37792847 0.072290167
0.28209481 0.044366438 -0.45078093 -0.18319549 -0.037196204 -0.091527037 0.48997021 0.37792847 0.072290167
0.28209481 -0.090233319 -0.41096506 -0.24839102 0.10257278 0.16970754 0.35398376 0.46716475 0.12254845
0.28209481 6.1903021e-17 -0.41815761 -0.25273827 -7.159986e-17 -1.1846257e-16 0.37761912 0.48366016 0.1461643
0.28209481 0.090233319 -0.41096506 -0.24839102 -0.10257278 -0.16970754 0.35398376 0.46716475 0.12254845
0.28209481 -0.1330993 -0.35748166 -0.30532581 0.18598102 0.21775036 0.19109449 0.49951276 0.17278048
0.28209481 -0.045906276 -0.3698889 -0.31592283 0.066371612 0.077709235 0.22686212 0.53478795 0.22355954
0.28209481 0.045906276 -0.3698889 -0.31592283 -0.066371612 -0.077709235 0.22686212 0.53478795 0.22355954
0.28209481 0.1330993 -0.35748166 -0.30532581 -0.18598102 -0.21775036 0.19109449 0.49951276 0.17278048
0.28209481 -0.16928841 -0.29650939 -0.34950826 0.27077839 0.22971798 0.03305554 0.47426951 0.21394351
0.28209481 -0.088732876 -0.31083202 -0.36639097 0.14878482 0.12622333 0.067531459 0.52119452 0.28916067
0.28209481 9.1257378e-17 -0.31608811 -0.37258652 -1.5560533e-16 -1.3200958e-16 0.080591179 0.53897005 0.31765348
0.28209481 0.088732876 -0.31083202 -0.36639097 -0.14878482 -0.12622333 0.067531459 0.52119452 0.28916067
0.28209481 0.16928841 -0.29650939 -0.34950826 -0.27077839 -0.22971798 0.03305554 0.47426951 0.21394351
0.28209481 -0.19732302 -0.23499417 -0.38022858 0.34336168 0.21220918 -0.096527666 0.40891322 0.24172246
0.28209481 -0.12510294 -0.2483108 -0.40177533 0.23002768 0.14216492 -0.071019731 0.45657083 0.33356112
0.28209481 -0.042971831 -0.25587815 -0.41401958 0.081420556 0.050320666 -0.055898141 0.4848232 0.38800484
0.28209481 0.042971831 -0.25587815 -0.41401958 -0.081420556 -0.050320666 -0.055898141 0.4848232 0.38800484
0.28209481 0.12510294 -0.2483108 -0.40177533 -0.23002768 -0.14216492 -0.071019731 0.45657083 0.33356112
0.28209481 0.19732302 -0.23499417 -0.38022858 -0.34336168 -0.21220918 -0.096527666 0.40891322 0.24172246
0.28209481 -0.23678763 -0.16785298 -0.39305142 0.42592946 0.18189359 -0.20372631 0.30193102 0.22520976
0.28209481 -0.2085049 -0.10641892 -0.42887425 0.40923762 0.10154637 -0.27050695 0.20887098 0.32140186
0.28209481 -0.17188732 -0.03655402 -0.45590675 0.35863212 0.028754666 -0.31009579 0.076267675 0.40800413
0.28209481 -0.12891549 0.03655402 -0.46986914 0.27721158 -0.021566 -0.31009579 -0.078603409 0.46715963
0.28209481 -0.083401963 0.10641892 -0.46952268 0.17920996 -0.040618546 -0.27050695 -0.22866763 0.48852676
0.28209481 -0.039464604 0.16785298 -0.45716554 0.082567774 -0.030315597 -0.20372631 -0.35118169 0.47467664
0.28209481 -0.11080071 0.18000664 -0.44051474 0.22337382 -0.091276787 -0.18697028 -0.36289275 0.41594595
0.28209481 -0.16051927 0.11322103 -0.44737789 0.328648 -0.08317323 -0.26458567 -0.23180933 0.39902246
0.28209481 -0.18793924 0.18870172 -0.40963754 0.3523275 -0.16230153 -0.17426407 -0.3537569 0.30314848
0.28209481 -0.20835027 0.038378522 -0.44028363 0.41981301 -0.036594145 -0.30955395 -0.077330366 0.34424067
0.28209481 -0.24036838 0.11715062 -0.40893909 0.44984746 -0.12886982 -0.2609978 -0.21924645 0.25045624
0.28209481 -0.26411751 0.19189261 -0.36352658 0.43940267 -0.23194486 -0.16945086 -0.31924471 0.14277059
0.28209481 -0.24925214 -0.037740342 -0.41854683 0.47743282 0.043050088 -0.30974647 0.07229016 0.25869521
0.28209481 -0.28627464 0.039050207 -0.39402324 0.51621908 -0.051160589 -0.30934781 -0.07041651 0.16772975
0.28209481 -0.31464627 0.11715062 -0.35497305 0.51114875 -0.16869278 -0.2609978 -0.19031335 0.061790336
0.28209481 -0.33151203 0.18870172 -0.30532581 0.46322513 -0.28628886 -0.17426407 -0.26367483 -0.038159382
0.28209481 -0.28008911 -0.10800399 -0.38550958 0.49415219 0.13844119 -0.26915991 0.19054794 0.16055977
0.28209481 -0.32103854 -0.037740342 -0.36639097 0.5383085 0.055448823 -0.30974647 0.063281953 0.071339145
0.28209481 -0.35435084 0.038378522 -0.33420801 0.54197544 -0.062237337 -0.30955395 -0.058699496 -0.03173665
0.28209481 -0.37587848 0.11322103 -0.29091027 0.50042135 -0.19476183 -0.26458567 -0.15073547 -0.12964149
0.28209481 -0.38471511 0.18000664 -0.24150427 0.4252001 -0.31692544 -0.18697028 -0.19894941 -0.20521149
0.28209481 -0.3006427 -0.16785298 -0.34665799 0.47695914 0.23094524 -0.20372631 0.2662929 0.068156525
0.28209481 -0.3434521 -0.10641892 -0.33082938 0.51999545 0.16726856 -0.27050695 0.16112101 -0.019475728
0.28209481 -0.38047698 -0.03655402 -0.3043575 0.52995831 0.063649185 -0.31009579 0.050915319 -0.11928361
0.28209481 -0.40703502 0.03655402 -0.26780346 0.49885842 -0.068092026 -0.31009579 -0.044800274 -0.2149992
0.28209481 -0.42076999 0.10641892 -0.22441046 0.43213272 -0.20492402 -0.27050695 -0.10929272 -0.28988948
0.28209481 -0.42259502 0.16785298 -0.17880499 0.34580666 -0.32462558 -0.20372631 -0.13735296 -0.33548933
0.28209481 -0.44698551 -0.16785298 0.10373885 -0.21220919 0.34336168 -0.20372631 -0.079689264 -0.43255359
0.28209481 -0.47231522 -0.10641892 0.065770507 -0.14216492 0.23002766 -0.27050695 -0.032031652 -0.50056344
0.28209481 -0.48670918 -0.03655402 0.022591628 -0.05032067 0.081420548 -0.31009579 -0.0037793056 -0.54088098
0.28209481 -0.48670918 0.03655402 -0.022591628 0.05032067 -0.081420548 -0.31009579 -0.0037793056 -0.54088098
0.28209481 -0.47231522 0.10641892 -0.065770507 0.14216492 -0.23002766 -0.27050695 -0.032031652 -0.50056344
0.28209481 -0.44698551 0.16785298 -0.10373885 0.21220919 -0.34336168 -0.20372631 -0.079689264 -0.43255359
0.28209481 -0.45319369 0.18000664 -0.030748807 0.063773677 -0.3733376 -0.18697028 -0.025330637 -0.46780315
0.28209481 -0.47508484 0.11322103 0.014415529 -0.031342313 -0.24616572 -0.26458567 0.0074694217 -0.51599038
0.28209481 -0.44766489 0.18870172 0.052155875 -0.10685271 -0.38659674 -0.17426407 0.045041036 -0.45234519
0.28209481 -0.48311839 0.038378522 0.062097754 -0.13729627 -0.084853761 -0.30955395 0.010906701 -0.52525645
0.28209481 -0.46320212 0.11715062 0.10223477 -0.21671975 -0.24833871 -0.2609978 0.054811612 -0.46703708
0.28209481 -0.42735112 0.19189261 0.1388548 -0.27156579 -0.37529469 -0.16945086 0.12194063 -0.37377825
0.28209481 -0.47508484 -0.037740342 0.10771479 -0.23419403 0.082055241 -0.30974647 -0.018604178 -0.4899168
0.28209481 -0.46320212 0.039050207 0.15050349 -0.31904092 -0.082779571 -0.30934781 0.026896713 -0.43912217
0.28209481 -0.43483049 0.11715062 0.18955369 -0.37720856 -0.2331277 -0.2609978 0.10162631 -0.35043511
0.28209481 -0.39282495 0.18870172 0.22093582 -0.39718652 -0.33923778 -0.17426407 0.1907969 -0.24140532
0.28209481 -0.45319369 -0.10800399 0.14725156 -0.30540285 0.22400254 -0.26915991 -0.072782837 -0.42035094
0.28209481 -0.44766489 -0.037740342 0.19210477 -0.39356863 0.077319346 -0.30974647 -0.033179764 -0.37412438
0.28209481 -0.42735112 0.038378522 0.23373172 -0.45712167 -0.07505893 -0.30955395 0.041052084 -0.29288968
0.28209481 -0.39282495 0.11322103 0.26758546 -0.48105073 -0.20354266 -0.26458567 0.13864969 -0.18925811
0.28209481 -0.34856772 0.18000664 0.29125687 -0.46461439 -0.28714746 -0.18697028 0.23993523 -0.083906755
0.28209481 -0.42259502 -0.16785298 0.17880499 -0.34580666 0.32462558 -0.20372631 -0.13735296 -0.33548933
0.28209481 -0.42076999 -0.10641892 0.22441046 -0.43213272 0.20492402 -0.27050695 -0.10929272 -0.28988948
0.28209481 -0.40703502 -0.03655402 0.26780346 -0.49885842 0.068092026 -0.31009579 -0.044800274 -0.2149992
0.28209481 -0.38047698 0.03655402 0.3043575 -0.52995831 -0.063649185 -0.31009579 0.050915319 -0.11928361
0.28209481 -0.3434521 0.10641892 0.33082938 -0.51999545 -0.16726856 -0.27050695 0.16112101 -0.019475728
0.28209481 -0.3006427 0.16785298 0.34665799 -0.47695914 -0.23094524 -0.20372631 0.2662929 0.068156525
0.28209481 -0.039464604 -0.16785298 0.45716554 -0.082567774 0.030315597 -0.20372631 -0.35118169 0.47467664
0.28209481 -0.083401963 -0.10641892 0.46952268 -0.17920996 0.040618546 -0.27050695 -0.22866763 0.48852676
0.28209481 -0.12891549 -0.03655402 0.46986914 -0.27721158 0.021566 -0.31009579 -0.078603409 0.46715963
0.28209481 -0.17188732 0.03655402 0.45590675 -0.35863212 -0.028754666 -0.31009579 0.076267675 0.40800413
0.28209481 -0.2085049 0.10641892 0.42887425 -0.40923762 -0.10154637 -0.27050695 0.20887098 0.32140186
0.28209481 -0.23678763 0.16785298 0.39305142 -0.42592946 -0.18189359 -0.20372631 0.30193102 0.22520976
0.28209481 -0.16928841 0.18000664 0.42151093 -0.32656178 -0.13945852 -0.18697028 0.34723756 0.34097549
0.28209481 -0.1330993 0.11322103 0.45628718 -0.27793509 -0.068965547 -0.26458567 0.23642568 0.43586755
0.28209481 -0.088732868 0.18870172 0.44187164 -0.17943616 -0.076628387 -0.17426407 0.38159379 0.42876139
0.28209481 -0.090233319 0.038378522 0.47866216 -0.19766296 -0.015848365 -0.30955395 0.084071077 0.50564212
0.28209481 -0.045906276 0.11715062 0.47212368 -0.099187545 -0.024611946 -0.2609978 0.25312188 0.5052256
0.28209481 -5.5028716e-17 0.19189261 0.44934356 -1.1316111e-16 -4.8325562e-17 -0.16945086 0.39460817 0.46201533
0.28209481 -0.044366434 -0.037740342 0.48511824 -0.098498911 0.0076628388 -0.30974647 -0.083788179 0.53400683
0.28209481 -5.9645142e-17 0.039050207 0.48703954 -1.3294395e-16 -1.0659276e-17 -0.30934781 0.087039597 0.54278487
0.28209481 0.045906276 0.11715062 0.47212368 0.099187545 0.024611946 -0.2609978 0.25312188 0.5052256
0.28209481 0.088732868 0.18870172 0.44187164 0.17943616 0.076628387 -0.17426407 0.38159379 0.42876139
0.28209481 -5.8356388e-17 -0.10800399 0.47651607 -1.2726097e-16 2.8844132e-17 -0.26915991 -0.23553021 0.51958233
0.28209481 0.044366434 -0.037740342 0.48511824 0.098498911 -0.0076628388 -0.30974647 -0.083788179 0.53400683
0.28209481 0.090233319 0.038378522 0.47866216 0.19766296 0.015848365 -0.30955395 0.084071077 0.50564212
0.28209481 0.1330993 0.11322103 0.45628718 0.27793509 0.068965547 -0.26458567 0.23642568 0.43586755
0.28209481 0.16928841 0.18000664 0.42151093 0.32656178 0.13945852 -0.18697028 0.34723756 0.34097549
0.28209481 0.039464604 -0.16785298 0.45716554 0.082567774 -0.030315597 -0.20372631 -0.35118169 0.47467664
0.28209481 0.083401963 -0.10641892 0.46952268 0.17920996 -0.040618546 -0.27050695 -0.22866763 0.48852676
0.28209481 0.12891549 -0.03655402 0.46986914 0.27721158 -0.021566 -0.31009579 -0.078603409 0.46715963
0.28209481 0.17188732 0.03655402 0.45590675 0.35863212 0.028754666 -0.31009579 0.076267675 0.40800413
0.28209481 0.2085049 0.10641892 0.42887425 0.40923762 0.10154637 -0.27050695 0.20887098 0.32140186
0.28209481 0.23678763 0.16785298 0.39305142 0.42592946 0.18189359 -0.20372631 0.30193102 0.22520976
0.28209481 0.42259502 -0.16785298 0.17880499 0.34580666 -0.32462558 -0.20372631 -0.13735296 -0.33548933
0.28209481 0.42076999 -0.10641892 0.22441046 0.43213272 -0.20492402 -0.27050695 -0.10929272 -0.28988948
0.28209481 0.40703502 -0.03655402 0.26780346 0.49885842 -0.068092026 -0.31009579 -0.044800274 -0.2149992
0.28209481 0.38047698 0.03655402 0.3043575 0.52995831 0.063649185 -0.31009579 0.050915319 -0.11928361
0.28209481 0.3434521 0.10641892 0.33082938 0.51999545 0.16726856 -0.27050695 0.16112101 -0.019475728
0.28209481 0.3006427 0.16785298 0.34665799 0.47695914 0.23094524 -0.20372631 0.2662929 0.068156525
0.28209481 0.34856772 0.18000664 0.29125687 0.46461439 0.28714746 -0.18697028 0.23993523 -0.083906755
0.28209481 0.39282495 0.11322103 0.26758546 0.48105073 0.20354266 -0.26458567 0.13864969 -0.18925811
0.28209481 0.39282495 0.18870172 0.22093582 0.39718652 0.33923778 -0.17426407 0.1907969 -0.24140532
0.28209481 0.42735112 0.038378522 0.23373172 0.45712167 0.07505893 -0.30955395 0.041052084 -0.29288968
0.28209481 0.43483049 0.11715062 0.18955369 0.37720856 0.2331277 -0.2609978 0.10162631 -0.35043511
0.28209481 0.42735112 0.19189261 0.1388548 0.27156579 0.37529469 -0.16945086 0.12194063 -0.37377825
0.28209481 0.44766489 -0.037740342 0.19210477 0.39356863 -0.077319346 -0.30974647 -0.033179764 -0.37412438
0.28209481 0.46320212 0.039050207 0.15050349 0.31904092 0.082779571 -0.30934781 0.026896713 -0.43912217
0.28209481 0.46320212 0.11715062 0.10223477 0.21671975 0.24833871 -0.2609978 0.054811612 -0.46703708
0.28209481 0.44766489 0.18870172 0.052155875 0.10685271 0.38659674 -0.17426407 0.045041036 -0.45234519
0.28209481 0.45319369 -0.10800399 0.14725156 0.30540285 -0.22400254 -0.26915991 -0.072782837 -0.42035094
0.28209481 0.47508484 -0.037740342 0.10771479 0.23419403 -0.082055241 -0.30974647 -0.018604178 -0.4899168
0.28209481 0.48311839 0.038378522 0.062097754 0.13729627 0.084853761 -0.30955395 0.010906701 -0.52525645
0.28209481 0.47508484 0.11322103 0.014415529 0.031342313 0.24616572 -0.26458567 0.0074694217 -0.51599038
0.28209481 0.45319369 0.18000664 -0.030748807 -0.063773677 0.3733376 -0.18697028 -0.025330637 -0.46780315
0.28209481 0.44698551 -0.16785298 0.10373885 0.21220919 -0.34336168 -0.20372631 -0.079689264 -0.43255359
0.28209481 0.47231522 -0.10641892 0.065770507 0.14216492 -0.23002766 -0.27050695 -0.032031652 -0.50056344
0.28209481 0.48670918 -0.03655402 0.022591628 0.05032067 -0.081420548 -0.31009579 -0.0037793056 -0.54088098
0.28209481 0.48670918 0.03655402 -0.022591628 -0.05032067 0.081420548 -0.31009579 -0.0037793056 -0.54088098
0.28209481 0.47231522 0.10641892 -0.065770507 -0.14216492 0.23002766 -0.27050695 -0.032031652 -0.50056344
0.28209481 0.44698551 0.16785298 -0.10373885 -0.21220919 0.34336168 -0.20372631 -0.079689264 -0.43255359
0.28209481 0.3006427 -0.16785298 -0.34665799 -0.47695914 -0.23094524 -0.20372631 0.2662929 0.068156525
0.28209481 0.3434521 -0.10641892 -0.33082938 -0.51999545 -0.16726856 -0.27050695 0.16112101 -0.019475728
0.28209481 0.38047698 -0.03655402 -0.3043575 -0.52995831 -0.063649185 -0.31009579 0.050915319 -0.11928361
0.28209481 0.40703502 0.03655402 -0.26780346 -0.49885842 0.068092026 -0.31009579 -0.044800274 -0.2149992
0.28209481 0.42076999 0.10641892 -0.22441046 -0.43213272 0.20492402 -0.27050695 -0.10929272 -0.28988948
0.28209481 0.42259502 0.16785298 -0.17880499 -0.34580666 0.32462558 -0.20372631 -0.13735296 -0.33548933
0.28209481 0.38471511 0.18000664 -0.24150427 -0.4252001 0.31692544 -0.18697028 -0.19894941 -0.20521149
0.28209481 0.37587848 0.11322103 -0.29091027 -0.50042135 0.19476183 -0.26458567 -0.15073547 -0.12964149
0.28209481 0.33151203 0.18870172 -0.30532581 -0.46322513 0.28628886 -0.17426407 -0.26367483 -0.038159382
0.28209481 0.35435084 0.038378522 -0.33420801 -0.54197544 0.062237337 -0.30955395 -0.058699496 -0.03173665
0.28209481 0.31464627 0.11715062 -0.35497305 -0.51114875 0.16869278 -0.2609978 -0.19031335 0.061790336
0.28209481 0.26411751 0.19189261 -0.36352658 -0.43940267 0.23194486 -0.16945086 -0.31924471 0.14277059
0.28209481 0.32103854 -0.037740342 -0.36639097 -0.5383085 -0.055448823 -0.30974647 0.063281953 0.071339145
0.28209481 0.28627464 0.039050207 -0.39402324 -0.51621908 0.051160589 -0.30934781 -0.07041651 0.16772975
0.28209481 0.24036838 0.11715062 -0.40893909 -0.44984746 0.12886982 -0.2609978 -0.21924645 0.25045624
0.28209481 0.18793924 0.18870172 -0.40963754 -0.3523275 0.16230153 -0.17426407 -0.3537569 0.30314848
0.28209481 0.28008911 -0.10800399 -0.38550958 -0.49415219 -0.13844119 -0.26915991 0.19054794 0.16055977
0.28209481 0.24925214 -0.037740342 -0.41854683 -0.47743282 -0.043050088 -0.30974647 0.07229016 0.25869521
0.28209481 0.20835027 0.038378522 -0.44028363 -0.41981301 0.036594145 -0.30955395 -0.077330366 0.34424067
0.28209481 0.16051927 0.11322103 -0.44737789 -0.328648 0.08317323 -0.26458567 -0.23180933 0.39902246
0.28209481 0.11080071 0.18000664 -0.44051474 -0.22337382 0.091276787 -0.18697028 -0.36289275 0.41594595
0.28209481 0.23678763 -0.16785298 -0.39305142 -0.42592946 -0.18189359 -0.20372631 0.30193102 0.22520976
0.28209481 0.2085049 -0.10641892 -0.42887425 -0.40923762 -0.10154637 -0.27050695 0.20887098 0.32140186
0.28209481 0.17188732 -0.03655402 -0.45590675 -0.35863212 -0.028754666 -0.31009579 0.076267675 0.40800413
0.28209481 0.12891549 0.03655402 -0.46986914 -0.27721158 0.021566 -0.31009579 -0.078603409 0.46715963
0.28209481 0.083401963 0.10641892 -0.46952268 -0.17920996 0.040618546 -0.27050695 -0.22866763 0.48852676
0.28209481 0.039464604 0.16785298 -0.45716554 -0.082567774 0.030315597 -0.20372631 -0.35118169 0.47467664
0.28209481 -0.34856772 -0.18000664 -0.29125687 0.46461439 0.28714746 -0.18697028 0.23993523 -0.083906755
0.28209481 -0.39282495 -0.18870172 -0.22093582 0.39718652 0.33923778 -0.17426407 0.1907969 -0.24140532
0.28209481 -0.39282495 -0.11322103 -0.26758546 0.48105073 0.20354266 -0.26458567 0.13864969 -0.18925811
0.28209481 -0.42735112 -0.19189261 -0.1388548 0.27156579 0.37529469 -0.16945086 0.12194063 -0.37377825
0.28209481 -0.43483049 -0.11715062 -0.18955369 0.37720856 0.2331277 -0.2609978 0.10162631 -0.35043511
0.28209481 -0.42735112 -0.038378522 -0.23373172 0.45712167 0.07505893 -0.30955395 0.041052084 -0.29288968
0.28209481 -0.44766489 -0.18870172 -0.052155875 0.10685271 0.38659674 -0.17426407 0.045041036 -0.45234519
0.28209481 -0.46320212 -0.11715062 -0.10223477 0.21671975 0.24833871 -0.2609978 0.054811612 -0.46703708
0.28209481 -0.46320212 -0.039050207 -0.15050349 0.31904092 0.082779571 -0.30934781 0.026896713 -0.43912217
0.28209481 -0.44766489 0.037740342 -0.19210477 0.39356863 -0.077319346 -0.30974647 -0.033179764 -0.37412438
0.28209481 -0.45319369 -0.18000664 0.030748807 -0.063773677 0.3733376 -0.18697028 -0.025330637 -0.46780315
0.28209481 -0.47508484 -0.11322103 -0.014415529 0.031342313 0.24616572 -0.26458567 0.0074694217 -0.51599038
0.28209481 -0.48311839 -0.038378522 -0.062097754 0.13729627 0.084853761 -0.30955395 0.010906701 -0.52525645
0.28209481 -0.47508484 0.037740342 -0.10771479 0.23419403 -0.082055241 -0.30974647 -0.018604178 -0.4899168
0.28209481 -0.45319369 0.10800399 -0.14725156 0.30540285 -0.22400254 -0.26915991 -0.072782837 -0.42035094
0.28209481 -0.38471511 -0.18000664 0.24150427 -0.4252001 0.31692544 -0.18697028 -0.19894941 -0.20521149
0.28209481 -0.33151203 -0.18870172 0.30532581 -0.46322513 0.28628886 -0.17426407 -0.26367483 -0.038159382
0.28209481 -0.37587848 -0.11322103 0.29091027 -0.50042135 0.19476183 -0.26458567 -0.15073547 -0.12964149
0.28209481 -0.26411751 -0.19189261 0.36352658 -0.43940267 0.23194486 -0.16945086 -0.31924471 0.14277059
0.28209481 -0.31464627 -0.11715062 0.35497305 -0.51114875 0.16869278 -0.2609978 -0.19031335 0.061790336
0.28209481 -0.35435084 -0.038378522 0.33420801 -0.54197544 0.062237337 -0.30955395 -0.058699496 -0.03173665
0.28209481 -0.18793924 -0.18870172 0.40963754 -0.3523275 0.16230153 -0.17426407 -0.3537569 0.30314848
0.28209481 -0.24036838 -0.11715062 0.40893909 -0.44984746 0.12886982 -0.2609978 -0.21924645 0.25045624
0.28209481 -0.28627464 -0.039050207 0.39402324 -0.51621908 0.051160589 -0.30934781 -0.07041651 0.16772975
0.28209481 -0.32103854 0.037740342 0.36639097 -0.5383085 -0.055448823 -0.30974647 0.063281953 0.071339145
0.28209481 -0.11080071 -0.18000664 0.44051474 -0.22337382 0.091276787 -0.18697028 -0.36289275 0.41594595
0.28209481 -0.16051927 -0.11322103 0.44737789 -0.328648 0.08317323 -0.26458567 -0.23180933 0.39902246
0.28209481 -0.20835027 -0.038378522 0.44028363 -0.41981301 0.036594145 -0.30955395 -0.077330366 0.34424067
0.28209481 -0.24925214 0.037740342 0.41854683 -0.47743282 -0.043050088 -0.30974647 0.07229016 0.25869521
0.28209481 -0.28008911 0.10800399 0.38550958 -0.49415219 -0.13844119 -0.26915991 0.19054794 0.16055977
0.28209481 0.11080071 -0.18000664 0.44051474 0.22337382 -0.091276787 -0.18697028 -0.36289275 0.41594595
0.28209481 0.18793924 -0.18870172 0.40963754 0.3523275 -0.16230153 -0.17426407 -0.3537569 0.30314848
0.28209481 0.16051927 -0.11322103 0.44737789 0.328648 -0.08317323 -0.26458567 -0.23180933 0.39902246
0.28209481 0.26411751 -0.19189261 0.36352658 0.43940267 -0.23194486 -0.16945086 -0.31924471 0.14277059
0.28209481 0.24036838 -0.11715062 0.40893909 0.44984746 -0.12886982 -0.2609978 -0.21924645 0.25045624
0.28209481 0.20835027 -0.038378522 0.44028363 0.41981301 -0.036594145 -0.30955395 -0.077330366 0.34424067
0.28209481 0.33151203 -0.18870172 0.30532581 0.46322513 -0.28628886 -0.17426407 -0.26367483 -0.038159382
0.28209481 0.31464627 -0.11715062 0.35497305 0.51114875 -0.16869278 -0.2609978 -0.19031335 0.061790336
0.28209481 0.28627464 -0.039050207 0.39402324 0.51621908 -0.051160589 -0.30934781 -0.07041651 0.16772975
0.28209481 0.24925214 0.037740342 0.41854683 0.47743282 0.043050088 -0.30974647 0.07229016 0.25869521
0.28209481 0.38471511 -0.18000664 0.24150427 0.4252001 -0.31692544 -0.18697028 -0.19894941 -0.20521149
0.28209481 0.37587848 -0.11322103 0.29091027 0.50042135 -0.19476183 -0.26458567 -0.15073547 -0.12964149
0.28209481 0.35435084 -0.038378522 0.33420801 0.54197544 -0.062237337 -0.30955395 -0.058699496 -0.03173665
0.28209481 0.32103854 0.037740342 0.36639097 0.5383085 0.055448823 -0.30974647 0.063281953 0.071339145
0.28209481 0.28008911 0.10800399 0.38550958 0.49415219 0.13844119 -0.26915991 0.19054794 0.16055977
0.28209481 0.45319369 -0.18000664 0.030748807 0.063773677 -0.3733376 -0.18697028 -0.025330637 -0.46780315
0.28209481 0.44766489 -0.18870172 -0.052155875 -0.10685271 -0.38659674 -0.17426407 0.045041036 -0.45234519
0.28209481 0.47508484 -0.11322103 -0.014415529 -0.031342313 -0.24616572 -0.26458567 0.0074694217 -0.51599038
0.28209481 0.42735112 -0.19189261 -0.1388548 -0.27156579 -0.37529469 -0.16945086 0.12194063 -0.37377825
0.28209481 0.46320212 -0.11715062 -0.10223477 -0.21671975 -0.24833871 -0.2609978 0.054811612 -0.46703708
0.28209481 0.48311839 -0.038378522 -0.062097754 -0.13729627 -0.084853761 -0.30955395 0.010906701 -0.52525645
0.28209481 0.39282495 -0.18870172 -0.22093582 -0.39718652 -0.33923778 -0.17426407 0.1907969 -0.24140532
0.28209481 0.43483049 -0.11715062 -0.18955369 -0.37720856 -0.2331277 -0.2609978 0.10162631 -0.35043511
0.28209481 0.46320212 -0.039050207 -0.15050349 -0.31904092 -0.082779571 -0.30934781 0.026896713 -0.43912217
0.28209481 0.47508484 0.037740342 -0.10771479 -0.23419403 0.082055241 -0.30974647 -0.018604178 -0.4899168
0.28209481 0.34856772 -0.18000664 -0.29125687 -0.46461439 -0.28714746 -0.18697028 0.23993523 -0.083906755
0.28209481 0.39282495 -0.11322103 -0.26758546 -0.48105073 -0.20354266 -0.26458567 0.13864969 -0.18925811
0.28209481 0.42735112 -0.038378522 -0.23373172 -0.45712167 -0.07505893 -0.30955395 0.041052084 -0.29288968
0.28209481 0.44766489 0.037740342 -0.19210477 -0.39356863 0.077319346 -0.30974647 -0.033179764 -0.37412438
0.28209481 0.45319369 0.10800399 -0.14725156 -0.30540285 0.22400254 -0.26915991 -0.072782837 -0.42035094
0.28209481 0.16928841 -0.18000664 -0.42151093 -0.32656178 -0.13945852 -0.18697028 0.34723756 0.34097549
0.28209481 0.088732868 -0.18870172 -0.44187164 -0.17943616 -0.076628387 -0.17426407 0.38159379 0.42876139
0.28209481 0.1330993 -0.11322103 -0.45628718 -0.27793509 -0.068965547 -0.26458567 0.23642568 0.43586755
0.28209481 0 -0.19189261 -0.44934356 0 0 -0.16945086 0.39460817 0.46201533
0.28209481 0.045906276 -0.11715062 -0.47212368 -0.099187545 -0.024611946 -0.2609978 0.25312188 0.5052256
0.28209481 0.090233319 -0.038378522 -0.47866216 -0.19766296 -0.015848365 -0.30955395 0.084071077 0.50564212
0.28209481 -0.088732868 -0.18870172 -0.44187164 0.17943616 0.076628387 -0.17426407 0.38159379 0.42876139
0.28209481 -0.045906276 -0.11715062 -0.47212368 0.099187545 0.024611946 -0.2609978 0.25312188 0.5052256
0.28209481 1.1929028e-16 -0.039050207 -0.48703954 -2.658879e-16 -2.1318552e-17 -0.30934781 0.087039597 0.54278487
0.28209481 0.044366434 0.037740342 -0.48511824 -0.098498911 0.0076628388 -0.30974647 -0.083788179 0.53400683
0.28209481 -0.16928841 -0.18000664 -0.42151093 0.32656178 0.13945852 -0.18697028 0.34723756 0.34097549
0.28209481 -0.1330993 -0.11322103 -0.45628718 0.27793509 0.068965547 -0.26458567 0.23642568 0.43586755
0.28209481 -0.090233319 -0.038378522 -0.47866216 0.19766296 0.015848365 -0.30955395 0.084071077 0.50564212
0.28209481 -0.044366434 0.037740342 -0.48511824 0.098498911 -0.0076628388 -0.30974647 -0.083788179 0.53400683
0.28209481 1.1671278e-16 0.10800399 -0.47651607 -2.5452194e-16 5.7688264e-17 -0.26915991 -0.23553021 0.51958233
