0 20 22
18 21 20
19 22 21
20 21 22
16 23 18
23 24 21
23 21 18
24 17 19
24 19 21
14 25 16
25 26 23
25 23 16
26 27 24
26 24 23
27 15 17
27 17 24
12 28 14
28 29 25
28 25 14
29 30 26
29 26 25
30 31 27
30 27 26
31 13 15
31 15 27
1 32 12
32 33 28
32 28 12
33 34 29
33 29 28
34 35 30
34 30 29
35 36 31
35 31 30
36 2 13
36 13 31
0 22 42
19 41 22
40 42 41
22 41 42
17 43 19
43 44 41
43 41 19
44 39 40
44 40 41
15 45 17
45 46 43
45 43 17
46 47 44
46 44 43
47 38 39
47 39 44
13 48 15
48 49 45
48 45 15
49 50 46
49 46 45
50 51 47
50 47 46
51 37 38
51 38 47
2 52 13
52 53 48
52 48 13
53 54 49
53 49 48
54 55 50
54 50 49
55 56 51
55 51 50
56 3 37
56 37 51
0 42 62
40 61 42
60 62 61
42 61 62
39 63 40
63 64 61
63 61 40
64 59 60
64 60 61
38 65 39
65 66 63
65 63 39
66 67 64
66 64 63
67 58 59
67 59 64
37 68 38
68 69 65
68 65 38
69 70 66
69 66 65
70 71 67
70 67 66
71 57 58
71 58 67
3 72 37
72 73 68
72 68 37
73 74 69
73 69 68
74 75 70
74 70 69
75 76 71
75 71 70
76 4 57
76 57 71
0 62 82
60 81 62
80 82 81
62 81 82
59 83 60
83 84 81
83 81 60
84 79 80
84 80 81
58 85 59
85 86 83
85 83 59
86 87 84
86 84 83
87 78 79
87 79 84
57 88 58
88 89 85
88 85 58
89 90 86
89 86 85
90 91 87
90 87 86
91 77 78
91 78 87
4 92 57
92 93 88
92 88 57
93 94 89
93 89 88
94 95 90
94 90 89
95 96 91
95 91 90
96 5 77
96 77 91
0 82 20
80 97 82
18 20 97
82 97 20
79 98 80
98 99 97
98 97 80
99 16 18
99 18 97
78 100 79
100 101 98
100 98 79
101 102 99
101 99 98
102 14 16
102 16 99
77 103 78
103 104 100
103 100 78
104 105 101
104 101 100
105 106 102
105 102 101
106 12 14
106 14 102
5 107 77
107 108 103
107 103 77
108 109 104
108 104 103
109 110 105
109 105 104
110 111 106
110 106 105
111 1 12
111 12 106
11 120 122
118 121 120
119 122 121
120 121 122
116 123 118
123 124 121
123 121 118
124 117 119
124 119 121
114 125 116
125 126 123
125 123 116
126 127 124
126 124 123
127 115 117
127 117 124
112 128 114
128 129 125
128 125 114
129 130 126
129 126 125
130 131 127
130 127 126
131 113 115
131 115 127
7 132 112
132 133 128
132 128 112
133 134 129
133 129 128
134 135 130
134 130 129
135 136 131
135 131 130
136 6 113
136 113 131
11 141 120
140 142 141
118 120 142
141 142 120
139 143 140
143 144 142
143 142 140
144 116 118
144 118 142
138 145 139
145 146 143
145 143 139
146 147 144
146 144 143
147 114 116
147 116 144
137 148 138
148 149 145
148 145 138
149 150 146
149 146 145
150 151 147
150 147 146
151 112 114
151 114 147
8 152 137
152 153 148
152 148 137
153 154 149
153 149 148
154 155 150
154 150 149
155 156 151
155 151 150
156 7 112
156 112 151
11 161 141
160 162 161
140 141 162
161 162 141
159 163 160
163 164 162
163 162 160
164 139 140
164 140 162
158 165 159
165 166 163
165 163 159
166 167 164
166 164 163
167 138 139
167 139 164
157 168 158
168 169 165
168 165 158
169 170 166
169 166 165
170 171 167
170 167 166
171 137 138
171 138 167
9 172 157
172 173 168
172 168 157
173 174 169
173 169 168
174 175 170
174 170 169
175 176 171
175 171 170
176 8 137
176 137 171
11 181 161
180 182 181
160 161 182
181 182 161
179 183 180
183 184 182
183 182 180
184 159 160
184 160 182
178 185 179
185 186 183
185 183 179
186 187 184
186 184 183
187 158 159
187 159 184
177 188 178
188 189 185
188 185 178
189 190 186
189 186 185
190 191 187
190 187 186
191 157 158
191 158 187
10 192 177
192 193 188
192 188 177
193 194 189
193 189 188
194 195 190
194 190 189
195 196 191
195 191 190
196 9 157
196 157 191
11 122 181
119 197 122
180 181 197
122 197 181
117 198 119
198 199 197
198 197 119
199 179 180
199 180 197
115 200 117
200 201 198
200 198 117
201 202 199
201 199 198
202 178 179
202 179 199
113 203 115
203 204 200
203 200 115
204 205 201
204 201 200
205 206 202
205 202 201
206 177 178
206 178 202
6 207 113
207 208 203
207 203 113
208 209 204
208 204 203
209 210 205
209 205 204
210 211 206
210 206 205
211 10 177
211 177 206
1 216 32
215 217 216
33 32 217
216 217 32
214 218 215
218 219 217
218 217 215
219 34 33
219 33 217
213 220 214
220 221 218
220 218 214
221 222 219
221 219 218
222 35 34
222 34 219
212 223 213
223 224 220
223 220 213
224 225 221
224 221 220
225 226 222
225 222 221
226 36 35
226 35 222
6 227 212
227 228 223
227 223 212
228 229 224
228 224 223
229 230 225
229 225 224
230 231 226
230 226 225
231 2 36
231 36 226
2 236 52
235 237 236
53 52 237
236 237 52
234 238 235
238 239 237
238 237 235
239 54 53
239 53 237
233 240 234
240 241 238
240 238 234
241 242 239
241 239 238
242 55 54
242 54 239
232 243 233
243 244 240
243 240 233
244 245 241
244 241 240
245 246 242
245 242 241
246 56 55
246 55 242
7 247 232
247 248 243
247 243 232
248 249 244
248 244 243
249 250 245
249 245 244
250 251 246
250 246 245
251 3 56
251 56 246
3 256 72
255 257 256
73 72 257
256 257 72
254 258 255
258 259 257
258 257 255
259 74 73
259 73 257
253 260 254
260 261 258
260 258 254
261 262 259
261 259 258
262 75 74
262 74 259
252 263 253
263 264 260
263 260 253
264 265 261
264 261 260
265 266 262
265 262 261
266 76 75
266 75 262
8 267 252
267 268 263
267 263 252
268 269 264
268 264 263
269 270 265
269 265 264
270 271 266
270 266 265
271 4 76
271 76 266
4 276 92
275 277 276
93 92 277
276 277 92
274 278 275
278 279 277
278 277 275
279 94 93
279 93 277
273 280 274
280 281 278
280 278 274
281 282 279
281 279 278
282 95 94
282 94 279
272 283 273
283 284 280
283 280 273
284 285 281
284 281 280
285 286 282
285 282 281
286 96 95
286 95 282
9 287 272
287 288 283
287 283 272
288 289 284
288 284 283
289 290 285
289 285 284
290 291 286
290 286 285
291 5 96
291 96 286
5 296 107
295 297 296
108 107 297
296 297 107
294 298 295
298 299 297
298 297 295
299 109 108
299 108 297
293 300 294
300 301 298
300 298 294
301 302 299
301 299 298
302 110 109
302 109 299
292 303 293
303 304 300
303 300 293
304 305 301
304 301 300
305 306 302
305 302 301
306 111 110
306 110 302
10 307 292
307 308 303
307 303 292
308 309 304
308 304 303
309 310 305
309 305 304
310 311 306
310 306 305
311 1 111
311 111 306
6 136 227
135 312 136
228 227 312
136 312 227
134 313 135
313 314 312
313 312 135
314 229 228
314 228 312
133 315 134
315 316 313
315 313 134
316 317 314
316 314 313
317 230 229
317 229 314
132 318 133
318 319 315
318 315 133
319 320 316
319 316 315
320 321 317
320 317 316
321 231 230
321 230 317
7 232 132
232 233 318
232 318 132
233 234 319
233 319 318
234 235 320
234 320 319
235 236 321
235 321 320
236 2 231
236 231 321
7 156 247
155 322 156
248 247 322
156 322 247
154 323 155
323 324 322
323 322 155
324 249 248
324 248 322
153 325 154
325 326 323
325 323 154
326 327 324
326 324 323
327 250 249
327 249 324
152 328 153
328 329 325
328 325 153
329 330 326
329 326 325
330 331 327
330 327 326
331 251 250
331 250 327
8 252 152
252 253 328
252 328 152
253 254 329
253 329 328
254 255 330
254 330 329
255 256 331
255 331 330
256 3 251
256 251 331
8 176 267
175 332 176
268 267 332
176 332 267
174 333 175
333 334 332
333 332 175
334 269 268
334 268 332
173 335 174
335 336 333
335 333 174
336 337 334
336 334 333
337 270 269
337 269 334
172 338 173
338 339 335
338 335 173
339 340 336
339 336 335
340 341 337
340 337 336
341 271 270
341 270 337
9 272 172
272 273 338
272 338 172
273 274 339
273 339 338
274 275 340
274 340 339
275 276 341
275 341 340
276 4 271
276 271 341
9 196 287
195 342 196
288 287 342
196 342 287
194 343 195
343 344 342
343 342 195
344 289 288
344 288 342
193 345 194
345 346 343
345 343 194
346 347 344
346 344 343
347 290 289
347 289 344
192 348 193
348 349 345
348 345 193
349 350 346
349 346 345
350 351 347
350 347 346
351 291 290
351 290 347
10 292 192
292 293 348
292 348 192
293 294 349
293 349 348
294 295 350
294 350 349
295 296 351
295 351 350
296 5 291
296 291 351
10 211 307
210 352 211
308 307 352
211 352 307
209 353 210
353 354 352
353 352 210
354 309 308
354 308 352
208 355 209
355 356 353
355 353 209
356 357 354
356 354 353
357 310 309
357 309 354
207 358 208
358 359 355
358 355 208
359 360 356
359 356 355
360 361 357
360 357 356
361 311 310
361 310 357
6 212 207
212 213 358
212 358 207
213 214 359
213 359 358
214 215 360
214 360 359
215 216 361
215 361 360
216 1 311
216 311 361
