0 26 28
24 27 26
25 28 27
26 27 28
22 29 24
29 30 27
29 27 24
30 23 25
30 25 27
20 31 22
31 32 29
31 29 22
32 33 30
32 30 29
33 21 23
33 23 30
18 34 20
34 35 31
34 31 20
35 36 32
35 32 31
36 37 33
36 33 32
37 19 21
37 21 33
16 38 18
38 39 34
38 34 18
39 40 35
39 35 34
40 41 36
40 36 35
41 42 37
41 37 36
42 17 19
42 19 37
14 43 16
43 44 38
43 38 16
44 45 39
44 39 38
45 46 40
45 40 39
46 47 41
46 41 40
47 48 42
47 42 41
48 15 17
48 17 42
12 49 14
49 50 43
49 43 14
50 51 44
50 44 43
51 52 45
51 45 44
52 53 46
52 46 45
53 54 47
53 47 46
54 55 48
54 48 47
55 13 15
55 15 48
1 56 12
56 57 49
56 49 12
57 58 50
57 50 49
58 59 51
58 51 50
59 60 52
59 52 51
60 61 53
60 53 52
61 62 54
61 54 53
62 63 55
62 55 54
63 2 13
63 13 55
0 28 72
25 71 28
70 72 71
28 71 72
23 73 25
73 74 71
73 71 25
74 69 70
74 70 71
21 75 23
75 76 73
75 73 23
76 77 74
76 74 73
77 68 69
77 69 74
19 78 21
78 79 75
78 75 21
79 80 76
79 76 75
80 81 77
80 77 76
81 67 68
81 68 77
17 82 19
82 83 78
82 78 19
83 84 79
83 79 78
84 85 80
84 80 79
85 86 81
85 81 80
86 66 67
86 67 81
15 87 17
87 88 82
87 82 17
88 89 83
88 83 82
89 90 84
89 84 83
90 91 85
90 85 84
91 92 86
91 86 85
92 65 66
92 66 86
13 93 15
93 94 87
93 87 15
94 95 88
94 88 87
95 96 89
95 89 88
96 97 90
96 90 89
97 98 91
97 91 90
98 99 92
98 92 91
99 64 65
99 65 92
2 100 13
100 101 93
100 93 13
101 102 94
101 94 93
102 103 95
102 95 94
103 104 96
103 96 95
104 105 97
104 97 96
105 106 98
105 98 97
106 107 99
106 99 98
107 3 64
107 64 99
0 72 116
70 115 72
114 116 115
72 115 116
69 117 70
117 118 115
117 115 70
118 113 114
118 114 115
68 119 69
119 120 117
119 117 69
120 121 118
120 118 117
121 112 113
121 113 118
67 122 68
122 123 119
122 119 68
123 124 120
123 120 119
124 125 121
124 121 120
125 111 112
125 112 121
66 126 67
126 127 122
126 122 67
127 128 123
127 123 122
128 129 124
128 124 123
129 130 125
129 125 124
130 110 111
130 111 125
65 131 66
131 132 126
131 126 66
132 133 127
132 127 126
133 134 128
133 128 127
134 135 129
134 129 128
135 136 130
135 130 129
136 109 110
136 110 130
64 137 65
137 138 131
137 131 65
138 139 132
138 132 131
139 140 133
139 133 132
140 141 134
140 134 133
141 142 135
141 135 134
142 143 136
142 136 135
143 108 109
143 109 136
3 144 64
144 145 137
144 137 64
145 146 138
145 138 137
146 147 139
146 139 138
147 148 140
147 140 139
148 149 141
148 141 140
149 150 142
149 142 141
150 151 143
150 143 142
151 4 108
151 108 143
0 116 160
114 159 116
158 160 159
116 159 160
113 161 114
161 162 159
161 159 114
162 157 158
162 158 159
112 163 113
163 164 161
163 161 113
164 165 162
164 162 161
165 156 157
165 157 162
111 166 112
166 167 163
166 163 112
167 168 164
167 164 163
168 169 165
168 165 164
169 155 156
169 156 165
110 170 111
170 171 166
170 166 111
171 172 167
171 167 166
172 173 168
172 168 167
173 174 169
173 169 168
174 154 155
174 155 169
109 175 110
175 176 170
175 170 110
176 177 171
176 171 170
177 178 172
177 172 171
178 179 173
178 173 172
179 180 174
179 174 173
180 153 154
180 154 174
108 181 109
181 182 175
181 175 109
182 183 176
182 176 175
183 184 177
183 177 176
184 185 178
184 178 177
185 186 179
185 179 178
186 187 180
186 180 179
187 152 153
187 153 180
4 188 108
188 189 181
188 181 108
189 190 182
189 182 181
190 191 183
190 183 182
191 192 184
191 184 183
192 193 185
192 185 184
193 194 186
193 186 185
194 195 187
194 187 186
195 5 152
195 152 187
0 160 26
158 196 160
24 26 196
160 196 26
157 197 158
197 198 196
197 196 158
198 22 24
198 24 196
156 199 157
199 200 197
199 197 157
200 201 198
200 198 197
201 20 22
201 22 198
155 202 156
202 203 199
202 199 156
203 204 200
203 200 199
204 205 201
204 201 200
205 18 20
205 20 201
154 206 155
206 207 202
206 202 155
207 208 203
207 203 202
208 209 204
208 204 203
209 210 205
209 205 204
210 16 18
210 18 205
153 211 154
211 212 206
211 206 154
212 213 207
212 207 206
213 214 208
213 208 207
214 215 209
214 209 208
215 216 210
215 210 209
216 14 16
216 16 210
152 217 153
217 218 211
217 211 153
218 219 212
218 212 211
219 220 213
219 213 212
220 221 214
220 214 213
221 222 215
221 215 214
222 223 216
222 216 215
223 12 14
223 14 216
5 224 152
224 225 217
224 217 152
225 226 218
225 218 217
226 227 219
226 219 218
227 228 220
227 220 219
228 229 221
228 221 220
229 230 222
229 222 221
230 231 223
230 223 222
231 1 12
231 12 223
11 246 248
244 247 246
245 248 247
246 247 248
242 249 244
249 250 247
249 247 244
250 243 245
250 245 247
240 251 242
251 252 249
251 249 242
252 253 250
252 250 249
253 241 243
253 243 250
238 254 240
254 255 251
254 251 240
255 256 252
255 252 251
256 257 253
256 253 252
257 239 241
257 241 253
236 258 238
258 259 254
258 254 238
259 260 255
259 255 254
260 261 256
260 256 255
261 262 257
261 257 256
262 237 239
262 239 257
234 263 236
263 264 258
263 258 236
264 265 259
264 259 258
265 266 260
265 260 259
266 267 261
266 261 260
267 268 262
267 262 261
268 235 237
268 237 262
232 269 234
269 270 263
269 263 234
270 271 264
270 264 263
271 272 265
271 265 264
272 273 266
272 266 265
273 274 267
273 267 266
274 275 268
274 268 267
275 233 235
275 235 268
7 276 232
276 277 269
276 269 232
277 278 270
277 270 269
278 279 271
278 271 270
279 280 272
279 272 271
280 281 273
280 273 272
281 282 274
281 274 273
282 283 275
282 275 274
283 6 233
283 233 275
11 291 246
290 292 291
244 246 292
291 292 246
289 293 290
293 294 292
293 292 290
294 242 244
294 244 292
288 295 289
295 296 293
295 293 289
296 297 294
296 294 293
297 240 242
297 242 294
287 298 288
298 299 295
298 295 288
299 300 296
299 296 295
300 301 297
300 297 296
301 238 240
301 240 297
286 302 287
302 303 298
302 298 287
303 304 299
303 299 298
304 305 300
304 300 299
305 306 301
305 301 300
306 236 238
306 238 301
285 307 286
307 308 302
307 302 286
308 309 303
308 303 302
309 310 304
309 304 303
310 311 305
310 305 304
311 312 306
311 306 305
312 234 236
312 236 306
284 313 285
313 314 307
313 307 285
314 315 308
314 308 307
315 316 309
315 309 308
316 317 310
316 310 309
317 318 311
317 311 310
318 319 312
318 312 311
319 232 234
319 234 312
8 320 284
320 321 313
320 313 284
321 322 314
321 314 313
322 323 315
322 315 314
323 324 316
323 316 315
324 325 317
324 317 316
325 326 318
325 318 317
326 327 319
326 319 318
327 7 232
327 232 319
11 335 291
334 336 335
290 291 336
335 336 291
333 337 334
337 338 336
337 336 334
338 289 290
338 290 336
332 339 333
339 340 337
339 337 333
340 341 338
340 338 337
341 288 289
341 289 338
331 342 332
342 343 339
342 339 332
343 344 340
343 340 339
344 345 341
344 341 340
345 287 288
345 288 341
330 346 331
346 347 342
346 342 331
347 348 343
347 343 342
348 349 344
348 344 343
349 350 345
349 345 344
350 286 287
350 287 345
329 351 330
351 352 346
351 346 330
352 353 347
352 347 346
353 354 348
353 348 347
354 355 349
354 349 348
355 356 350
355 350 349
356 285 286
356 286 350
328 357 329
357 358 351
357 351 329
358 359 352
358 352 351
359 360 353
359 353 352
360 361 354
360 354 353
361 362 355
361 355 354
362 363 356
362 356 355
363 284 285
363 285 356
9 364 328
364 365 357
364 357 328
365 366 358
365 358 357
366 367 359
366 359 358
367 368 360
367 360 359
368 369 361
368 361 360
369 370 362
369 362 361
370 371 363
370 363 362
371 8 284
371 284 363
11 379 335
378 380 379
334 335 380
379 380 335
377 381 378
381 382 380
381 380 378
382 333 334
382 334 380
376 383 377
383 384 381
383 381 377
384 385 382
384 382 381
385 332 333
385 333 382
375 386 376
386 387 383
386 383 376
387 388 384
387 384 383
388 389 385
388 385 384
389 331 332
389 332 385
374 390 375
390 391 386
390 386 375
391 392 387
391 387 386
392 393 388
392 388 387
393 394 389
393 389 388
394 330 331
394 331 389
373 395 374
395 396 390
395 390 374
396 397 391
396 391 390
397 398 392
397 392 391
398 399 393
398 393 392
399 400 394
399 394 393
400 329 330
400 330 394
372 401 373
401 402 395
401 395 373
402 403 396
402 396 395
403 404 397
403 397 396
404 405 398
404 398 397
405 406 399
405 399 398
406 407 400
406 400 399
407 328 329
407 329 400
10 408 372
408 409 401
408 401 372
409 410 402
409 402 401
410 411 403
410 403 402
411 412 404
411 404 403
412 413 405
412 405 404
413 414 406
413 406 405
414 415 407
414 407 406
415 9 328
415 328 407
11 248 379
245 416 248
378 379 416
248 416 379
243 417 245
417 418 416
417 416 245
418 377 378
418 378 416
241 419 243
419 420 417
419 417 243
420 421 418
420 418 417
421 376 377
421 377 418
239 422 241
422 423 419
422 419 241
423 424 420
423 420 419
424 425 421
424 421 420
425 375 376
425 376 421
237 426 239
426 427 422
426 422 239
427 428 423
427 423 422
428 429 424
428 424 423
429 430 425
429 425 424
430 374 375
430 375 425
235 431 237
431 432 426
431 426 237
432 433 427
432 427 426
433 434 428
433 428 427
434 435 429
434 429 428
435 436 430
435 430 429
436 373 374
436 374 430
233 437 235
437 438 431
437 431 235
438 439 432
438 432 431
439 440 433
439 433 432
440 441 434
440 434 433
441 442 435
441 435 434
442 443 436
442 436 435
443 372 373
443 373 436
6 444 233
444 445 437
444 437 233
445 446 438
445 438 437
446 447 439
446 439 438
447 448 440
447 440 439
448 449 441
448 441 440
449 450 442
449 442 441
450 451 443
450 443 442
451 10 372
451 372 443
1 459 56
458 460 459
57 56 460
459 460 56
457 461 458
461 462 460
461 460 458
462 58 57
462 57 460
456 463 457
463 464 461
463 461 457
464 465 462
464 462 461
465 59 58
465 58 462
455 466 456
466 467 463
466 463 456
467 468 464
467 464 463
468 469 465
468 465 464
469 60 59
469 59 465
454 470 455
470 471 466
470 466 455
471 472 467
471 467 466
472 473 468
472 468 467
473 474 469
473 469 468
474 61 60
474 60 469
453 475 454
475 476 470
475 470 454
476 477 471
476 471 470
477 478 472
477 472 471
478 479 473
478 473 472
479 480 474
479 474 473
480 62 61
480 61 474
452 481 453
481 482 475
481 475 453
482 483 476
482 476 475
483 484 477
483 477 476
484 485 478
484 478 477
485 486 479
485 479 478
486 487 480
486 480 479
487 63 62
487 62 480
6 488 452
488 489 481
488 481 452
489 490 482
489 482 481
490 491 483
490 483 482
491 492 484
491 484 483
492 493 485
492 485 484
493 494 486
493 486 485
494 495 487
494 487 486
495 2 63
495 63 487
2 503 100
502 504 503
101 100 504
503 504 100
501 505 502
505 506 504
505 504 502
506 102 101
506 101 504
500 507 501
507 508 505
507 505 501
508 509 506
508 506 505
509 103 102
509 102 506
499 510 500
510 511 507
510 507 500
511 512 508
511 508 507
512 513 509
512 509 508
513 104 103
513 103 509
498 514 499
514 515 510
514 510 499
515 516 511
515 511 510
516 517 512
516 512 511
517 518 513
517 513 512
518 105 104
518 104 513
497 519 498
519 520 514
519 514 498
520 521 515
520 515 514
521 522 516
521 516 515
522 523 517
522 517 516
523 524 518
523 518 517
524 106 105
524 105 518
496 525 497
525 526 519
525 519 497
526 527 520
526 520 519
527 528 521
527 521 520
528 529 522
528 522 521
529 530 523
529 523 522
530 531 524
530 524 523
531 107 106
531 106 524
7 532 496
532 533 525
532 525 496
533 534 526
533 526 525
534 535 527
534 527 526
535 536 528
535 528 527
536 537 529
536 529 528
537 538 530
537 530 529
538 539 531
538 531 530
539 3 107
539 107 531
3 547 144
546 548 547
145 144 548
547 548 144
545 549 546
549 550 548
549 548 546
550 146 145
550 145 548
544 551 545
551 552 549
551 549 545
552 553 550
552 550 549
553 147 146
553 146 550
543 554 544
554 555 551
554 551 544
555 556 552
555 552 551
556 557 553
556 553 552
557 148 147
557 147 553
542 558 543
558 559 554
558 554 543
559 560 555
559 555 554
560 561 556
560 556 555
561 562 557
561 557 556
562 149 148
562 148 557
541 563 542
563 564 558
563 558 542
564 565 559
564 559 558
565 566 560
565 560 559
566 567 561
566 561 560
567 568 562
567 562 561
568 150 149
568 149 562
540 569 541
569 570 563
569 563 541
570 571 564
570 564 563
571 572 565
571 565 564
572 573 566
572 566 565
573 574 567
573 567 566
574 575 568
574 568 567
575 151 150
575 150 568
8 576 540
576 577 569
576 569 540
577 578 570
577 570 569
578 579 571
578 571 570
579 580 572
579 572 571
580 581 573
580 573 572
581 582 574
581 574 573
582 583 575
582 575 574
583 4 151
583 151 575
4 591 188
590 592 591
189 188 592
591 592 188
589 593 590
593 594 592
593 592 590
594 190 189
594 189 592
588 595 589
595 596 593
595 593 589
596 597 594
596 594 593
597 191 190
597 190 594
587 598 588
598 599 595
598 595 588
599 600 596
599 596 595
600 601 597
600 597 596
601 192 191
601 191 597
586 602 587
602 603 598
602 598 587
603 604 599
603 599 598
604 605 600
604 600 599
605 606 601
605 601 600
606 193 192
606 192 601
585 607 586
607 608 602
607 602 586
608 609 603
608 603 602
609 610 604
609 604 603
610 611 605
610 605 604
611 612 606
611 606 605
612 194 193
612 193 606
584 613 585
613 614 607
613 607 585
614 615 608
614 608 607
615 616 609
615 609 608
616 617 610
616 610 609
617 618 611
617 611 610
618 619 612
618 612 611
619 195 194
619 194 612
9 620 584
620 621 613
620 613 584
621 622 614
621 614 613
622 623 615
622 615 614
623 624 616
623 616 615
624 625 617
624 617 616
625 626 618
625 618 617
626 627 619
626 619 618
627 5 195
627 195 619
5 635 224
634 636 635
225 224 636
635 636 224
633 637 634
637 638 636
637 636 634
638 226 225
638 225 636
632 639 633
639 640 637
639 637 633
640 641 638
640 638 637
641 227 226
641 226 638
631 642 632
642 643 639
642 639 632
643 644 640
643 640 639
644 645 641
644 641 640
645 228 227
645 227 641
630 646 631
646 647 642
646 642 631
647 648 643
647 643 642
648 649 644
648 644 643
649 650 645
649 645 644
650 229 228
650 228 645
629 651 630
651 652 646
651 646 630
652 653 647
652 647 646
653 654 648
653 648 647
654 655 649
654 649 648
655 656 650
655 650 649
656 230 229
656 229 650
628 657 629
657 658 651
657 651 629
658 659 652
658 652 651
659 660 653
659 653 652
660 661 654
660 654 653
661 662 655
661 655 654
662 663 656
662 656 655
663 231 230
663 230 656
10 664 628
664 665 657
664 657 628
665 666 658
665 658 657
666 667 659
666 659 658
667 668 660
667 660 659
668 669 661
668 661 660
669 670 662
669 662 661
670 671 663
670 663 662
671 1 231
671 231 663
6 283 488
282 672 283
489 488 672
283 672 488
281 673 282
673 674 672
673 672 282
674 490 489
674 489 672
280 675 281
675 676 673
675 673 281
676 677 674
676 674 673
677 491 490
677 490 674
279 678 280
678 679 675
678 675 280
679 680 676
679 676 675
680 681 677
680 677 676
681 492 491
681 491 677
278 682 279
682 683 678
682 678 279
683 684 679
683 679 678
684 685 680
684 680 679
685 686 681
685 681 680
686 493 492
686 492 681
277 687 278
687 688 682
687 682 278
688 689 683
688 683 682
689 690 684
689 684 683
690 691 685
690 685 684
691 692 686
691 686 685
692 494 493
692 493 686
276 693 277
693 694 687
693 687 277
694 695 688
694 688 687
695 696 689
695 689 688
696 697 690
696 690 689
697 698 691
697 691 690
698 699 692
698 692 691
699 495 494
699 494 692
7 496 276
496 497 693
496 693 276
497 498 694
497 694 693
498 499 695
498 695 694
499 500 696
499 696 695
500 501 697
500 697 696
501 502 698
501 698 697
502 503 699
502 699 698
503 2 495
503 495 699
7 327 532
326 700 327
533 532 700
327 700 532
325 701 326
701 702 700
701 700 326
702 534 533
702 533 700
324 703 325
703 704 701
703 701 325
704 705 702
704 702 701
705 535 534
705 534 702
323 706 324
706 707 703
706 703 324
707 708 704
707 704 703
708 709 705
708 705 704
709 536 535
709 535 705
322 710 323
710 711 706
710 706 323
711 712 707
711 707 706
712 713 708
712 708 707
713 714 709
713 709 708
714 537 536
714 536 709
321 715 322
715 716 710
715 710 322
716 717 711
716 711 710
717 718 712
717 712 711
718 719 713
718 713 712
719 720 714
719 714 713
720 538 537
720 537 714
320 721 321
721 722 715
721 715 321
722 723 716
722 716 715
723 724 717
723 717 716
724 725 718
724 718 717
725 726 719
725 719 718
726 727 720
726 720 719
727 539 538
727 538 720
8 540 320
540 541 721
540 721 320
541 542 722
541 722 721
542 543 723
542 723 722
543 544 724
543 724 723
544 545 725
544 725 724
545 546 726
545 726 725
546 547 727
546 727 726
547 3 539
547 539 727
8 371 576
370 728 371
577 576 728
371 728 576
369 729 370
729 730 728
729 728 370
730 578 577
730 577 728
368 731 369
731 732 729
731 729 369
732 733 730
732 730 729
733 579 578
733 578 730
367 734 368
734 735 731
734 731 368
735 736 732
735 732 731
736 737 733
736 733 732
737 580 579
737 579 733
366 738 367
738 739 734
738 734 367
739 740 735
739 735 734
740 741 736
740 736 735
741 742 737
741 737 736
742 581 580
742 580 737
365 743 366
743 744 738
743 738 366
744 745 739
744 739 738
745 746 740
745 740 739
746 747 741
746 741 740
747 748 742
747 742 741
748 582 581
748 581 742
364 749 365
749 750 743
749 743 365
750 751 744
750 744 743
751 752 745
751 745 744
752 753 746
752 746 745
753 754 747
753 747 746
754 755 748
754 748 747
755 583 582
755 582 748
9 584 364
584 585 749
584 749 364
585 586 750
585 750 749
586 587 751
586 751 750
587 588 752
587 752 751
588 589 753
588 753 752
589 590 754
589 754 753
590 591 755
590 755 754
591 4 583
591 583 755
9 415 620
414 756 415
621 620 756
415 756 620
413 757 414
757 758 756
757 756 414
758 622 621
758 621 756
412 759 413
759 760 757
759 757 413
760 761 758
760 758 757
761 623 622
761 622 758
411 762 412
762 763 759
762 759 412
763 764 760
763 760 759
764 765 761
764 761 760
765 624 623
765 623 761
410 766 411
766 767 762
766 762 411
767 768 763
767 763 762
768 769 764
768 764 763
769 770 765
769 765 764
770 625 624
770 624 765
409 771 410
771 772 766
771 766 410
772 773 767
772 767 766
773 774 768
773 768 767
774 775 769
774 769 768
775 776 770
775 770 769
776 626 625
776 625 770
408 777 409
777 778 771
777 771 409
778 779 772
778 772 771
779 780 773
779 773 772
780 781 774
780 774 773
781 782 775
781 775 774
782 783 776
782 776 775
783 627 626
783 626 776
10 628 408
628 629 777
628 777 408
629 630 778
629 778 777
630 631 779
630 779 778
631 632 780
631 780 779
632 633 781
632 781 780
633 634 782
633 782 781
634 635 783
634 783 782
635 5 627
635 627 783
10 451 664
450 784 451
665 664 784
451 784 664
449 785 450
785 786 784
785 784 450
786 666 665
786 665 784
448 787 449
787 788 785
787 785 449
788 789 786
788 786 785
789 667 666
789 666 786
447 790 448
790 791 787
790 787 448
791 792 788
791 788 787
792 793 789
792 789 788
793 668 667
793 667 789
446 794 447
794 795 790
794 790 447
795 796 791
795 791 790
796 797 792
796 792 791
797 798 793
797 793 792
798 669 668
798 668 793
445 799 446
799 800 794
799 794 446
800 801 795
800 795 794
801 802 796
801 796 795
802 803 797
802 797 796
803 804 798
803 798 797
804 670 669
804 669 798
444 805 445
805 806 799
805 799 445
806 807 800
806 800 799
807 808 801
807 801 800
808 809 802
808 802 801
809 810 803
809 803 802
810 811 804
810 804 803
811 671 670
811 670 804
6 452 444
452 453 805
452 805 444
453 454 806
453 806 805
454 455 807
454 807 806
455 456 808
455 808 807
456 457 809
456 809 808
457 458 810
457 810 809
458 459 811
458 811 810
459 1 671
459 671 811
