0 18 20
16 19 18
17 20 19
18 19 20
14 21 16
21 22 19
21 19 16
22 15 17
22 17 19
12 23 14
23 24 21
23 21 14
24 25 22
24 22 21
25 13 15
25 15 22
1 26 12
26 27 23
26 23 12
27 28 24
27 24 23
28 29 25
28 25 24
29 2 13
29 13 25
0 20 34
17 33 20
32 34 33
20 33 34
15 35 17
35 36 33
35 33 17
36 31 32
36 32 33
13 37 15
37 38 35
37 35 15
38 39 36
38 36 35
39 30 31
39 31 36
2 40 13
40 41 37
40 37 13
41 42 38
41 38 37
42 43 39
42 39 38
43 3 30
43 30 39
0 34 48
32 47 34
46 48 47
34 47 48
31 49 32
49 50 47
49 47 32
50 45 46
50 46 47
30 51 31
51 52 49
51 49 31
52 53 50
52 50 49
53 44 45
53 45 50
3 54 30
54 55 51
54 51 30
55 56 52
55 52 51
56 57 53
56 53 52
57 4 44
57 44 53
0 48 62
46 61 48
60 62 61
48 61 62
45 63 46
63 64 61
63 61 46
64 59 60
64 60 61
44 65 45
65 66 63
65 63 45
66 67 64
66 64 63
67 58 59
67 59 64
4 68 44
68 69 65
68 65 44
69 70 66
69 66 65
70 71 67
70 67 66
71 5 58
71 58 67
0 62 18
60 72 62
16 18 72
62 72 18
59 73 60
73 74 72
73 72 60
74 14 16
74 16 72
58 75 59
75 76 73
75 73 59
76 77 74
76 74 73
77 12 14
77 14 74
5 78 58
78 79 75
78 75 58
79 80 76
79 76 75
80 81 77
80 77 76
81 1 12
81 12 77
11 88 90
86 89 88
87 90 89
88 89 90
84 91 86
91 92 89
91 89 86
92 85 87
92 87 89
82 93 84
93 94 91
93 91 84
94 95 92
94 92 91
95 83 85
95 85 92
7 96 82
96 97 93
96 93 82
97 98 94
97 94 93
98 99 95
98 95 94
99 6 83
99 83 95
11 103 88
102 104 103
86 88 104
103 104 88
101 105 102
105 106 104
105 104 102
106 84 86
106 86 104
100 107 101
107 108 105
107 105 101
108 109 106
108 106 105
109 82 84
109 84 106
8 110 100
110 111 107
110 107 100
111 112 108
111 108 107
112 113 109
112 109 108
113 7 82
113 82 109
11 117 103
116 118 117
102 103 118
117 118 103
115 119 116
119 120 118
119 118 116
120 101 102
120 102 118
114 121 115
121 122 119
121 119 115
122 123 120
122 120 119
123 100 101
123 101 120
9 124 114
124 125 121
124 121 114
125 126 122
125 122 121
126 127 123
126 123 122
127 8 100
127 100 123
11 131 117
130 132 131
116 117 132
131 132 117
129 133 130
133 134 132
133 132 130
134 115 116
134 116 132
128 135 129
135 136 133
135 133 129
136 137 134
136 134 133
137 114 115
137 115 134
10 138 128
138 139 135
138 135 128
139 140 136
139 136 135
140 141 137
140 137 136
141 9 114
141 114 137
11 90 131
87 142 90
130 131 142
90 142 131
85 143 87
143 144 142
143 142 87
144 129 130
144 130 142
83 145 85
145 146 143
145 143 85
146 147 144
146 144 143
147 128 129
147 129 144
6 148 83
148 149 145
148 145 83
149 150 146
149 146 145
150 151 147
150 147 146
151 10 128
151 128 147
1 155 26
154 156 155
27 26 156
155 156 26
153 157 154
157 158 156
157 156 154
158 28 27
158 27 156
152 159 153
159 160 157
159 157 153
160 161 158
160 158 157
161 29 28
161 28 158
6 162 152
162 163 159
162 159 152
163 164 160
163 160 159
164 165 161
164 161 160
165 2 29
165 29 161
2 169 40
168 170 169
41 40 170
169 170 40
167 171 168
171 172 170
171 170 168
172 42 41
172 41 170
166 173 167
173 174 171
173 171 167
174 175 172
174 172 171
175 43 42
175 42 172
7 176 166
176 177 173
176 173 166
177 178 174
177 174 173
178 179 175
178 175 174
179 3 43
179 43 175
3 183 54
182 184 183
55 54 184
183 184 54
181 185 182
185 186 184
185 184 182
186 56 55
186 55 184
180 187 181
187 188 185
187 185 181
188 189 186
188 186 185
189 57 56
189 56 186
8 190 180
190 191 187
190 187 180
191 192 188
191 188 187
192 193 189
192 189 188
193 4 57
193 57 189
4 197 68
196 198 197
69 68 198
197 198 68
195 199 196
199 200 198
199 198 196
200 70 69
200 69 198
194 201 195
201 202 199
201 199 195
202 203 200
202 200 199
203 71 70
203 70 200
9 204 194
204 205 201
204 201 194
205 206 202
205 202 201
206 207 203
206 203 202
207 5 71
207 71 203
5 211 78
210 212 211
79 78 212
211 212 78
209 213 210
213 214 212
213 212 210
214 80 79
214 79 212
208 215 209
215 216 213
215 213 209
216 217 214
216 214 213
217 81 80
217 80 214
10 218 208
218 219 215
218 215 208
219 220 216
219 216 215
220 221 217
220 217 216
221 1 81
221 81 217
6 99 162
98 222 99
163 162 222
99 222 162
97 223 98
223 224 222
223 222 98
224 164 163
224 163 222
96 225 97
225 226 223
225 223 97
226 227 224
226 224 223
227 165 164
227 164 224
7 166 96
166 167 225
166 225 96
167 168 226
167 226 225
168 169 227
168 227 226
169 2 165
169 165 227
7 113 176
112 228 113
177 176 228
113 228 176
111 229 112
229 230 228
229 228 112
230 178 177
230 177 228
110 231 111
231 232 229
231 229 111
232 233 230
232 230 229
233 179 178
233 178 230
8 180 110
180 181 231
180 231 110
181 182 232
181 232 231
182 183 233
182 233 232
183 3 179
183 179 233
8 127 190
126 234 127
191 190 234
127 234 190
125 235 126
235 236 234
235 234 126
236 192 191
236 191 234
124 237 125
237 238 235
237 235 125
238 239 236
238 236 235
239 193 192
239 192 236
9 194 124
194 195 237
194 237 124
195 196 238
195 238 237
196 197 239
196 239 238
197 4 193
197 193 239
9 141 204
140 240 141
205 204 240
141 240 204
139 241 140
241 242 240
241 240 140
242 206 205
242 205 240
138 243 139
243 244 241
243 241 139
244 245 242
244 242 241
245 207 206
245 206 242
10 208 138
208 209 243
208 243 138
209 210 244
209 244 243
210 211 245
210 245 244
211 5 207
211 207 245
10 151 218
150 246 151
219 218 246
151 246 218
149 247 150
247 248 246
247 246 150
248 220 219
248 219 246
148 249 149
249 250 247
249 247 149
250 251 248
250 248 247
251 221 220
251 220 248
6 152 148
152 153 249
152 249 148
153 154 250
153 250 249
154 155 251
154 251 250
155 1 221
155 221 251
