0.28209479 0 0 0.63078313 0 0 0 0 0 0 0.84628438 0 0 0 0
0.28209479 0 0 -0.12615664 -0.43701936 0.43701938 0 0 0 0 -0.16925685 0.42818981 0.15138791 -0.56644184 0.40053489
0.28209479 0.25687355 -0.41563011 -0.12615664 -0.13504641 -0.35355611 -0.38093131 0.33294616 0.088983581 0.4072327 -0.16925685 0.13231793 -0.12247539 0.45826108 0.12377209
0.28209479 -0.41563013 -0.25687353 -0.12615664 0.35355609 0.13504642 -0.2354285 -0.5387182 -0.14397846 0.25168365 -0.16925685 -0.34641283 0.046781437 -0.17504016 -0.32403953
0.28209479 0.41563013 0.25687353 -0.12615664 0.35355609 0.13504642 0.2354285 0.5387182 0.14397846 -0.25168365 -0.16925685 -0.34641283 0.046781437 -0.17504016 -0.32403953
0.28209479 -0.25687355 0.41563011 -0.12615664 -0.13504641 -0.35355611 0.38093131 -0.33294616 -0.088983581 -0.4072327 -0.16925685 0.13231793 -0.12247539 0.45826108 0.12377209
0.28209479 0.41563013 0.25687353 -0.12615664 0.35355609 0.13504642 0.2354285 0.5387182 0.14397846 -0.25168365 -0.16925685 -0.34641283 0.046781437 -0.17504016 -0.32403953
0.28209479 -0.25687355 0.41563011 -0.12615664 -0.13504641 -0.35355611 0.38093131 -0.33294616 -0.088983581 -0.4072327 -0.16925685 0.13231793 -0.12247539 0.45826108 0.12377209
0.28209479 -1.0703888e-16 5.3519436e-17 -0.12615664 -0.43701936 0.43701938 -1.9620551e-16 2.0810736e-16 -3.7079344e-17 -5.2438127e-17 -0.16925685 0.42818981 0.15138791 -0.56644184 0.40053489
0.28209479 0.25687355 -0.41563011 -0.12615664 -0.13504641 -0.35355611 -0.38093131 0.33294616 0.088983581 0.4072327 -0.16925685 0.13231793 -0.12247539 0.45826108 0.12377209
0.28209479 -0.41563013 -0.25687353 -0.12615664 0.35355609 0.13504642 -0.2354285 -0.5387182 -0.14397846 0.25168365 -0.16925685 -0.34641283 0.046781437 -0.17504016 -0.32403953
0.28209479 0 0 0.63078313 0 0 0 0 0 0 0.84628438 0 0 0 0
0.28209479 0 0 0.18479343 -0.54537737 0.25749227 0 0 0 0 -0.32561819 -0.23394019 0.60219182 -0.41650025 0.13904884
0.28209479 0.15135016 -0.5186847 0.18479343 -0.16853088 -0.20831562 -0.1322433 0.2448127 0.35395947 -0.22249034 -0.32561819 -0.072291495 -0.48718342 0.33695578 0.042968453
0.28209479 0 0 0.51928571 -0.35225817 0.064373068 0 0 0 0 0.39906673 -0.68491497 0.28850619 -0.067254174 0.0086905522
0.28209479 0.19146224 -0.3097924 0.28209478 -0.42639266 0.062209853 0.049958716 -0.29928791 0.5671289 -0.26944843 -0.21026106 -0.37086395 0.18427135 0.097244536 -0.068762273
0.28209479 0.03783754 -0.33501743 0.51928571 -0.10885376 -0.052078906 -0.0082652063 0.039531011 0.16957969 -0.65139284 0.39906673 -0.21165036 -0.23340641 0.054409769 0.0026855283
0.28209479 0.28272724 -0.18366727 -0.064522386 -0.4459155 0.28498285 0.33795225 -0.5291564 0.20958659 0.12867075 -0.26380084 0.31239253 0.21125868 -0.22288765 0.0026855283
0.28209479 0.39623986 -0.36733454 -0.064522386 -0.31247342 -0.064373068 -0.10698708 -0.29708645 0.29373384 0.2573415 -0.26380084 0.21890776 -0.047719956 0.49135023 -0.32058181
0.28209479 -0.2448897 -0.32056477 0.18479343 0.44121956 0.079569488 -0.081730855 -0.39611528 -0.57271846 -0.1375066 -0.32561819 0.18926159 0.18608751 -0.12870566 -0.11249287
0.28209479 -0.11833017 -0.50125464 0.28209478 0.16286751 -0.16286751 0.0808349 0.1849701 -0.35050494 -0.43597672 -0.21026106 0.14165742 -0.48242866 -0.2545895 0.026264851
0.28209479 -0.061222426 -0.20705216 0.51928571 0.28498285 0.019892372 -0.0051081784 -0.06396252 -0.2743857 -0.40258292 0.39906673 0.55410785 0.089153317 -0.020782683 -0.0070308044
0.28209479 -0.061222426 -0.48084715 -0.064522386 0.036882484 -0.39673888 0.1018789 0.5591066 -0.045384375 0.3368644 -0.26380084 -0.025838556 -0.29410376 -0.13071043 0.32224156
0.28209479 -0.35840232 -0.4106925 -0.064522386 0.25279631 -0.18082504 0.2718306 -0.048460433 -0.26568476 0.28771655 -0.26380084 -0.1771001 -0.13404617 -0.57213372 -0.20081598
0.28209479 0.2448897 0.32056477 0.18479343 0.44121956 0.079569488 0.081730855 0.39611528 0.57271846 0.1375066 -0.32561819 0.18926159 0.18608751 -0.12870566 -0.11249287
0.28209479 -4.9308031e-17 -6.4545049e-17 0.28209478 0.52705032 0.20131531 -4.1635465e-17 -1.156152e-16 -1.4605496e-16 -5.6139408e-17 -0.21026106 0.45841306 0.59631462 0.31468993 0.084994844
0.28209479 0.061222426 0.20705216 0.51928571 0.28498285 0.019892372 0.0051081784 0.06396252 0.2743857 0.40258292 0.39906673 0.55410785 0.089153317 -0.020782683 -0.0070308044
0.28209479 -0.18366728 -0.11351261 -0.064522386 0.46871013 0.35695413 -0.27498763 -0.37549707 -0.13615312 0.079522898 -0.26380084 -0.32836164 0.26461121 0.43438157 0.19647071
0.28209479 0.18366728 0.11351261 -0.064522386 0.46871013 0.35695413 0.27498763 0.37549707 0.13615312 -0.079522898 -0.26380084 -0.32836164 0.26461121 0.43438157 0.19647071
0.28209479 -0.15135016 0.5186847 0.18479343 -0.16853088 -0.20831562 0.1322433 -0.2448127 -0.35395947 0.22249034 -0.32561819 -0.072291495 -0.48718342 0.33695578 0.042968453
0.28209479 0.11833017 0.50125464 0.28209478 0.16286751 -0.16286751 -0.0808349 -0.1849701 0.35050494 0.43597672 -0.21026106 0.14165742 -0.48242866 -0.2545895 0.026264851
0.28209479 -0.03783754 0.33501743 0.51928571 -0.10885376 -0.052078906 0.0082652063 -0.039531011 -0.16957969 0.65139284 0.39906673 -0.21165036 -0.23340641 0.054409769 0.0026855283
0.28209479 0.35840232 0.4106925 -0.064522386 0.25279631 -0.18082504 -0.2718306 0.048460433 0.26568476 -0.28771655 -0.26380084 -0.1771001 -0.13404617 -0.57213372 -0.20081598
0.28209479 0.061222426 0.48084715 -0.064522386 0.036882484 -0.39673888 -0.1018789 -0.5591066 0.045384375 -0.3368644 -0.26380084 -0.025838556 -0.29410376 -0.13071043 0.32224156
0.28209479 -0.19146224 0.3097924 0.28209478 -0.42639266 0.062209853 -0.049958716 0.29928791 -0.5671289 0.26944843 -0.21026106 -0.37086395 0.18427135 0.097244536 -0.068762273
0.28209479 -0.39623986 0.36733454 -0.064522386 -0.31247342 -0.064373068 0.10698708 0.29708645 -0.29373384 -0.2573415 -0.26380084 0.21890776 -0.047719956 0.49135023 -0.32058181
0.28209479 -0.28272724 0.18366727 -0.064522386 -0.4459155 0.28498285 -0.33795225 0.5291564 -0.20958659 -0.12867075 -0.26380084 0.31239253 0.21125868 -0.22288765 0.0026855283
0.28209479 -0.15135016 0.5186847 0.18479343 -0.16853088 -0.20831562 0.1322433 -0.2448127 -0.35395947 0.22249034 -0.32561819 -0.072291495 -0.48718342 0.33695578 0.042968453
0.28209479 0.2448897 0.32056477 0.18479343 0.44121956 0.079569488 0.081730855 0.39611528 0.57271846 0.1375066 -0.32561819 0.18926159 0.18608751 -0.12870566 -0.11249287
0.28209479 -0.03783754 0.33501743 0.51928571 -0.10885376 -0.052078906 0.0082652063 -0.039531011 -0.16957969 0.65139284 0.39906673 -0.21165036 -0.23340641 0.054409769 0.0026855283
0.28209479 0.11833017 0.50125464 0.28209478 0.16286751 -0.16286751 -0.0808349 -0.1849701 0.35050494 0.43597672 -0.21026106 0.14165742 -0.48242866 -0.2545895 0.026264851
0.28209479 0.061222426 0.20705216 0.51928571 0.28498285 0.019892372 0.0051081784 0.06396252 0.2743857 0.40258292 0.39906673 0.55410785 0.089153317 -0.020782683 -0.0070308044
0.28209479 0.061222426 0.48084715 -0.064522386 0.036882484 -0.39673888 -0.1018789 -0.5591066 0.045384375 -0.3368644 -0.26380084 -0.025838556 -0.29410376 -0.13071043 0.32224156
0.28209479 0.35840232 0.4106925 -0.064522386 0.25279631 -0.18082504 -0.2718306 0.048460433 0.26568476 -0.28771655 -0.26380084 -0.1771001 -0.13404617 -0.57213372 -0.20081598
0.28209479 -6.3067418e-17 6.6789465e-17 0.18479343 -0.54537737 0.25749227 -6.8114284e-17 1.5301971e-16 -1.4749446e-16 2.8649411e-17 -0.32561819 -0.23394019 0.60219182 -0.41650025 0.13904884
0.28209479 -1.5766854e-17 4.3139185e-17 0.51928571 -0.35225817 0.064373068 -4.2571428e-18 2.4708783e-17 -7.0663638e-17 8.3877892e-17 0.39906673 -0.68491497 0.28850619 -0.067254174 0.0086905522
0.28209479 -0.19146224 0.3097924 0.28209478 -0.42639266 0.062209853 -0.049958716 0.29928791 -0.5671289 0.26944843 -0.21026106 -0.37086395 0.18427135 0.097244536 -0.068762273
0.28209479 -0.28272724 0.18366727 -0.064522386 -0.4459155 0.28498285 -0.33795225 0.5291564 -0.20958659 -0.12867075 -0.26380084 0.31239253 0.21125868 -0.22288765 0.0026855283
0.28209479 -0.39623986 0.36733454 -0.064522386 -0.31247342 -0.064373068 0.10698708 0.29708645 -0.29373384 -0.2573415 -0.26380084 0.21890776 -0.047719956 0.49135023 -0.32058181
0.28209479 0.15135016 -0.5186847 0.18479343 -0.16853088 -0.20831562 -0.1322433 0.2448127 0.35395947 -0.22249034 -0.32561819 -0.072291495 -0.48718342 0.33695578 0.042968453
0.28209479 0.03783754 -0.33501743 0.51928571 -0.10885376 -0.052078906 -0.0082652063 0.039531011 0.16957969 -0.65139284 0.39906673 -0.21165036 -0.23340641 0.054409769 0.0026855283
0.28209479 0.19146224 -0.3097924 0.28209478 -0.42639266 0.062209853 0.049958716 -0.29928791 0.5671289 -0.26944843 -0.21026106 -0.37086395 0.18427135 0.097244536 -0.068762273
0.28209479 0.39623986 -0.36733454 -0.064522386 -0.31247342 -0.064373068 -0.10698708 -0.29708645 0.29373384 0.2573415 -0.26380084 0.21890776 -0.047719956 0.49135023 -0.32058181
0.28209479 0.28272724 -0.18366727 -0.064522386 -0.4459155 0.28498285 0.33795225 -0.5291564 0.20958659 0.12867075 -0.26380084 0.31239253 0.21125868 -0.22288765 0.0026855283
0.28209479 -0.2448897 -0.32056477 0.18479343 0.44121956 0.079569488 -0.081730855 -0.39611528 -0.57271846 -0.1375066 -0.32561819 0.18926159 0.18608751 -0.12870566 -0.11249287
0.28209479 -0.061222426 -0.20705216 0.51928571 0.28498285 0.019892372 -0.0051081784 -0.06396252 -0.2743857 -0.40258292 0.39906673 0.55410785 0.089153317 -0.020782683 -0.0070308044
0.28209479 -0.11833017 -0.50125464 0.28209478 0.16286751 -0.16286751 0.0808349 0.1849701 -0.35050494 -0.43597672 -0.21026106 0.14165742 -0.48242866 -0.2545895 0.026264851
0.28209479 -0.35840232 -0.4106925 -0.064522386 0.25279631 -0.18082504 0.2718306 -0.048460433 -0.26568476 0.28771655 -0.26380084 -0.1771001 -0.13404617 -0.57213372 -0.20081598
0.28209479 -0.061222426 -0.48084715 -0.064522386 0.036882484 -0.39673888 0.1018789 0.5591066 -0.045384375 0.3368644 -0.26380084 -0.025838556 -0.29410376 -0.13071043 0.32224156
0.28209479 -9.8616062e-17 -1.290901e-16 0.28209478 0.52705032 0.20131531 -8.327093e-17 -2.3123041e-16 -2.9210992e-16 -1.1227882e-16 -0.21026106 0.45841306 0.59631462 0.31468993 0.084994844
0.28209479 0.18366728 0.11351261 -0.064522386 0.46871013 0.35695413 0.27498763 0.37549707 0.13615312 -0.079522898 -0.26380084 -0.32836164 0.26461121 0.43438157 0.19647071
0.28209479 -0.18366728 -0.11351261 -0.064522386 0.46871013 0.35695413 -0.27498763 -0.37549707 -0.13615312 0.079522898 -0.26380084 -0.32836164 0.26461121 0.43438157 0.19647071
0.28209479 0.39623985 0.075675074 -0.28751721 0.16853087 0.35225817 0.5854478 0.27711964 -0.27238849 -0.12946746 0.22707659 -0.28832828 -0.24215401 0.087140283 -0.069040106
0.28209479 0.21257258 -0.037837537 -0.28751721 -0.18082503 0.48570026 0.43305646 -0.16851001 -0.14612948 0.064733732 0.22707659 0.30936154 -0.33388655 -0.23662861 0.3999722
0.28209479 0.50125464 -0.11833016 -0.2820948 -0.1628675 0.1628675 0.34242211 -0.29928788 -0.32716475 0.19953632 0.21026105 0.27463818 -0.10630227 0.097244527 -0.4713036
0.28209479 0.52761693 0.1368975 -0.28751721 0.12405017 -0.052078905 -0.11525228 0.17297472 -0.36270148 -0.23420884 0.22707659 -0.21222921 0.035800776 -0.23338481 -0.57812851
0.28209479 0.45746228 -0.16028238 -0.28751721 -0.091863643 -0.26799273 -0.51421798 0.0027593432 -0.31447483 0.27421649 0.22707659 0.15716341 0.18422714 0.29048427 -0.28826296
0.28209479 -0.11351262 0.18366726 -0.28751721 -0.01989237 -0.51788679 0.24657436 -0.27541427 0.078032359 -0.31422414 0.22707659 0.034032537 0.35601265 0.092388866 0.53545938
0.28209479 0.11351262 -0.18366726 -0.28751721 -0.01989237 -0.51788679 -0.24657436 0.27541427 -0.078032359 0.31422414 0.22707659 0.034032537 0.35601265 0.092388866 0.53545938
0.28209479 -0.3097924 -0.19146222 -0.2820948 0.062209848 -0.42639266 0.55405061 0.18497008 0.20219893 0.32285655 0.21026105 -0.10490245 0.27830296 -0.25458948 0.18002196
0.28209479 -0.45746228 0.16028238 -0.28751721 -0.091863643 -0.26799273 0.51421798 -0.0027593432 0.31447483 -0.27421649 0.22707659 0.15716341 0.18422714 0.29048427 -0.28826296
0.28209479 -0.52761693 -0.1368975 -0.28751721 0.12405017 -0.052078905 0.11525228 -0.17297472 0.36270148 0.23420884 0.22707659 -0.21222921 0.035800776 -0.23338481 -0.57812851
0.28209479 -0.21257258 0.037837537 -0.28751721 -0.18082503 0.48570026 -0.43305646 0.16851001 0.14612948 -0.064733732 0.22707659 0.30936154 -0.33388655 -0.23662861 0.3999722
0.28209479 -0.39623985 -0.075675074 -0.28751721 0.16853087 0.35225817 -0.5854478 -0.27711964 0.27238849 0.12946746 0.22707659 -0.28832828 -0.24215401 0.087140283 -0.069040106
0.28209479 -1.290901e-16 -2.4654013e-17 -0.2820948 0.2013153 0.52705032 -2.853737e-16 -1.1561519e-16 8.4256036e-17 4.1573264e-17 0.21026105 -0.33947146 -0.34400137 0.3146899 0.58256328
0.28209479 0.21257258 -0.037837537 -0.28751721 -0.18082503 0.48570026 0.43305646 -0.16851001 -0.14612948 0.064733732 0.22707659 0.30936154 -0.33388655 -0.23662861 0.3999722
0.28209479 0.39623985 0.075675074 -0.28751721 0.16853087 0.35225817 0.5854478 0.27711964 -0.27238849 -0.12946746 0.22707659 -0.28832828 -0.24215401 0.087140283 -0.069040106
0.28209479 0.45746228 -0.16028238 -0.28751721 -0.091863643 -0.26799273 -0.51421798 0.0027593432 -0.31447483 0.27421649 0.22707659 0.15716341 0.18422714 0.29048427 -0.28826296
0.28209479 0.52761693 0.1368975 -0.28751721 0.12405017 -0.052078905 -0.11525228 0.17297472 -0.36270148 -0.23420884 0.22707659 -0.21222921 0.035800776 -0.23338481 -0.57812851
0.28209479 0.3097924 0.19146222 -0.2820948 0.062209848 -0.42639266 -0.55405061 -0.18497008 -0.20219893 -0.32285655 0.21026105 -0.10490245 0.27830296 -0.25458948 0.18002196
0.28209479 0.11351262 -0.18366726 -0.28751721 -0.01989237 -0.51788679 -0.24657436 0.27541427 -0.078032359 0.31422414 0.22707659 0.034032537 0.35601265 0.092388866 0.53545938
0.28209479 -0.11351262 0.18366726 -0.28751721 -0.01989237 -0.51788679 0.24657436 -0.27541427 0.078032359 -0.31422414 0.22707659 0.034032537 0.35601265 0.092388866 0.53545938
0.28209479 -0.52761693 -0.1368975 -0.28751721 0.12405017 -0.052078905 0.11525228 -0.17297472 0.36270148 0.23420884 0.22707659 -0.21222921 0.035800776 -0.23338481 -0.57812851
0.28209479 -0.45746228 0.16028238 -0.28751721 -0.091863643 -0.26799273 0.51421798 -0.0027593432 0.31447483 -0.27421649 0.22707659 0.15716341 0.18422714 0.29048427 -0.28826296
0.28209479 -0.50125464 0.11833016 -0.2820948 -0.1628675 0.1628675 -0.34242211 0.29928788 0.32716475 -0.19953632 0.21026105 0.27463818 -0.10630227 0.097244527 -0.4713036
0.28209479 -0.39623985 -0.075675074 -0.28751721 0.16853087 0.35225817 -0.5854478 -0.27711964 0.27238849 0.12946746 0.22707659 -0.28832828 -0.24215401 0.087140283 -0.069040106
0.28209479 -0.21257258 0.037837537 -0.28751721 -0.18082503 0.48570026 -0.43305646 0.16851001 0.14612948 -0.064733732 0.22707659 0.30936154 -0.33388655 -0.23662861 0.3999722
0.28209479 0.3097924 0.19146222 -0.2820948 0.062209848 -0.42639266 -0.55405061 -0.18497008 -0.20219893 -0.32285655 0.21026105 -0.10490245 0.27830296 -0.25458948 0.18002196
0.28209479 -0.50125464 0.11833016 -0.2820948 -0.1628675 0.1628675 -0.34242211 0.29928788 0.32716475 -0.19953632 0.21026105 0.27463818 -0.10630227 0.097244527 -0.4713036
0.28209479 0.50125464 -0.11833016 -0.2820948 -0.1628675 0.1628675 0.34242211 -0.29928788 -0.32716475 0.19953632 0.21026105 0.27463818 -0.10630227 0.097244527 -0.4713036
0.28209479 -0.3097924 -0.19146222 -0.2820948 0.062209848 -0.42639266 0.55405061 0.18497008 0.20219893 0.32285655 0.21026105 -0.10490245 0.27830296 -0.25458948 0.18002196
0.28209479 1.8741454e-17 3.5792991e-18 -0.2820948 0.2013153 0.52705032 4.1430896e-17 1.6785152e-17 -1.2232392e-17 -6.0356562e-18 0.21026105 -0.33947146 -0.34400137 0.3146899 0.58256328
