0.28209479 0 0 0.63078313 0 0
0.28209479 0 0 -0.12615664 -0.43701936 0.43701938
0.28209479 0.25687355 -0.41563011 -0.12615664 -0.13504641 -0.35355611
0.28209479 -0.41563013 -0.25687353 -0.12615664 0.35355609 0.13504642
0.28209479 0.41563013 0.25687353 -0.12615664 0.35355609 0.13504642
0.28209479 -0.25687355 0.41563011 -0.12615664 -0.13504641 -0.35355611
0.28209479 0.41563013 0.25687353 -0.12615664 0.35355609 0.13504642
0.28209479 -0.25687355 0.41563011 -0.12615664 -0.13504641 -0.35355611
0.28209479 -1.0703888e-16 5.3519436e-17 -0.12615664 -0.43701936 0.43701938
0.28209479 0.25687355 -0.41563011 -0.12615664 -0.13504641 -0.35355611
0.28209479 -0.41563013 -0.25687353 -0.12615664 0.35355609 0.13504642
0.28209479 0 0 0.63078313 0 0
0.28209479 0 0 0.0097733514 -0.51888418 0.35854016
0.28209479 0.21074462 -0.49348818 0.0097733514 -0.16034403 -0.29006509
0.28209479 0 0 0.18479343 -0.54537737 0.25749227
0.28209479 0.15135016 -0.5186847 0.18479343 -0.16853088 -0.20831562
0.28209479 0 0 0.36926687 -0.48860252 0.15098648
0.28209479 0.088747629 -0.46468861 0.36926687 -0.15098648 -0.12215063
0.28209479 0 0 0.51928571 -0.35225817 0.064373068
0.28209479 0.03783754 -0.33501743 0.51928571 -0.10885376 -0.052078906
0.28209479 0 0 0.60594274 -0.17468564 0.014341607
0.28209479 0.041771221 -0.1746179 0.55470997 -0.24034092 0.013572292
0.28209479 0.0084297848 -0.16613592 0.60594274 -0.053980831 -0.011602603
0.28209479 0.080515891 -0.16926352 0.43277199 -0.41094544 0.08115825
0.28209479 0.11284235 -0.33852703 0.43277199 -0.28796829 -0.018332351
0.28209479 0.11538609 -0.14771255 0.25438502 -0.5139372 0.18415002
0.28209479 0.19146224 -0.3097924 0.28209478 -0.42639266 0.062209853
0.28209479 0.20158998 -0.44313764 0.25438502 -0.29929831 -0.08115825
0.28209479 0.13750234 -0.11545281 0.064974218 -0.52308997 0.29632136
0.28209479 0.25232316 -0.25232315 0.10025484 -0.47994715 0.17364652
0.28209479 0.30620058 -0.37848472 0.10025484 -0.3882854 0.0078288483
0.28209479 0.28541506 -0.46181124 0.064974218 -0.27144584 -0.15890717
0.28209479 0.14482657 -0.081838066 -0.091828068 -0.45683897 0.39125556
0.28209479 0.28272724 -0.18366727 -0.064522386 -0.4459155 0.28498285
0.28209479 0.37594099 -0.28719334 -0.053875331 -0.39528773 0.12215063
0.28209479 0.39623986 -0.36733454 -0.064522386 -0.31247342 -0.064373068
0.28209479 0.3471414 -0.40919033 -0.091828068 -0.21900363 -0.23140548
0.28209479 -0.34099196 -0.30499247 0.0097733514 0.41978612 0.110795
0.28209479 -0.2448897 -0.32056477 0.18479343 0.44121956 0.079569488
0.28209479 -0.14359668 -0.28719335 0.36926687 0.39528774 0.04665739
0.28209479 -0.061222426 -0.20705216 0.51928571 0.28498285 0.019892372
0.28209479 -0.025816034 -0.28253769 0.55470997 0.091802062 -0.035532723
0.28209479 -0.013639678 -0.10267764 0.60594274 0.14132365 0.0044318001
0.28209479 -0.017435101 -0.44313764 0.43277199 0.033990046 -0.11298446
0.28209479 -0.10206686 -0.37848473 0.43277199 0.23297124 -0.051495884
0.28209479 0.014891354 -0.53442901 0.25438502 -0.01833235 -0.21680274
0.28209479 -0.11833017 -0.50125464 0.28209478 0.16286751 -0.16286751
0.28209479 -0.21079334 -0.42158667 0.25438502 0.32896067 -0.052833211
0.28209479 0.062931595 -0.533165 0.064974218 -0.051841542 -0.32055086
0.28209479 -0.10206686 -0.534429 0.10025484 0.091661749 -0.28879481
0.28209479 -0.24311979 -0.48623957 0.10025484 0.23997357 -0.18631386
0.28209479 -0.32430892 -0.40086786 0.064974218 0.35532721 -0.039204161
0.28209479 0.11280709 -0.45976903 -0.091828068 -0.06333838 -0.40165932
0.28209479 -0.061222426 -0.48084715 -0.064522386 0.036882484 -0.39673888
0.28209479 -0.23234431 -0.46468859 -0.053875331 0.15098648 -0.3197945
0.28209479 -0.35840232 -0.4106925 -0.064522386 0.25279631 -0.18082504
0.28209479 -0.41686002 -0.3347316 -0.091828068 0.32148728 -0.016833634
0.28209479 0.34099196 0.30499247 0.0097733514 0.41978612 0.110795
0.28209479 0.2448897 0.32056477 0.18479343 0.44121956 0.079569488
0.28209479 0.14359668 0.28719335 0.36926687 0.39528774 0.04665739
0.28209479 0.061222426 0.20705216 0.51928571 0.28498285 0.019892372
0.28209479 -1.0757508e-17 -3.6381527e-17 0.55470997 0.29707771 0.043920861
0.28209479 0.013639678 0.10267764 0.60594274 0.14132365 0.0044318001
0.28209479 -0.052305304 -0.10461061 0.43277199 0.43195244 0.10165444
0.28209479 0.052305304 0.10461061 0.43277199 0.43195244 0.10165444
0.28209479 -0.13948081 -0.18258275 0.25438502 0.50260718 0.16664418
0.28209479 -4.9308031e-17 -6.4545049e-17 0.28209478 0.52705032 0.20131531
0.28209479 0.13948081 0.18258275 0.25438502 0.50260718 0.16664418
0.28209479 -0.2393278 -0.21406128 0.064974218 0.49105013 0.22234083
0.28209479 -0.087175507 -0.077972141 0.10025484 0.53659722 0.29363331
0.28209479 0.087175507 0.077972141 0.10025484 0.53659722 0.29363331
0.28209479 0.2393278 0.21406128 0.064974218 0.49105013 0.22234083
0.28209479 -0.32735228 -0.20231482 -0.091828068 0.4176937 0.25864287
0.28209479 -0.18366728 -0.11351261 -0.064522386 0.46871013 0.35695413
0.28209479 -9.6817575e-17 -5.9836549e-17 -0.053875331 0.4886025 0.39528775
0.28209479 0.18366728 0.11351261 -0.064522386 0.46871013 0.35695413
0.28209479 0.32735228 0.20231482 -0.091828068 0.4176937 0.25864287
0.28209479 -0.21074462 0.49348818 0.0097733514 -0.16034403 -0.29006509
0.28209479 -0.15135016 0.5186847 0.18479343 -0.16853088 -0.20831562
0.28209479 -0.088747629 0.46468861 0.36926687 -0.15098648 -0.12215063
0.28209479 -0.03783754 0.33501743 0.51928571 -0.10885376 -0.052078906
0.28209479 0.025816034 0.28253769 0.55470997 0.091802062 -0.035532723
0.28209479 -0.0084297848 0.16613592 0.60594274 -0.053980831 -0.011602603
0.28209479 0.10206686 0.37848473 0.43277199 0.23297124 -0.051495884
0.28209479 0.017435101 0.44313764 0.43277199 0.033990046 -0.11298446
0.28209479 0.21079334 0.42158667 0.25438502 0.32896067 -0.052833211
0.28209479 0.11833017 0.50125464 0.28209478 0.16286751 -0.16286751
0.28209479 -0.014891354 0.53442901 0.25438502 -0.01833235 -0.21680274
0.28209479 0.32430892 0.40086786 0.064974218 0.35532721 -0.039204161
0.28209479 0.24311979 0.48623957 0.10025484 0.23997357 -0.18631386
0.28209479 0.10206686 0.534429 0.10025484 0.091661749 -0.28879481
0.28209479 -0.062931595 0.533165 0.064974218 -0.051841542 -0.32055086
0.28209479 0.41686002 0.3347316 -0.091828068 0.32148728 -0.016833634
0.28209479 0.35840232 0.4106925 -0.064522386 0.25279631 -0.18082504
0.28209479 0.23234431 0.46468859 -0.053875331 0.15098648 -0.3197945
0.28209479 0.061222426 0.48084715 -0.064522386 0.036882484 -0.39673888
0.28209479 -0.11280709 0.45976903 -0.091828068 -0.06333838 -0.40165932
0.28209479 -0.041771221 0.1746179 0.55470997 -0.24034092 0.013572292
0.28209479 -0.11284235 0.33852703 0.43277199 -0.28796829 -0.018332351
0.28209479 -0.080515891 0.16926352 0.43277199 -0.41094544 0.08115825
0.28209479 -0.20158998 0.44313764 0.25438502 -0.29929831 -0.08115825
0.28209479 -0.19146224 0.3097924 0.28209478 -0.42639266 0.062209853
0.28209479 -0.11538609 0.14771255 0.25438502 -0.5139372 0.18415002
0.28209479 -0.28541506 0.46181124 0.064974218 -0.27144584 -0.15890717
0.28209479 -0.30620058 0.37848472 0.10025484 -0.3882854 0.0078288483
0.28209479 -0.25232316 0.25232315 0.10025484 -0.47994715 0.17364652
0.28209479 -0.13750234 0.11545281 0.064974218 -0.52308997 0.29632136
0.28209479 -0.3471414 0.40919033 -0.091828068 -0.21900363 -0.23140548
0.28209479 -0.39623986 0.36733454 -0.064522386 -0.31247342 -0.064373068
0.28209479 -0.37594099 0.28719334 -0.053875331 -0.39528773 0.12215063
0.28209479 -0.28272724 0.18366727 -0.064522386 -0.4459155 0.28498285
0.28209479 -0.14482657 0.081838066 -0.091828068 -0.45683897 0.39125556
0.28209479 -0.21074462 0.49348818 0.0097733514 -0.16034403 -0.29006509
0.28209479 0.34099196 0.30499247 0.0097733514 0.41978612 0.110795
0.28209479 -0.15135016 0.5186847 0.18479343 -0.16853088 -0.20831562
0.28209479 0.2448897 0.32056477 0.18479343 0.44121956 0.079569488
0.28209479 -0.088747629 0.46468861 0.36926687 -0.15098648 -0.12215063
0.28209479 0.14359668 0.28719335 0.36926687 0.39528774 0.04665739
0.28209479 -0.03783754 0.33501743 0.51928571 -0.10885376 -0.052078906
0.28209479 0.061222426 0.20705216 0.51928571 0.28498285 0.019892372
0.28209479 -0.0084297848 0.16613592 0.60594274 -0.053980831 -0.011602603
0.28209479 0.025816034 0.28253769 0.55470997 0.091802062 -0.035532723
0.28209479 0.013639678 0.10267764 0.60594274 0.14132365 0.0044318001
0.28209479 0.017435101 0.44313764 0.43277199 0.033990046 -0.11298446
0.28209479 0.10206686 0.37848473 0.43277199 0.23297124 -0.051495884
0.28209479 -0.014891354 0.53442901 0.25438502 -0.01833235 -0.21680274
0.28209479 0.11833017 0.50125464 0.28209478 0.16286751 -0.16286751
0.28209479 0.21079334 0.42158667 0.25438502 0.32896067 -0.052833211
0.28209479 -0.062931595 0.533165 0.064974218 -0.051841542 -0.32055086
0.28209479 0.10206686 0.534429 0.10025484 0.091661749 -0.28879481
0.28209479 0.24311979 0.48623957 0.10025484 0.23997357 -0.18631386
0.28209479 0.32430892 0.40086786 0.064974218 0.35532721 -0.039204161
0.28209479 -0.11280709 0.45976903 -0.091828068 -0.06333838 -0.40165932
0.28209479 0.061222426 0.48084715 -0.064522386 0.036882484 -0.39673888
0.28209479 0.23234431 0.46468859 -0.053875331 0.15098648 -0.3197945
0.28209479 0.35840232 0.4106925 -0.064522386 0.25279631 -0.18082504
0.28209479 0.41686002 0.3347316 -0.091828068 0.32148728 -0.016833634
0.28209479 -8.7817013e-17 6.3544985e-17 0.0097733514 -0.51888418 0.35854016
0.28209479 -6.3067418e-17 6.6789465e-17 0.18479343 -0.54537737 0.25749227
0.28209479 -3.6981023e-17 5.9836551e-17 0.36926687 -0.48860252 0.15098648
0.28209479 -1.5766854e-17 4.3139185e-17 0.51928571 -0.35225817 0.064373068
0.28209479 -3.5126805e-18 2.1392821e-17 0.60594274 -0.17468564 0.014341607
0.28209479 -0.041771221 0.1746179 0.55470997 -0.24034092 0.013572292
0.28209479 -0.080515891 0.16926352 0.43277199 -0.41094544 0.08115825
0.28209479 -0.11284235 0.33852703 0.43277199 -0.28796829 -0.018332351
0.28209479 -0.11538609 0.14771255 0.25438502 -0.5139372 0.18415002
0.28209479 -0.19146224 0.3097924 0.28209478 -0.42639266 0.062209853
0.28209479 -0.20158998 0.44313764 0.25438502 -0.29929831 -0.08115825
0.28209479 -0.13750234 0.11545281 0.064974218 -0.52308997 0.29632136
0.28209479 -0.25232316 0.25232315 0.10025484 -0.47994715 0.17364652
0.28209479 -0.30620058 0.37848472 0.10025484 -0.3882854 0.0078288483
0.28209479 -0.28541506 0.46181124 0.064974218 -0.27144584 -0.15890717
0.28209479 -0.14482657 0.081838066 -0.091828068 -0.45683897 0.39125556
0.28209479 -0.28272724 0.18366727 -0.064522386 -0.4459155 0.28498285
0.28209479 -0.37594099 0.28719334 -0.053875331 -0.39528773 0.12215063
0.28209479 -0.39623986 0.36733454 -0.064522386 -0.31247342 -0.064373068
0.28209479 -0.3471414 0.40919033 -0.091828068 -0.21900363 -0.23140548
0.28209479 0.21074462 -0.49348818 0.0097733514 -0.16034403 -0.29006509
0.28209479 0.15135016 -0.5186847 0.18479343 -0.16853088 -0.20831562
0.28209479 0.088747629 -0.46468861 0.36926687 -0.15098648 -0.12215063
0.28209479 0.03783754 -0.33501743 0.51928571 -0.10885376 -0.052078906
0.28209479 0.0084297848 -0.16613592 0.60594274 -0.053980831 -0.011602603
0.28209479 0.041771221 -0.1746179 0.55470997 -0.24034092 0.013572292
0.28209479 0.11284235 -0.33852703 0.43277199 -0.28796829 -0.018332351
0.28209479 0.080515891 -0.16926352 0.43277199 -0.41094544 0.08115825
0.28209479 0.20158998 -0.44313764 0.25438502 -0.29929831 -0.08115825
0.28209479 0.19146224 -0.3097924 0.28209478 -0.42639266 0.062209853
0.28209479 0.11538609 -0.14771255 0.25438502 -0.5139372 0.18415002
0.28209479 0.28541506 -0.46181124 0.064974218 -0.27144584 -0.15890717
0.28209479 0.30620058 -0.37848472 0.10025484 -0.3882854 0.0078288483
0.28209479 0.25232316 -0.25232315 0.10025484 -0.47994715 0.17364652
0.28209479 0.13750234 -0.11545281 0.064974218 -0.52308997 0.29632136
0.28209479 0.3471414 -0.40919033 -0.091828068 -0.21900363 -0.23140548
0.28209479 0.39623986 -0.36733454 -0.064522386 -0.31247342 -0.064373068
0.28209479 0.37594099 -0.28719334 -0.053875331 -0.39528773 0.12215063
0.28209479 0.28272724 -0.18366727 -0.064522386 -0.4459155 0.28498285
0.28209479 0.14482657 -0.081838066 -0.091828068 -0.45683897 0.39125556
0.28209479 -0.34099196 -0.30499247 0.0097733514 0.41978612 0.110795
0.28209479 -0.2448897 -0.32056477 0.18479343 0.44121956 0.079569488
0.28209479 -0.14359668 -0.28719335 0.36926687 0.39528774 0.04665739
0.28209479 -0.061222426 -0.20705216 0.51928571 0.28498285 0.019892372
0.28209479 -0.013639678 -0.10267764 0.60594274 0.14132365 0.0044318001
0.28209479 -0.025816034 -0.28253769 0.55470997 0.091802062 -0.035532723
0.28209479 -0.10206686 -0.37848473 0.43277199 0.23297124 -0.051495884
0.28209479 -0.017435101 -0.44313764 0.43277199 0.033990046 -0.11298446
0.28209479 -0.21079334 -0.42158667 0.25438502 0.32896067 -0.052833211
0.28209479 -0.11833017 -0.50125464 0.28209478 0.16286751 -0.16286751
0.28209479 0.014891354 -0.53442901 0.25438502 -0.01833235 -0.21680274
0.28209479 -0.32430892 -0.40086786 0.064974218 0.35532721 -0.039204161
0.28209479 -0.24311979 -0.48623957 0.10025484 0.23997357 -0.18631386
0.28209479 -0.10206686 -0.534429 0.10025484 0.091661749 -0.28879481
0.28209479 0.062931595 -0.533165 0.064974218 -0.051841542 -0.32055086
0.28209479 -0.41686002 -0.3347316 -0.091828068 0.32148728 -0.016833634
0.28209479 -0.35840232 -0.4106925 -0.064522386 0.25279631 -0.18082504
0.28209479 -0.23234431 -0.46468859 -0.053875331 0.15098648 -0.3197945
0.28209479 -0.061222426 -0.48084715 -0.064522386 0.036882484 -0.39673888
0.28209479 0.11280709 -0.45976903 -0.091828068 -0.06333838 -0.40165932
0.28209479 -2.1515017e-17 -7.2763054e-17 0.55470997 0.29707771 0.043920861
0.28209479 0.052305304 0.10461061 0.43277199 0.43195244 0.10165444
0.28209479 -0.052305304 -0.10461061 0.43277199 0.43195244 0.10165444
0.28209479 0.13948081 0.18258275 0.25438502 0.50260718 0.16664418
0.28209479 -9.8616062e-17 -1.290901e-16 0.28209478 0.52705032 0.20131531
0.28209479 -0.13948081 -0.18258275 0.25438502 0.50260718 0.16664418
0.28209479 0.2393278 0.21406128 0.064974218 0.49105013 0.22234083
0.28209479 0.087175507 0.077972141 0.10025484 0.53659722 0.29363331
0.28209479 -0.087175507 -0.077972141 0.10025484 0.53659722 0.29363331
0.28209479 -0.2393278 -0.21406128 0.064974218 0.49105013 0.22234083
0.28209479 0.32735228 0.20231482 -0.091828068 0.4176937 0.25864287
0.28209479 0.18366728 0.11351261 -0.064522386 0.46871013 0.35695413
0.28209479 6.0648622e-17 3.7482908e-17 -0.053875331 0.4886025 0.39528775
0.28209479 -0.18366728 -0.11351261 -0.064522386 0.46871013 0.35695413
0.28209479 -0.32735228 -0.20231482 -0.091828068 0.4176937 0.25864287
0.28209479 0.4252898 0.16859568 -0.21603001 0.28941847 0.24116264
0.28209479 0.39623985 0.075675074 -0.28751721 0.16853087 0.35225817
0.28209479 0.32109193 -2.067302e-17 -0.31539157 -6.3625012e-17 0.44194512
0.28209479 0.21257258 -0.037837537 -0.28751721 -0.18082503 0.48570026
0.28209479 0.097937525 -0.033719137 -0.21603001 -0.33324252 0.47899799
0.28209479 0.26425468 -0.10326413 -0.19916213 -0.34344618 0.39971554
0.28209479 0.38417272 -0.077972137 -0.28363901 -0.18064884 0.3621242
0.28209479 0.40415157 -0.18258274 -0.18838133 -0.32463298 0.24563859
0.28209479 0.47134822 -3.3266038e-17 -0.31539157 -5.8042111e-17 0.27612746
0.28209479 0.50125464 -0.11833016 -0.2820948 -0.1628675 0.1628675
0.28209479 0.47134823 -0.25232314 -0.18838133 -0.27396361 0.038828541
0.28209479 0.50358247 0.11079715 -0.28633421 0.15249919 0.16362386
0.28209479 0.54363237 -4.4921557e-17 -0.31539157 -4.9573881e-17 0.053659723
0.28209479 0.52365352 -0.14771254 -0.28363901 -0.12997947 -0.067153579
0.28209479 0.44873342 -0.29472636 -0.19916213 -0.20434073 -0.16805166
0.28209479 0.48581852 0.22315439 -0.21603001 0.24977925 0.054874398
0.28209479 0.52761693 0.1368975 -0.28751721 0.12405017 -0.052078905
0.28209479 0.51953765 -5.4122668e-17 -0.31539157 -3.932242e-17 -0.16880802
0.28209479 0.45746228 -0.16028238 -0.28751721 -0.091863643 -0.26799273
0.28209479 0.36078108 -0.30651269 -0.21603001 -0.13504641 -0.32995128
0.28209479 -0.20231483 0.32735226 -0.21603001 -0.070908798 -0.44508375
0.28209479 -0.11351262 0.18366726 -0.28751721 -0.01989237 -0.51788679
0.28209479 6.6899297e-17 -6.6899297e-17 -0.31539157 -4.0964005e-33 -0.54627422
0.28209479 0.11351262 -0.18366726 -0.28751721 -0.01989237 -0.51788679
0.28209479 0.20231483 -0.32735226 -0.21603001 -0.070908798 -0.44508375
0.28209479 0.021160373 -0.3585471 -0.19916213 -0.0079206826 -0.47870166
0.28209479 -0.097950989 -0.19590197 -0.28363901 0.018332349 -0.51877569
0.28209479 -0.18258275 -0.36516548 -0.18838133 0.073329397 -0.43628012
0.28209479 -0.21902507 -6.5481099e-17 -0.31539157 1.3701884e-17 -0.50044334
0.28209479 -0.3097924 -0.19146222 -0.2820948 0.062209848 -0.42639266
0.28209479 -0.35850588 -0.33852702 -0.18838133 0.15531415 -0.30846448
0.28209479 -0.31123108 0.17927355 -0.28633421 -0.058249507 -0.42837283
0.28209479 -0.40826743 -6.1029087e-17 -0.31539157 2.7403767e-17 -0.36295072
0.28209479 -0.46311648 -0.16926351 -0.28363901 0.10031711 -0.25346743
0.28209479 -0.46181125 -0.28541504 -0.19916213 0.21715666 -0.12780224
0.28209479 -0.36078108 0.30651269 -0.21603001 -0.13504641 -0.32995128
0.28209479 -0.45746228 0.16028238 -0.28751721 -0.091863643 -0.26799273
0.28209479 -0.51953765 -5.4122668e-17 -0.31539157 3.932242e-17 -0.16880802
0.28209479 -0.52761693 -0.1368975 -0.28751721 0.12405017 -0.052078905
0.28209479 -0.48581852 -0.22315439 -0.21603001 0.24977925 0.054874398
0.28209479 -0.097937525 0.033719137 -0.21603001 -0.33324252 0.47899799
0.28209479 -0.21257258 0.037837537 -0.28751721 -0.18082503 0.48570026
0.28209479 -0.32109193 -2.067302e-17 -0.31539157 6.3625012e-17 0.44194512
0.28209479 -0.39623985 -0.075675074 -0.28751721 0.16853087 0.35225817
0.28209479 -0.4252898 -0.16859568 -0.21603001 0.28941847 0.24116264
0.28209479 -0.29849288 -0.11833016 -0.19916213 0.33855093 0.37484003
0.28209479 -0.22568469 -0.043101937 -0.28363901 0.19197885 0.4772725
0.28209479 -0.10872648 -0.043101938 -0.18838133 0.36995304 0.46027748
0.28209479 -0.11695821 -7.2035066e-18 -0.31539157 6.6510341e-17 0.53360687
0.28209479 -1.290901e-16 -2.4654013e-17 -0.2820948 0.2013153 0.52705032
0.28209479 0.10872648 0.043101938 -0.18838133 0.36995304 0.46027748
0.28209479 -1.2968959e-16 2.3084514e-17 -0.28633421 -0.18849936 0.52949794
0.28209479 0.11695821 7.2035066e-18 -0.31539157 6.6510341e-17 0.53360687
0.28209479 0.22568469 0.043101937 -0.28363901 0.19197885 0.4772725
0.28209479 0.29849288 0.11833016 -0.19916213 0.33855093 0.37484003
0.28209479 0.097937525 -0.033719137 -0.21603001 -0.33324252 0.47899799
0.28209479 0.21257258 -0.037837537 -0.28751721 -0.18082503 0.48570026
0.28209479 0.32109193 2.067302e-17 -0.31539157 6.3625012e-17 0.44194512
0.28209479 0.39623985 0.075675074 -0.28751721 0.16853087 0.35225817
0.28209479 0.4252898 0.16859568 -0.21603001 0.28941847 0.24116264
0.28209479 0.36078108 -0.30651269 -0.21603001 -0.13504641 -0.32995128
0.28209479 0.45746228 -0.16028238 -0.28751721 -0.091863643 -0.26799273
0.28209479 0.51953765 5.4122668e-17 -0.31539157 3.932242e-17 -0.16880802
0.28209479 0.52761693 0.1368975 -0.28751721 0.12405017 -0.052078905
0.28209479 0.48581852 0.22315439 -0.21603001 0.24977925 0.054874398
0.28209479 0.46181125 0.28541504 -0.19916213 0.21715666 -0.12780224
0.28209479 0.46311648 0.16926351 -0.28363901 0.10031711 -0.25346743
0.28209479 0.35850588 0.33852702 -0.18838133 0.15531415 -0.30846448
0.28209479 0.40826743 6.1029087e-17 -0.31539157 2.7403767e-17 -0.36295072
0.28209479 0.3097924 0.19146222 -0.2820948 0.062209848 -0.42639266
0.28209479 0.18258275 0.36516548 -0.18838133 0.073329397 -0.43628012
0.28209479 0.31123108 -0.17927355 -0.28633421 -0.058249507 -0.42837283
0.28209479 0.21902507 6.5481099e-17 -0.31539157 1.3701884e-17 -0.50044334
0.28209479 0.097950989 0.19590197 -0.28363901 0.018332349 -0.51877569
0.28209479 -0.021160373 0.3585471 -0.19916213 -0.0079206826 -0.47870166
0.28209479 0.20231483 -0.32735226 -0.21603001 -0.070908798 -0.44508375
0.28209479 0.11351262 -0.18366726 -0.28751721 -0.01989237 -0.51788679
0.28209479 2.0069789e-16 6.6899297e-17 -0.31539157 1.2289201e-32 -0.54627422
0.28209479 -0.11351262 0.18366726 -0.28751721 -0.01989237 -0.51788679
0.28209479 -0.20231483 0.32735226 -0.21603001 -0.070908798 -0.44508375
0.28209479 -0.48581852 -0.22315439 -0.21603001 0.24977925 0.054874398
0.28209479 -0.52761693 -0.1368975 -0.28751721 0.12405017 -0.052078905
0.28209479 -0.51953765 5.4122668e-17 -0.31539157 -3.932242e-17 -0.16880802
0.28209479 -0.45746228 0.16028238 -0.28751721 -0.091863643 -0.26799273
0.28209479 -0.36078108 0.30651269 -0.21603001 -0.13504641 -0.32995128
0.28209479 -0.44873342 0.29472636 -0.19916213 -0.20434073 -0.16805166
0.28209479 -0.52365352 0.14771254 -0.28363901 -0.12997947 -0.067153579
0.28209479 -0.47134823 0.25232314 -0.18838133 -0.27396361 0.038828541
0.28209479 -0.54363237 4.4921557e-17 -0.31539157 -4.9573881e-17 0.053659723
0.28209479 -0.50125464 0.11833016 -0.2820948 -0.1628675 0.1628675
0.28209479 -0.40415157 0.18258274 -0.18838133 -0.32463298 0.24563859
0.28209479 -0.50358247 -0.11079715 -0.28633421 0.15249919 0.16362386
0.28209479 -0.47134822 3.3266038e-17 -0.31539157 -5.8042111e-17 0.27612746
0.28209479 -0.38417272 0.077972137 -0.28363901 -0.18064884 0.3621242
0.28209479 -0.26425468 0.10326413 -0.19916213 -0.34344618 0.39971554
0.28209479 -0.4252898 -0.16859568 -0.21603001 0.28941847 0.24116264
0.28209479 -0.39623985 -0.075675074 -0.28751721 0.16853087 0.35225817
0.28209479 -0.32109193 2.067302e-17 -0.31539157 -6.3625012e-17 0.44194512
0.28209479 -0.21257258 0.037837537 -0.28751721 -0.18082503 0.48570026
0.28209479 -0.097937525 0.033719137 -0.21603001 -0.33324252 0.47899799
0.28209479 0.46181125 0.28541504 -0.19916213 0.21715666 -0.12780224
0.28209479 0.35850588 0.33852702 -0.18838133 0.15531415 -0.30846448
0.28209479 0.46311648 0.16926351 -0.28363901 0.10031711 -0.25346743
0.28209479 0.18258275 0.36516548 -0.18838133 0.073329397 -0.43628012
0.28209479 0.3097924 0.19146222 -0.2820948 0.062209848 -0.42639266
0.28209479 0.40826743 -6.1029087e-17 -0.31539157 -2.7403767e-17 -0.36295072
0.28209479 -0.021160373 0.3585471 -0.19916213 -0.0079206826 -0.47870166
0.28209479 0.097950989 0.19590197 -0.28363901 0.018332349 -0.51877569
0.28209479 0.21902507 -6.5481099e-17 -0.31539157 -1.3701884e-17 -0.50044334
0.28209479 0.31123108 -0.17927355 -0.28633421 -0.058249507 -0.42837283
0.28209479 -0.44873342 0.29472636 -0.19916213 -0.20434073 -0.16805166
0.28209479 -0.47134823 0.25232314 -0.18838133 -0.27396361 0.038828541
0.28209479 -0.52365352 0.14771254 -0.28363901 -0.12997947 -0.067153579
0.28209479 -0.40415157 0.18258274 -0.18838133 -0.32463298 0.24563859
0.28209479 -0.50125464 0.11833016 -0.2820948 -0.1628675 0.1628675
0.28209479 -0.54363237 -4.4921557e-17 -0.31539157 4.9573881e-17 0.053659723
0.28209479 -0.26425468 0.10326413 -0.19916213 -0.34344618 0.39971554
0.28209479 -0.38417272 0.077972137 -0.28363901 -0.18064884 0.3621242
0.28209479 -0.47134822 -3.3266038e-17 -0.31539157 5.8042111e-17 0.27612746
0.28209479 -0.50358247 -0.11079715 -0.28633421 0.15249919 0.16362386
0.28209479 0.26425468 -0.10326413 -0.19916213 -0.34344618 0.39971554
0.28209479 0.40415157 -0.18258274 -0.18838133 -0.32463298 0.24563859
0.28209479 0.38417272 -0.077972137 -0.28363901 -0.18064884 0.3621242
0.28209479 0.47134823 -0.25232314 -0.18838133 -0.27396361 0.038828541
0.28209479 0.50125464 -0.11833016 -0.2820948 -0.1628675 0.1628675
0.28209479 0.47134822 3.3266038e-17 -0.31539157 5.8042111e-17 0.27612746
0.28209479 0.44873342 -0.29472636 -0.19916213 -0.20434073 -0.16805166
0.28209479 0.52365352 -0.14771254 -0.28363901 -0.12997947 -0.067153579
0.28209479 0.54363237 4.4921557e-17 -0.31539157 4.9573881e-17 0.053659723
0.28209479 0.50358247 0.11079715 -0.28633421 0.15249919 0.16362386
0.28209479 0.021160373 -0.3585471 -0.19916213 -0.0079206826 -0.47870166
0.28209479 -0.18258275 -0.36516548 -0.18838133 0.073329397 -0.43628012
0.28209479 -0.097950989 -0.19590197 -0.28363901 0.018332349 -0.51877569
0.28209479 -0.35850588 -0.33852702 -0.18838133 0.15531415 -0.30846448
0.28209479 -0.3097924 -0.19146222 -0.2820948 0.062209848 -0.42639266
0.28209479 -0.21902507 6.5481099e-17 -0.31539157 -1.3701884e-17 -0.50044334
0.28209479 -0.46181125 -0.28541504 -0.19916213 0.21715666 -0.12780224
0.28209479 -0.46311648 -0.16926351 -0.28363901 0.10031711 -0.25346743
0.28209479 -0.40826743 6.1029087e-17 -0.31539157 -2.7403767e-17 -0.36295072
0.28209479 -0.31123108 0.17927355 -0.28633421 -0.058249507 -0.42837283
0.28209479 -0.29849288 -0.11833016 -0.19916213 0.33855093 0.37484003
0.28209479 -0.10872648 -0.043101938 -0.18838133 0.36995304 0.46027748
0.28209479 -0.22568469 -0.043101937 -0.28363901 0.19197885 0.4772725
0.28209479 0.10872648 0.043101938 -0.18838133 0.36995304 0.46027748
0.28209479 3.7482909e-17 7.1585983e-18 -0.2820948 0.2013153 0.52705032
0.28209479 -0.11695821 7.2035066e-18 -0.31539157 -6.6510341e-17 0.53360687
0.28209479 0.29849288 0.11833016 -0.19916213 0.33855093 0.37484003
0.28209479 0.22568469 0.043101937 -0.28363901 0.19197885 0.4772725
0.28209479 0.11695821 -7.2035066e-18 -0.31539157 -6.6510341e-17 0.53360687
0.28209479 1.0529013e-16 -1.8741454e-17 -0.28633421 -0.18849936 0.52949794
