0.28209479 0 0 0.63078313 0 0 0 0 0 0 0.84628438 0 0 0 0
0.28209479 0 0 -0.12615664 -0.43701936 0.43701938 0 0 0 0 -0.16925685 0.42818981 0.15138791 -0.56644184 0.40053489
0.28209479 0.25687355 -0.41563011 -0.12615664 -0.13504641 -0.35355611 -0.38093131 0.33294616 0.088983581 0.4072327 -0.16925685 0.13231793 -0.12247539 0.45826108 0.12377209
0.28209479 -0.41563013 -0.25687353 -0.12615664 0.35355609 0.13504642 -0.2354285 -0.5387182 -0.14397846 0.25168365 -0.16925685 -0.34641283 0.046781437 -0.17504016 -0.32403953
0.28209479 0.41563013 0.25687353 -0.12615664 0.35355609 0.13504642 0.2354285 0.5387182 0.14397846 -0.25168365 -0.16925685 -0.34641283 0.046781437 -0.17504016 -0.32403953
0.28209479 -0.25687355 0.41563011 -0.12615664 -0.13504641 -0.35355611 0.38093131 -0.33294616 -0.088983581 -0.4072327 -0.16925685 0.13231793 -0.12247539 0.45826108 0.12377209
0.28209479 0.41563013 0.25687353 -0.12615664 0.35355609 0.13504642 0.2354285 0.5387182 0.14397846 -0.25168365 -0.16925685 -0.34641283 0.046781437 -0.17504016 -0.32403953
0.28209479 -0.25687355 0.41563011 -0.12615664 -0.13504641 -0.35355611 0.38093131 -0.33294616 -0.088983581 -0.4072327 -0.16925685 0.13231793 -0.12247539 0.45826108 0.12377209
0.28209479 -1.0703888e-16 5.3519436e-17 -0.12615664 -0.43701936 0.43701938 -1.9620551e-16 2.0810736e-16 -3.7079344e-17 -5.2438127e-17 -0.16925685 0.42818981 0.15138791 -0.56644184 0.40053489
0.28209479 0.25687355 -0.41563011 -0.12615664 -0.13504641 -0.35355611 -0.38093131 0.33294616 0.088983581 0.4072327 -0.16925685 0.13231793 -0.12247539 0.45826108 0.12377209
0.28209479 -0.41563013 -0.25687353 -0.12615664 0.35355609 0.13504642 -0.2354285 -0.5387182 -0.14397846 0.25168365 -0.16925685 -0.34641283 0.046781437 -0.17504016 -0.32403953
0.28209479 0 0 0.63078313 0 0 0 0 0 0 0.84628438 0 0 0 0
0.28209479 0 0 -0.012408809 -0.50973989 0.37134704 0 0 0 0 -0.3192248 0.2367568 0.39927116 -0.5614131 0.2892004
0.28209479 0.21827231 -0.48479144 -0.012408809 -0.15751829 -0.30042607 -0.27504592 0.32999034 0.2346857 0.2251691 -0.3192248 0.073161875 -0.32301715 0.45419274 0.089367838
0.28209479 0 0 0.13206505 -0.54547191 0.28793502 0 0 0 0 -0.35541414 -0.10367631 0.57611375 -0.4658229 0.17387131
0.28209479 0.16924396 -0.51877462 0.13206505 -0.16856009 -0.23294432 -0.16536144 0.27380383 0.33863116 -0.098602035 -0.35541414 -0.032037743 -0.46608581 0.37685864 0.05372919
0.28209479 0 0 0.29185291 -0.52384922 0.19568146 0 0 0 0 -0.19437157 -0.47878759 0.59186075 -0.30402544 0.080304207
0.28209479 0.11501867 -0.49821022 0.29185291 -0.16187831 -0.15830962 -0.076373839 0.17870167 0.34788702 -0.45535405 -0.19437157 -0.1479535 -0.47882541 0.24596175 0.024815365
0.28209479 0 0 0.44013488 -0.43823859 0.11007082 0 0 0 0 0.14399969 -0.69494358 0.43749427 -0.14306611 0.025408753
0.28209479 0.064698004 -0.41678967 0.44013488 -0.13542317 -0.089049163 -0.02416516 0.084092149 0.25715268 -0.66093062 0.14399969 -0.21474938 -0.3539403 0.11574291 0.0078517365
0.28209479 0 0 0.55098824 -0.30360651 0.046069603 0 0 0 0 0.51576386 -0.63392496 0.21583164 -0.041483892 0.0044511056
0.28209479 0.027079033 -0.28874695 0.55098824 -0.093819571 -0.037271092 -0.0042332529 0.02438362 0.12686266 -0.60289847 0.51576386 -0.19589359 -0.17461147 0.033561174 0.0013754673
0.28209479 0 0 0.61291669 -0.14870806 0.010315196 0 0 0 0 0.76770338 -0.35222197 0.052418538 -0.0045495238 0.00022314846
0.28209479 0.029537792 -0.14870629 0.57698932 -0.20467665 0.0095974103 0.0011890525 -0.022163719 0.1433024 -0.32801322 0.61767899 -0.45147146 0.046561773 0.0072014288 -0.0016365904
0.28209479 0.0060631198 -0.14142977 0.61291669 -0.045953319 -0.0083451685 -0.00021222679 0.002674143 0.030810843 -0.334983 0.76770338 -0.10884257 -0.042407488 0.003680642 6.8956665e-05
0.28209479 0.057257777 -0.14809385 0.48997021 -0.35954879 0.057714582 0.013860822 -0.086408436 0.24586252 -0.26827829 0.29855418 -0.65133788 0.24782403 -0.036396372 0.00011014464
0.28209479 0.080246295 -0.2961877 0.48997021 -0.25195231 -0.013036801 -0.0043879834 -0.048512643 0.34457427 -0.53655658 0.29855418 -0.45642229 -0.055979483 0.080234888 -0.013148389
0.28209479 0.084853769 -0.13729628 0.35398376 -0.47769582 0.13542206 0.048198055 -0.17536444 0.29042799 -0.16413236 -0.074729469 -0.57106678 0.4635075 -0.15731174 0.023360607
0.28209479 0.13901051 -0.28428831 0.37761913 -0.39128929 0.045167254 0.026335423 -0.1994077 0.49684038 -0.37029696 -0.020832485 -0.50967004 0.16143323 0.064791488 -0.0362476
0.28209479 0.14824723 -0.41188883 0.35398376 -0.27819264 -0.059682958 -0.037111276 -0.049407291 0.50740405 -0.49239709 -0.074729469 -0.33256849 -0.20427615 0.2303445 -0.03862025
0.28209479 0.10685271 -0.11744249 0.19109448 -0.53210477 0.23027056 0.10320315 -0.2488387 0.25420798 -0.053729672 -0.3205193 -0.24343671 0.54782525 -0.32618485 0.087258084
0.28209479 0.19210781 -0.25147238 0.22686212 -0.47832888 0.13220686 0.10652902 -0.3711419 0.50105844 -0.15579759 -0.28535264 -0.29634462 0.34482389 -0.04427633 -0.04074171
0.28209479 0.23312772 -0.37720856 0.22686212 -0.3869762 0.0059605424 0.0058283906 -0.27423513 0.60804719 -0.23369638 -0.28535264 -0.23974783 0.015546375 0.25397204 -0.113905
0.28209479 0.2217953 -0.46976998 0.19109448 -0.27612386 -0.12348635 -0.1148789 -0.0095880949 0.52766218 -0.21491869 -0.3205193 -0.12632604 -0.29378024 0.4101528 -0.071187794
0.28209479 0.11979725 -0.092922877 0.033055541 -0.51871695 0.32363772 0.16262037 -0.27349653 0.16370159 0.024019771 -0.34922976 0.13408391 0.44224728 -0.46488568 0.18956551
0.28209479 0.22903111 -0.20423363 0.067531457 -0.49584742 0.23085833 0.22177315 -0.47665743 0.36355876 0.020893038 -0.3605846 0.050725041 0.36645924 -0.20077439 0.0017623143
0.28209479 0.3021064 -0.31679863 0.080591179 -0.43603591 0.098160321 0.12438409 -0.48292368 0.50483531 0.013664519 -0.36231843 0.018807598 0.16403094 0.15691141 -0.17120002
0.28209479 0.32098518 -0.40846726 0.067531457 -0.34746301 -0.052147203 -0.070207733 -0.26761173 0.50952455 0.041786077 -0.3605846 0.03554536 -0.082777281 0.4426021 -0.21037422
0.28209479 0.28714749 -0.46461438 0.033055541 -0.24866726 -0.19141336 -0.23053997 0.05198961 0.39238379 0.12009885 -0.34922976 0.064278365 -0.26156419 0.53685764 -0.096082198
0.28209479 0.12378713 -0.068672334 -0.096527664 -0.45555118 0.40125272 0.20833509 -0.24897497 0.066380112 0.058066789 -0.21862812 0.38519725 0.21516939 -0.51692486 0.3055205
0.28209479 0.24615301 -0.15335178 -0.071019731 -0.45293602 0.32184538 0.33229314 -0.47705369 0.17222696 0.11194686 -0.25531583 0.33064346 0.22518696 -0.32039647 0.090165029
0.28209479 0.34385419 -0.24426165 -0.05589814 -0.42180795 0.19733564 0.2846091 -0.57313296 0.27390015 0.16157727 -0.27452408 0.27902284 0.15718948 0.0022322757 -0.16629577
0.28209479 0.39417486 -0.3256822 -0.05589814 -0.36265246 0.042464539 0.070207625 -0.4649864 0.31398353 0.21543637 -0.27452408 0.23989192 0.03382551 0.33507315 -0.32206756
0.28209479 0.38831794 -0.38337944 -0.071019731 -0.28581113 -0.11569327 -0.18843627 -0.19762022 0.27169611 0.27986714 -0.25531583 0.20864224 -0.080947616 0.53961131 -0.28816703
0.28209479 0.33599632 -0.412034 -0.096527664 -0.20608433 -0.25186002 -0.35494634 0.10241583 0.18017603 0.34840073 -0.21862812 0.17425729 -0.13505844 0.56454481 -0.10372742
0.28209479 -0.35317202 -0.29961759 -0.012408809 0.41238823 0.11475255 -0.16998773 -0.53393558 -0.37972943 0.13916216 -0.3192248 -0.19154028 0.12338157 -0.17348619 -0.23396804
0.28209479 -0.27384248 -0.32062034 0.13206505 0.44129605 0.088976814 -0.10219899 -0.4430239 -0.54791673 -0.060939409 -0.35541414 0.083875901 0.17802894 -0.14394719 -0.14066485
0.28209479 -0.18610412 -0.30791085 0.29185291 0.42380292 0.060468895 -0.047201628 -0.28914538 -0.56289302 -0.28142428 -0.19437157 0.38734729 0.18289503 -0.093949028 -0.064967468
0.28209479 -0.10468357 -0.25759018 0.44013488 0.35454247 0.034013754 -0.01493489 -0.13606396 -0.41608178 -0.40847759 0.14399969 0.56222117 0.13519316 -0.044209859 -0.020556113
0.28209479 -0.043814796 -0.17845543 0.55098824 0.24562282 0.01423629 -0.0026162942 -0.039453526 -0.20526809 -0.37261175 0.51576386 0.51285607 0.066695645 -0.012819228 -0.00360102
0.28209479 -0.018255359 -0.24061184 0.57698932 0.078179524 -0.025126346 0.0019239274 0.013697932 -0.088565754 -0.53073653 0.61767899 0.17244675 -0.1219003 -0.018853585 0.0006251219
0.28209479 -0.0098103339 -0.087408407 0.61291669 0.12030735 0.0031875707 -0.00013116337 -0.0043268542 -0.049852992 -0.20703088 0.76770338 0.28495356 0.016198219 -0.0014058802 -0.00018053089
0.28209479 -0.012398734 -0.38771474 0.48997021 0.029738936 -0.080347355 0.0041784758 0.091299144 -0.053239653 -0.70236168 0.29855418 0.053873343 -0.34500822 -0.021344321 0.013216462
0.28209479 -0.072583456 -0.33114792 0.48997021 0.2038337 -0.036620595 0.011148899 -0.0079133318 -0.31167035 -0.59988849 0.29855418 0.36925339 -0.15724732 -0.093426404 -0.0082362957
0.28209479 0.010950952 -0.4967426 0.35398376 -0.017039605 -0.15943455 -0.0073232396 0.23433833 0.037481693 -0.59383647 -0.074729469 -0.020370185 -0.54569473 0.024191239 0.053057899
0.28209479 -0.085913223 -0.45998814 0.37761913 0.14945921 -0.11824941 0.042611609 0.12324073 -0.30706424 -0.59915307 -0.020832485 0.19467663 -0.42263767 -0.16962632 0.013845351
0.28209479 -0.15501529 -0.39185758 0.35398376 0.30576331 -0.03885301 0.025262025 -0.095421761 -0.53056901 -0.4684505 -0.074729469 0.36552814 -0.13298174 -0.21539349 -0.047229234
0.28209479 0.04890398 -0.54235343 0.19109448 -0.052734966 -0.24909925 -0.051095844 0.39304138 0.11634503 -0.24812545 -0.3205193 -0.024126126 -0.59261964 0.11762537 0.12511626
0.28209479 -0.07770924 -0.53262704 0.22686212 0.091352688 -0.21987573 0.071666947 0.32628508 -0.2026824 -0.32998458 -0.28535264 0.056596786 -0.57348315 -0.18233143 0.08872524
0.28209479 -0.18510077 -0.48460009 0.22686212 0.23916444 -0.14185122 0.11013117 0.072579862 -0.48278258 -0.30022989 -0.28535264 0.14817231 -0.36997845 -0.36665906 -0.029655452
0.28209479 -0.25201963 -0.40777631 0.19109448 0.36145083 -0.030465453 0.032204084 -0.23332484 -0.59956736 -0.18655673 -0.3205193 0.16536293 -0.072478844 -0.33745633 -0.13125456
0.28209479 0.093311468 -0.52204388 0.033055541 -0.071917444 -0.33224348 -0.13003505 0.49451628 0.12750906 0.13494389 -0.34922976 0.018590046 -0.45400694 0.21534319 0.21324012
0.28209479 -0.049594938 -0.53469059 0.067531457 0.041012445 -0.32138942 0.066855612 0.50363618 -0.078725873 0.054698684 -0.3605846 -0.0041955606 -0.51016623 -0.11774231 0.21146339
0.28209479 -0.18671203 -0.51259096 0.080591179 0.1665509 -0.25698706 0.20125769 0.29846325 -0.31200538 0.022109657 -0.36231843 -0.007183863 -0.42943856 -0.41079942 0.065392589
0.28209479 -0.29033382 -0.45668028 0.067531457 0.28110348 -0.14648238 0.17838239 -0.043652548 -0.46086929 0.046718254 -0.3605846 -0.0287568 -0.23252279 -0.51537085 -0.13178073
0.28209479 -0.34481715 -0.38007036 0.033055541 0.36503213 -0.0139244 0.020138833 -0.35761748 -0.47118873 0.098244945 -0.34922976 -0.094357691 -0.019027535 -0.40376823 -0.24894757
0.28209479 0.13570454 -0.45447584 -0.096527664 -0.075461787 -0.39738052 -0.22618818 0.50526579 0.072770755 0.38428798 -0.21862812 0.063807699 -0.21309294 0.27185718 0.29254947
0.28209479 -0.0099660046 -0.47815606 -0.071019731 0.0058812811 -0.40506349 0.01693219 0.57426886 -0.006972958 0.3490541 -0.25531583 -0.0042933374 -0.28341254 -0.021198935 0.34389209
0.28209479 -0.16219291 -0.4766442 -0.05589814 0.10196081 -0.3617603 0.24610572 0.4623622 -0.12919622 0.31529661 -0.27452408 -0.067446321 -0.28816342 -0.33868505 0.21929112
0.28209479 -0.29393413 -0.44554432 -0.05589814 0.1976764 -0.2660447 0.3279998 0.17923084 -0.23413587 0.29472427 -0.27452408 -0.13076148 -0.2119203 -0.54439202 -0.032752931
0.28209479 -0.38215861 -0.39029331 -0.071019731 0.27629502 -0.13464974 0.21583313 -0.15729745 -0.26738658 0.28491426 -0.25531583 -0.20169547 -0.09421097 -0.55271297 -0.26826205
0.28209479 -0.41986634 -0.32332335 -0.096527664 0.32818406 0.0062653556 -0.011033816 -0.41468726 -0.22515083 0.27339028 -0.21862812 -0.27750032 0.0033597598 -0.39652783 -0.36962757
0.28209479 0.35317202 0.29961759 -0.012408809 0.41238823 0.11475255 0.16998773 0.53393558 0.37972943 -0.13916216 -0.3192248 -0.19154028 0.12338157 -0.17348619 -0.23396804
0.28209479 0.27384248 0.32062034 0.13206505 0.44129605 0.088976814 0.10219899 0.4430239 0.54791673 0.060939409 -0.35541414 0.083875901 0.17802894 -0.14394719 -0.14066485
0.28209479 0.18610412 0.30791085 0.29185291 0.42380292 0.060468895 0.047201628 0.28914538 0.56289302 0.28142428 -0.19437157 0.38734729 0.18289503 -0.093949028 -0.064967468
0.28209479 0.10468357 0.25759018 0.44013488 0.35454247 0.034013754 0.01493489 0.13606396 0.41608178 0.40847759 0.14399969 0.56222117 0.13519316 -0.044209859 -0.020556113
0.28209479 0.043814796 0.17845543 0.55098824 0.24562282 0.01423629 0.0026162942 0.039453526 0.20526809 0.37261175 0.51576386 0.51285607 0.066695645 -0.012819228 -0.00360102
0.28209479 -7.6069847e-18 -3.098286e-17 0.57698932 0.25299426 0.031057872 -9.9095331e-19 -8.5618658e-18 -3.6905236e-17 -6.8341343e-17 0.61767899 0.55804942 0.15067706 0.023304313 0.002022937
0.28209479 0.0098103339 0.087408407 0.61291669 0.12030735 0.0031875707 0.00013116337 0.0043268542 0.049852992 0.20703088 0.76770338 0.28495356 0.016198219 -0.0014058802 -0.00018053089
0.28209479 -0.037196203 -0.091527034 0.48997021 0.37792847 0.072290169 -0.011278382 -0.061316682 -0.15971896 -0.1658051 0.29855418 0.68463343 0.31041099 0.070932209 0.0080580779
0.28209479 0.037196203 0.091527034 0.48997021 0.37792847 0.072290169 0.011278382 0.061316682 0.15971896 0.1658051 0.29855418 0.68463343 0.31041099 0.070932209 0.0080580779
0.28209479 -0.10257278 -0.16970753 0.35398376 0.46716476 0.12254845 -0.052724066 -0.20380294 -0.35107464 -0.20287876 -0.074729469 0.55847731 0.41944512 0.11816949 0.0094309779
0.28209479 -3.579993e-17 -5.9231286e-17 0.37761913 0.48366016 0.14616431 -2.1947874e-17 -7.7031384e-17 -1.2795328e-16 -7.7151134e-17 -0.020832485 0.62998682 0.52240889 0.20966966 0.044804497
0.28209479 0.10257278 0.16970753 0.35398376 0.46716476 0.12254845 0.052724066 0.20380294 0.35107464 0.20287876 -0.074729469 0.55847731 0.41944512 0.11816949 0.0094309779
0.28209479 -0.18598102 -0.21775036 0.19109448 0.49951276 0.17278049 -0.13478211 -0.38711561 -0.44245819 -0.099620291 -0.3205193 0.22852594 0.41105347 0.13586301 -0.0099319859
0.28209479 -0.066371615 -0.077709238 0.22686212 0.53478795 0.22355955 -0.062236413 -0.15679845 -0.17311143 -0.048144102 -0.28535264 0.33132336 0.58309134 0.33929478 0.095576924
0.28209479 0.066371615 0.077709238 0.22686212 0.53478795 0.22355955 0.062236413 0.15679845 0.17311143 0.048144102 -0.28535264 0.33132336 0.58309134 0.33929478 0.095576924
0.28209479 0.18598102 0.21775036 0.19109448 0.49951276 0.17278049 0.13478211 0.38711561 0.44245819 0.099620291 -0.3205193 0.22852594 0.41105347 0.13586301 -0.0099319859
0.28209479 -0.27077838 -0.22971798 0.033055541 0.47426952 0.21394351 -0.24298645 -0.52664763 -0.37001559 0.059380139 -0.34922976 -0.12259463 0.29235139 0.11645308 -0.057775861
0.28209479 -0.14878481 -0.12622333 0.067531457 0.52119451 0.28916067 -0.18045411 -0.33824304 -0.23617762 0.012912608 -0.3605846 -0.05331804 0.45900706 0.39128545 0.12892925
0.28209479 -7.7802661e-17 -6.6004792e-17 0.080591179 0.53897003 0.31765347 -1.0366139e-16 -1.8655388e-16 -1.3001224e-16 2.8469939e-18 -0.36231843 -0.023247469 0.53081526 0.507776 0.21161486
0.28209479 0.14878481 0.12622333 0.067531457 0.52119451 0.28916067 0.18045411 0.33824304 0.23617762 -0.012912608 -0.3605846 -0.05331804 0.45900706 0.39128545 0.12892925
0.28209479 0.27077838 0.22971798 0.033055541 0.47426952 0.21394351 0.24298645 0.52664763 0.37001559 -0.059380139 -0.34922976 -0.12259463 0.29235139 0.11645308 -0.057775861
0.28209479 -0.34336169 -0.21220918 -0.096527664 0.40891323 0.24172246 -0.34812707 -0.56856225 -0.18412567 0.17943624 -0.21862812 -0.34576192 0.12962224 0.077050697 -0.12471498
0.28209479 -0.23002768 -0.14216492 -0.071019731 0.45657085 0.33356112 -0.32182847 -0.45213284 -0.16094447 0.10378044 -0.25531583 -0.33329689 0.23338417 0.35469706 0.12237197
0.28209479 -0.081420554 -0.050320667 -0.05589814 0.48482319 0.38800483 -0.1325074 -0.1749848 -0.064856275 0.033286749 -0.27452408 -0.32070696 0.30906874 0.54577164 0.30182514
0.28209479 0.081420554 0.050320667 -0.05589814 0.48482319 0.38800483 0.1325074 0.1749848 0.064856275 -0.033286749 -0.27452408 -0.32070696 0.30906874 0.54577164 0.30182514
0.28209479 0.23002768 0.14216492 -0.071019731 0.45657085 0.33356112 0.32182847 0.45213284 0.16094447 -0.10378044 -0.25531583 -0.33329689 0.23338417 0.35469706 0.12237197
0.28209479 0.34336169 0.21220918 -0.096527664 0.40891323 0.24172246 0.34812707 0.56856225 0.18412567 -0.17943624 -0.21862812 -0.34576192 0.12962224 0.077050697 -0.12471498
0.28209479 -0.21827231 0.48479144 -0.012408809 -0.15751829 -0.30042607 0.27504592 -0.32999034 -0.2346857 -0.2251691 -0.3192248 0.073161875 -0.32301715 0.45419274 0.089367838
0.28209479 -0.16924396 0.51877462 0.13206505 -0.16856009 -0.23294432 0.16536144 -0.27380383 -0.33863116 0.098602035 -0.35541414 -0.032037743 -0.46608581 0.37685864 0.05372919
0.28209479 -0.11501867 0.49821022 0.29185291 -0.16187831 -0.15830962 0.076373839 -0.17870167 -0.34788702 0.45535405 -0.19437157 -0.1479535 -0.47882541 0.24596175 0.024815365
0.28209479 -0.064698004 0.41678967 0.44013488 -0.13542317 -0.089049163 0.02416516 -0.084092149 -0.25715268 0.66093062 0.14399969 -0.21474938 -0.3539403 0.11574291 0.0078517365
0.28209479 -0.027079033 0.28874695 0.55098824 -0.093819571 -0.037271092 0.0042332529 -0.02438362 -0.12686266 0.60289847 0.51576386 -0.19589359 -0.17461147 0.033561174 0.0013754673
0.28209479 0.018255359 0.24061184 0.57698932 0.078179524 -0.025126346 -0.0019239274 -0.013697932 0.088565754 0.53073653 0.61767899 0.17244675 -0.1219003 -0.018853585 0.0006251219
0.28209479 -0.0060631198 0.14142977 0.61291669 -0.045953319 -0.0083451685 0.00021222679 -0.002674143 -0.030810843 0.334983 0.76770338 -0.10884257 -0.042407488 0.003680642 6.8956665e-05
0.28209479 0.072583456 0.33114792 0.48997021 0.2038337 -0.036620595 -0.011148899 0.0079133318 0.31167035 0.59988849 0.29855418 0.36925339 -0.15724732 -0.093426404 -0.0082362957
0.28209479 0.012398734 0.38771474 0.48997021 0.029738936 -0.080347355 -0.0041784758 -0.091299144 0.053239653 0.70236168 0.29855418 0.053873343 -0.34500822 -0.021344321 0.013216462
0.28209479 0.15501529 0.39185758 0.35398376 0.30576331 -0.03885301 -0.025262025 0.095421761 0.53056901 0.4684505 -0.074729469 0.36552814 -0.13298174 -0.21539349 -0.047229234
0.28209479 0.085913223 0.45998814 0.37761913 0.14945921 -0.11824941 -0.042611609 -0.12324073 0.30706424 0.59915307 -0.020832485 0.19467663 -0.42263767 -0.16962632 0.013845351
0.28209479 -0.010950952 0.4967426 0.35398376 -0.017039605 -0.15943455 0.0073232396 -0.23433833 -0.037481693 0.59383647 -0.074729469 -0.020370185 -0.54569473 0.024191239 0.053057899
0.28209479 0.25201963 0.40777631 0.19109448 0.36145083 -0.030465453 -0.032204084 0.23332484 0.59956736 0.18655673 -0.3205193 0.16536293 -0.072478844 -0.33745633 -0.13125456
0.28209479 0.18510077 0.48460009 0.22686212 0.23916444 -0.14185122 -0.11013117 -0.072579862 0.48278258 0.30022989 -0.28535264 0.14817231 -0.36997845 -0.36665906 -0.029655452
0.28209479 0.07770924 0.53262704 0.22686212 0.091352688 -0.21987573 -0.071666947 -0.32628508 0.2026824 0.32998458 -0.28535264 0.056596786 -0.57348315 -0.18233143 0.08872524
0.28209479 -0.04890398 0.54235343 0.19109448 -0.052734966 -0.24909925 0.051095844 -0.39304138 -0.11634503 0.24812545 -0.3205193 -0.024126126 -0.59261964 0.11762537 0.12511626
0.28209479 0.34481715 0.38007036 0.033055541 0.36503213 -0.0139244 -0.020138833 0.35761748 0.47118873 -0.098244945 -0.34922976 -0.094357691 -0.019027535 -0.40376823 -0.24894757
0.28209479 0.29033382 0.45668028 0.067531457 0.28110348 -0.14648238 -0.17838239 0.043652548 0.46086929 -0.046718254 -0.3605846 -0.0287568 -0.23252279 -0.51537085 -0.13178073
0.28209479 0.18671203 0.51259096 0.080591179 0.1665509 -0.25698706 -0.20125769 -0.29846325 0.31200538 -0.022109657 -0.36231843 -0.007183863 -0.42943856 -0.41079942 0.065392589
0.28209479 0.049594938 0.53469059 0.067531457 0.041012445 -0.32138942 -0.066855612 -0.50363618 0.078725873 -0.054698684 -0.3605846 -0.0041955606 -0.51016623 -0.11774231 0.21146339
0.28209479 -0.093311468 0.52204388 0.033055541 -0.071917444 -0.33224348 0.13003505 -0.49451628 -0.12750906 -0.13494389 -0.34922976 0.018590046 -0.45400694 0.21534319 0.21324012
0.28209479 0.41986634 0.32332335 -0.096527664 0.32818406 0.0062653556 0.011033816 0.41468726 0.22515083 -0.27339028 -0.21862812 -0.27750032 0.0033597598 -0.39652783 -0.36962757
0.28209479 0.38215861 0.39029331 -0.071019731 0.27629502 -0.13464974 -0.21583313 0.15729745 0.26738658 -0.28491426 -0.25531583 -0.20169547 -0.09421097 -0.55271297 -0.26826205
0.28209479 0.29393413 0.44554432 -0.05589814 0.1976764 -0.2660447 -0.3279998 -0.17923084 0.23413587 -0.29472427 -0.27452408 -0.13076148 -0.2119203 -0.54439202 -0.032752931
0.28209479 0.16219291 0.4766442 -0.05589814 0.10196081 -0.3617603 -0.24610572 -0.4623622 0.12919622 -0.31529661 -0.27452408 -0.067446321 -0.28816342 -0.33868505 0.21929112
0.28209479 0.0099660046 0.47815606 -0.071019731 0.0058812811 -0.40506349 -0.01693219 -0.57426886 0.006972958 -0.3490541 -0.25531583 -0.0042933374 -0.28341254 -0.021198935 0.34389209
0.28209479 -0.13570454 0.45447584 -0.096527664 -0.075461787 -0.39738052 0.22618818 -0.50526579 -0.072770755 -0.38428798 -0.21862812 0.063807699 -0.21309294 0.27185718 0.29254947
0.28209479 -0.029537792 0.14870629 0.57698932 -0.20467665 0.0095974103 -0.0011890525 0.022163719 -0.1433024 0.32801322 0.61767899 -0.45147146 0.046561773 0.0072014288 -0.0016365904
0.28209479 -0.080246295 0.2961877 0.48997021 -0.25195231 -0.013036801 0.0043879834 0.048512643 -0.34457427 0.53655658 0.29855418 -0.45642229 -0.055979483 0.080234888 -0.013148389
0.28209479 -0.057257777 0.14809385 0.48997021 -0.35954879 0.057714582 -0.013860822 0.086408436 -0.24586252 0.26827829 0.29855418 -0.65133788 0.24782403 -0.036396372 0.00011014464
0.28209479 -0.14824723 0.41188883 0.35398376 -0.27819264 -0.059682958 0.037111276 0.049407291 -0.50740405 0.49239709 -0.074729469 -0.33256849 -0.20427615 0.2303445 -0.03862025
0.28209479 -0.13901051 0.28428831 0.37761913 -0.39128929 0.045167254 -0.026335423 0.1994077 -0.49684038 0.37029696 -0.020832485 -0.50967004 0.16143323 0.064791488 -0.0362476
0.28209479 -0.084853769 0.13729628 0.35398376 -0.47769582 0.13542206 -0.048198055 0.17536444 -0.29042799 0.16413236 -0.074729469 -0.57106678 0.4635075 -0.15731174 0.023360607
0.28209479 -0.2217953 0.46976998 0.19109448 -0.27612386 -0.12348635 0.1148789 0.0095880949 -0.52766218 0.21491869 -0.3205193 -0.12632604 -0.29378024 0.4101528 -0.071187794
0.28209479 -0.23312772 0.37720856 0.22686212 -0.3869762 0.0059605424 -0.0058283906 0.27423513 -0.60804719 0.23369638 -0.28535264 -0.23974783 0.015546375 0.25397204 -0.113905
0.28209479 -0.19210781 0.25147238 0.22686212 -0.47832888 0.13220686 -0.10652902 0.3711419 -0.50105844 0.15579759 -0.28535264 -0.29634462 0.34482389 -0.04427633 -0.04074171
0.28209479 -0.10685271 0.11744249 0.19109448 -0.53210477 0.23027056 -0.10320315 0.2488387 -0.25420798 0.053729672 -0.3205193 -0.24343671 0.54782525 -0.32618485 0.087258084
0.28209479 -0.28714749 0.46461438 0.033055541 -0.24866726 -0.19141336 0.23053997 -0.05198961 -0.39238379 -0.12009885 -0.34922976 0.064278365 -0.26156419 0.53685764 -0.096082198
0.28209479 -0.32098518 0.40846726 0.067531457 -0.34746301 -0.052147203 0.070207733 0.26761173 -0.50952455 -0.041786077 -0.3605846 0.03554536 -0.082777281 0.4426021 -0.21037422
0.28209479 -0.3021064 0.31679863 0.080591179 -0.43603591 0.098160321 -0.12438409 0.48292368 -0.50483531 -0.013664519 -0.36231843 0.018807598 0.16403094 0.15691141 -0.17120002
0.28209479 -0.22903111 0.20423363 0.067531457 -0.49584742 0.23085833 -0.22177315 0.47665743 -0.36355876 -0.020893038 -0.3605846 0.050725041 0.36645924 -0.20077439 0.0017623143
0.28209479 -0.11979725 0.092922877 0.033055541 -0.51871695 0.32363772 -0.16262037 0.27349653 -0.16370159 -0.024019771 -0.34922976 0.13408391 0.44224728 -0.46488568 0.18956551
0.28209479 -0.33599632 0.412034 -0.096527664 -0.20608433 -0.25186002 0.35494634 -0.10241583 -0.18017603 -0.34840073 -0.21862812 0.17425729 -0.13505844 0.56454481 -0.10372742
0.28209479 -0.38831794 0.38337944 -0.071019731 -0.28581113 -0.11569327 0.18843627 0.19762022 -0.27169611 -0.27986714 -0.25531583 0.20864224 -0.080947616 0.53961131 -0.28816703
0.28209479 -0.39417486 0.3256822 -0.05589814 -0.36265246 0.042464539 -0.070207625 0.4649864 -0.31398353 -0.21543637 -0.27452408 0.23989192 0.03382551 0.33507315 -0.32206756
0.28209479 -0.34385419 0.24426165 -0.05589814 -0.42180795 0.19733564 -0.2846091 0.57313296 -0.27390015 -0.16157727 -0.27452408 0.27902284 0.15718948 0.0022322757 -0.16629577
0.28209479 -0.24615301 0.15335178 -0.071019731 -0.45293602 0.32184538 -0.33229314 0.47705369 -0.17222696 -0.11194686 -0.25531583 0.33064346 0.22518696 -0.32039647 0.090165029
0.28209479 -0.12378713 0.068672334 -0.096527664 -0.45555118 0.40125272 -0.20833509 0.24897497 -0.066380112 -0.058066789 -0.21862812 0.38519725 0.21516939 -0.51692486 0.3055205
0.28209479 -0.21827231 0.48479144 -0.012408809 -0.15751829 -0.30042607 0.27504592 -0.32999034 -0.2346857 -0.2251691 -0.3192248 0.073161875 -0.32301715 0.45419274 0.089367838
0.28209479 0.35317202 0.29961759 -0.012408809 0.41238823 0.11475255 0.16998773 0.53393558 0.37972943 -0.13916216 -0.3192248 -0.19154028 0.12338157 -0.17348619 -0.23396804
0.28209479 -0.16924396 0.51877462 0.13206505 -0.16856009 -0.23294432 0.16536144 -0.27380383 -0.33863116 0.098602035 -0.35541414 -0.032037743 -0.46608581 0.37685864 0.05372919
0.28209479 0.27384248 0.32062034 0.13206505 0.44129605 0.088976814 0.10219899 0.4430239 0.54791673 0.060939409 -0.35541414 0.083875901 0.17802894 -0.14394719 -0.14066485
0.28209479 -0.11501867 0.49821022 0.29185291 -0.16187831 -0.15830962 0.076373839 -0.17870167 -0.34788702 0.45535405 -0.19437157 -0.1479535 -0.47882541 0.24596175 0.024815365
0.28209479 0.18610412 0.30791085 0.29185291 0.42380292 0.060468895 0.047201628 0.28914538 0.56289302 0.28142428 -0.19437157 0.38734729 0.18289503 -0.093949028 -0.064967468
0.28209479 -0.064698004 0.41678967 0.44013488 -0.13542317 -0.089049163 0.02416516 -0.084092149 -0.25715268 0.66093062 0.14399969 -0.21474938 -0.3539403 0.11574291 0.0078517365
0.28209479 0.10468357 0.25759018 0.44013488 0.35454247 0.034013754 0.01493489 0.13606396 0.41608178 0.40847759 0.14399969 0.56222117 0.13519316 -0.044209859 -0.020556113
0.28209479 -0.027079033 0.28874695 0.55098824 -0.093819571 -0.037271092 0.0042332529 -0.02438362 -0.12686266 0.60289847 0.51576386 -0.19589359 -0.17461147 0.033561174 0.0013754673
0.28209479 0.043814796 0.17845543 0.55098824 0.24562282 0.01423629 0.0026162942 0.039453526 0.20526809 0.37261175 0.51576386 0.51285607 0.066695645 -0.012819228 -0.00360102
0.28209479 -0.0060631198 0.14142977 0.61291669 -0.045953319 -0.0083451685 0.00021222679 -0.002674143 -0.030810843 0.334983 0.76770338 -0.10884257 -0.042407488 0.003680642 6.8956665e-05
0.28209479 0.018255359 0.24061184 0.57698932 0.078179524 -0.025126346 -0.0019239274 -0.013697932 0.088565754 0.53073653 0.61767899 0.17244675 -0.1219003 -0.018853585 0.0006251219
0.28209479 0.0098103339 0.087408407 0.61291669 0.12030735 0.0031875707 0.00013116337 0.0043268542 0.049852992 0.20703088 0.76770338 0.28495356 0.016198219 -0.0014058802 -0.00018053089
0.28209479 0.012398734 0.38771474 0.48997021 0.029738936 -0.080347355 -0.0041784758 -0.091299144 0.053239653 0.70236168 0.29855418 0.053873343 -0.34500822 -0.021344321 0.013216462
0.28209479 0.072583456 0.33114792 0.48997021 0.2038337 -0.036620595 -0.011148899 0.0079133318 0.31167035 0.59988849 0.29855418 0.36925339 -0.15724732 -0.093426404 -0.0082362957
0.28209479 -0.010950952 0.4967426 0.35398376 -0.017039605 -0.15943455 0.0073232396 -0.23433833 -0.037481693 0.59383647 -0.074729469 -0.020370185 -0.54569473 0.024191239 0.053057899
0.28209479 0.085913223 0.45998814 0.37761913 0.14945921 -0.11824941 -0.042611609 -0.12324073 0.30706424 0.59915307 -0.020832485 0.19467663 -0.42263767 -0.16962632 0.013845351
0.28209479 0.15501529 0.39185758 0.35398376 0.30576331 -0.03885301 -0.025262025 0.095421761 0.53056901 0.4684505 -0.074729469 0.36552814 -0.13298174 -0.21539349 -0.047229234
0.28209479 -0.04890398 0.54235343 0.19109448 -0.052734966 -0.24909925 0.051095844 -0.39304138 -0.11634503 0.24812545 -0.3205193 -0.024126126 -0.59261964 0.11762537 0.12511626
0.28209479 0.07770924 0.53262704 0.22686212 0.091352688 -0.21987573 -0.071666947 -0.32628508 0.2026824 0.32998458 -0.28535264 0.056596786 -0.57348315 -0.18233143 0.08872524
0.28209479 0.18510077 0.48460009 0.22686212 0.23916444 -0.14185122 -0.11013117 -0.072579862 0.48278258 0.30022989 -0.28535264 0.14817231 -0.36997845 -0.36665906 -0.029655452
0.28209479 0.25201963 0.40777631 0.19109448 0.36145083 -0.030465453 -0.032204084 0.23332484 0.59956736 0.18655673 -0.3205193 0.16536293 -0.072478844 -0.33745633 -0.13125456
0.28209479 -0.093311468 0.52204388 0.033055541 -0.071917444 -0.33224348 0.13003505 -0.49451628 -0.12750906 -0.13494389 -0.34922976 0.018590046 -0.45400694 0.21534319 0.21324012
0.28209479 0.049594938 0.53469059 0.067531457 0.041012445 -0.32138942 -0.066855612 -0.50363618 0.078725873 -0.054698684 -0.3605846 -0.0041955606 -0.51016623 -0.11774231 0.21146339
0.28209479 0.18671203 0.51259096 0.080591179 0.1665509 -0.25698706 -0.20125769 -0.29846325 0.31200538 -0.022109657 -0.36231843 -0.007183863 -0.42943856 -0.41079942 0.065392589
0.28209479 0.29033382 0.45668028 0.067531457 0.28110348 -0.14648238 -0.17838239 0.043652548 0.46086929 -0.046718254 -0.3605846 -0.0287568 -0.23252279 -0.51537085 -0.13178073
0.28209479 0.34481715 0.38007036 0.033055541 0.36503213 -0.0139244 -0.020138833 0.35761748 0.47118873 -0.098244945 -0.34922976 -0.094357691 -0.019027535 -0.40376823 -0.24894757
0.28209479 -0.13570454 0.45447584 -0.096527664 -0.075461787 -0.39738052 0.22618818 -0.50526579 -0.072770755 -0.38428798 -0.21862812 0.063807699 -0.21309294 0.27185718 0.29254947
0.28209479 0.0099660046 0.47815606 -0.071019731 0.0058812811 -0.40506349 -0.01693219 -0.57426886 0.006972958 -0.3490541 -0.25531583 -0.0042933374 -0.28341254 -0.021198935 0.34389209
0.28209479 0.16219291 0.4766442 -0.05589814 0.10196081 -0.3617603 -0.24610572 -0.4623622 0.12919622 -0.31529661 -0.27452408 -0.067446321 -0.28816342 -0.33868505 0.21929112
0.28209479 0.29393413 0.44554432 -0.05589814 0.1976764 -0.2660447 -0.3279998 -0.17923084 0.23413587 -0.29472427 -0.27452408 -0.13076148 -0.2119203 -0.54439202 -0.032752931
0.28209479 0.38215861 0.39029331 -0.071019731 0.27629502 -0.13464974 -0.21583313 0.15729745 0.26738658 -0.28491426 -0.25531583 -0.20169547 -0.09421097 -0.55271297 -0.26826205
0.28209479 0.41986634 0.32332335 -0.096527664 0.32818406 0.0062653556 0.011033816 0.41468726 0.22515083 -0.27339028 -0.21862812 -0.27750032 0.0033597598 -0.39652783 -0.36962757
0.28209479 -9.0953793e-17 6.2425132e-17 -0.012408809 -0.50973989 0.37134704 -1.4166734e-16 2.0625983e-16 -9.7793228e-17 -2.8994346e-17 -0.3192248 0.2367568 0.39927116 -0.5614131 0.2892004
0.28209479 -7.052374e-17 6.6801043e-17 0.13206505 -0.54547191 0.28793502 -8.5172378e-17 1.7114056e-16 -1.4110717e-16 1.2696687e-17 -0.35541414 -0.10367631 0.57611375 -0.4658229 0.17387131
0.28209479 -4.7928134e-17 6.4153027e-17 0.29185291 -0.52384922 0.19568146 -3.9337716e-17 1.1169713e-16 -1.4496407e-16 5.8634569e-17 -0.19437157 -0.47878759 0.59186075 -0.30402544 0.080304207
0.28209479 -2.6959575e-17 5.3668748e-17 0.44013488 -0.43823859 0.11007082 -1.2446699e-17 5.2561636e-17 -1.0715519e-16 8.5106043e-17 0.14399969 -0.69494358 0.43749427 -0.14306611 0.025408753
0.28209479 -1.1283798e-17 3.7181074e-17 0.55098824 -0.30360651 0.046069603 -2.1804129e-18 1.5240935e-17 -5.2863506e-17 7.7633418e-17 0.51576386 -0.63392496 0.21583164 -0.041483892 0.0044511056
0.28209479 -2.5264942e-18 1.8211485e-17 0.61291669 -0.14870806 0.010315196 -1.0931122e-19 1.6714679e-18 -1.2838839e-17 4.3134751e-17 0.76770338 -0.35222197 0.052418538 -0.0045495238 0.00022314846
0.28209479 -0.029537792 0.14870629 0.57698932 -0.20467665 0.0095974103 -0.0011890525 0.022163719 -0.1433024 0.32801322 0.61767899 -0.45147146 0.046561773 0.0072014288 -0.0016365904
0.28209479 -0.057257777 0.14809385 0.48997021 -0.35954879 0.057714582 -0.013860822 0.086408436 -0.24586252 0.26827829 0.29855418 -0.65133788 0.24782403 -0.036396372 0.00011014464
0.28209479 -0.080246295 0.2961877 0.48997021 -0.25195231 -0.013036801 0.0043879834 0.048512643 -0.34457427 0.53655658 0.29855418 -0.45642229 -0.055979483 0.080234888 -0.013148389
0.28209479 -0.084853769 0.13729628 0.35398376 -0.47769582 0.13542206 -0.048198055 0.17536444 -0.29042799 0.16413236 -0.074729469 -0.57106678 0.4635075 -0.15731174 0.023360607
0.28209479 -0.13901051 0.28428831 0.37761913 -0.39128929 0.045167254 -0.026335423 0.1994077 -0.49684038 0.37029696 -0.020832485 -0.50967004 0.16143323 0.064791488 -0.0362476
0.28209479 -0.14824723 0.41188883 0.35398376 -0.27819264 -0.059682958 0.037111276 0.049407291 -0.50740405 0.49239709 -0.074729469 -0.33256849 -0.20427615 0.2303445 -0.03862025
0.28209479 -0.10685271 0.11744249 0.19109448 -0.53210477 0.23027056 -0.10320315 0.2488387 -0.25420798 0.053729672 -0.3205193 -0.24343671 0.54782525 -0.32618485 0.087258084
0.28209479 -0.19210781 0.25147238 0.22686212 -0.47832888 0.13220686 -0.10652902 0.3711419 -0.50105844 0.15579759 -0.28535264 -0.29634462 0.34482389 -0.04427633 -0.04074171
0.28209479 -0.23312772 0.37720856 0.22686212 -0.3869762 0.0059605424 -0.0058283906 0.27423513 -0.60804719 0.23369638 -0.28535264 -0.23974783 0.015546375 0.25397204 -0.113905
0.28209479 -0.2217953 0.46976998 0.19109448 -0.27612386 -0.12348635 0.1148789 0.0095880949 -0.52766218 0.21491869 -0.3205193 -0.12632604 -0.29378024 0.4101528 -0.071187794
0.28209479 -0.11979725 0.092922877 0.033055541 -0.51871695 0.32363772 -0.16262037 0.27349653 -0.16370159 -0.024019771 -0.34922976 0.13408391 0.44224728 -0.46488568 0.18956551
0.28209479 -0.22903111 0.20423363 0.067531457 -0.49584742 0.23085833 -0.22177315 0.47665743 -0.36355876 -0.020893038 -0.3605846 0.050725041 0.36645924 -0.20077439 0.0017623143
0.28209479 -0.3021064 0.31679863 0.080591179 -0.43603591 0.098160321 -0.12438409 0.48292368 -0.50483531 -0.013664519 -0.36231843 0.018807598 0.16403094 0.15691141 -0.17120002
0.28209479 -0.32098518 0.40846726 0.067531457 -0.34746301 -0.052147203 0.070207733 0.26761173 -0.50952455 -0.041786077 -0.3605846 0.03554536 -0.082777281 0.4426021 -0.21037422
0.28209479 -0.28714749 0.46461438 0.033055541 -0.24866726 -0.19141336 0.23053997 -0.05198961 -0.39238379 -0.12009885 -0.34922976 0.064278365 -0.26156419 0.53685764 -0.096082198
0.28209479 -0.12378713 0.068672334 -0.096527664 -0.45555118 0.40125272 -0.20833509 0.24897497 -0.066380112 -0.058066789 -0.21862812 0.38519725 0.21516939 -0.51692486 0.3055205
0.28209479 -0.24615301 0.15335178 -0.071019731 -0.45293602 0.32184538 -0.33229314 0.47705369 -0.17222696 -0.11194686 -0.25531583 0.33064346 0.22518696 -0.32039647 0.090165029
0.28209479 -0.34385419 0.24426165 -0.05589814 -0.42180795 0.19733564 -0.2846091 0.57313296 -0.27390015 -0.16157727 -0.27452408 0.27902284 0.15718948 0.0022322757 -0.16629577
0.28209479 -0.39417486 0.3256822 -0.05589814 -0.36265246 0.042464539 -0.070207625 0.4649864 -0.31398353 -0.21543637 -0.27452408 0.23989192 0.03382551 0.33507315 -0.32206756
0.28209479 -0.38831794 0.38337944 -0.071019731 -0.28581113 -0.11569327 0.18843627 0.19762022 -0.27169611 -0.27986714 -0.25531583 0.20864224 -0.080947616 0.53961131 -0.28816703
0.28209479 -0.33599632 0.412034 -0.096527664 -0.20608433 -0.25186002 0.35494634 -0.10241583 -0.18017603 -0.34840073 -0.21862812 0.17425729 -0.13505844 0.56454481 -0.10372742
0.28209479 0.21827231 -0.48479144 -0.012408809 -0.15751829 -0.30042607 -0.27504592 0.32999034 0.2346857 0.2251691 -0.3192248 0.073161875 -0.32301715 0.45419274 0.089367838
0.28209479 0.16924396 -0.51877462 0.13206505 -0.16856009 -0.23294432 -0.16536144 0.27380383 0.33863116 -0.098602035 -0.35541414 -0.032037743 -0.46608581 0.37685864 0.05372919
0.28209479 0.11501867 -0.49821022 0.29185291 -0.16187831 -0.15830962 -0.076373839 0.17870167 0.34788702 -0.45535405 -0.19437157 -0.1479535 -0.47882541 0.24596175 0.024815365
0.28209479 0.064698004 -0.41678967 0.44013488 -0.13542317 -0.089049163 -0.02416516 0.084092149 0.25715268 -0.66093062 0.14399969 -0.21474938 -0.3539403 0.11574291 0.0078517365
0.28209479 0.027079033 -0.28874695 0.55098824 -0.093819571 -0.037271092 -0.0042332529 0.02438362 0.12686266 -0.60289847 0.51576386 -0.19589359 -0.17461147 0.033561174 0.0013754673
0.28209479 0.0060631198 -0.14142977 0.61291669 -0.045953319 -0.0083451685 -0.00021222679 0.002674143 0.030810843 -0.334983 0.76770338 -0.10884257 -0.042407488 0.003680642 6.8956665e-05
0.28209479 0.029537792 -0.14870629 0.57698932 -0.20467665 0.0095974103 0.0011890525 -0.022163719 0.1433024 -0.32801322 0.61767899 -0.45147146 0.046561773 0.0072014288 -0.0016365904
0.28209479 0.080246295 -0.2961877 0.48997021 -0.25195231 -0.013036801 -0.0043879834 -0.048512643 0.34457427 -0.53655658 0.29855418 -0.45642229 -0.055979483 0.080234888 -0.013148389
0.28209479 0.057257777 -0.14809385 0.48997021 -0.35954879 0.057714582 0.013860822 -0.086408436 0.24586252 -0.26827829 0.29855418 -0.65133788 0.24782403 -0.036396372 0.00011014464
0.28209479 0.14824723 -0.41188883 0.35398376 -0.27819264 -0.059682958 -0.037111276 -0.049407291 0.50740405 -0.49239709 -0.074729469 -0.33256849 -0.20427615 0.2303445 -0.03862025
0.28209479 0.13901051 -0.28428831 0.37761913 -0.39128929 0.045167254 0.026335423 -0.1994077 0.49684038 -0.37029696 -0.020832485 -0.50967004 0.16143323 0.064791488 -0.0362476
0.28209479 0.084853769 -0.13729628 0.35398376 -0.47769582 0.13542206 0.048198055 -0.17536444 0.29042799 -0.16413236 -0.074729469 -0.57106678 0.4635075 -0.15731174 0.023360607
0.28209479 0.2217953 -0.46976998 0.19109448 -0.27612386 -0.12348635 -0.1148789 -0.0095880949 0.52766218 -0.21491869 -0.3205193 -0.12632604 -0.29378024 0.4101528 -0.071187794
0.28209479 0.23312772 -0.37720856 0.22686212 -0.3869762 0.0059605424 0.0058283906 -0.27423513 0.60804719 -0.23369638 -0.28535264 -0.23974783 0.015546375 0.25397204 -0.113905
0.28209479 0.19210781 -0.25147238 0.22686212 -0.47832888 0.13220686 0.10652902 -0.3711419 0.50105844 -0.15579759 -0.28535264 -0.29634462 0.34482389 -0.04427633 -0.04074171
0.28209479 0.10685271 -0.11744249 0.19109448 -0.53210477 0.23027056 0.10320315 -0.2488387 0.25420798 -0.053729672 -0.3205193 -0.24343671 0.54782525 -0.32618485 0.087258084
0.28209479 0.28714749 -0.46461438 0.033055541 -0.24866726 -0.19141336 -0.23053997 0.05198961 0.39238379 0.12009885 -0.34922976 0.064278365 -0.26156419 0.53685764 -0.096082198
0.28209479 0.32098518 -0.40846726 0.067531457 -0.34746301 -0.052147203 -0.070207733 -0.26761173 0.50952455 0.041786077 -0.3605846 0.03554536 -0.082777281 0.4426021 -0.21037422
0.28209479 0.3021064 -0.31679863 0.080591179 -0.43603591 0.098160321 0.12438409 -0.48292368 0.50483531 0.013664519 -0.36231843 0.018807598 0.16403094 0.15691141 -0.17120002
0.28209479 0.22903111 -0.20423363 0.067531457 -0.49584742 0.23085833 0.22177315 -0.47665743 0.36355876 0.020893038 -0.3605846 0.050725041 0.36645924 -0.20077439 0.0017623143
0.28209479 0.11979725 -0.092922877 0.033055541 -0.51871695 0.32363772 0.16262037 -0.27349653 0.16370159 0.024019771 -0.34922976 0.13408391 0.44224728 -0.46488568 0.18956551
0.28209479 0.33599632 -0.412034 -0.096527664 -0.20608433 -0.25186002 -0.35494634 0.10241583 0.18017603 0.34840073 -0.21862812 0.17425729 -0.13505844 0.56454481 -0.10372742
0.28209479 0.38831794 -0.38337944 -0.071019731 -0.28581113 -0.11569327 -0.18843627 -0.19762022 0.27169611 0.27986714 -0.25531583 0.20864224 -0.080947616 0.53961131 -0.28816703
0.28209479 0.39417486 -0.3256822 -0.05589814 -0.36265246 0.042464539 0.070207625 -0.4649864 0.31398353 0.21543637 -0.27452408 0.23989192 0.03382551 0.33507315 -0.32206756
0.28209479 0.34385419 -0.24426165 -0.05589814 -0.42180795 0.19733564 0.2846091 -0.57313296 0.27390015 0.16157727 -0.27452408 0.27902284 0.15718948 0.0022322757 -0.16629577
0.28209479 0.24615301 -0.15335178 -0.071019731 -0.45293602 0.32184538 0.33229314 -0.47705369 0.17222696 0.11194686 -0.25531583 0.33064346 0.22518696 -0.32039647 0.090165029
0.28209479 0.12378713 -0.068672334 -0.096527664 -0.45555118 0.40125272 0.20833509 -0.24897497 0.066380112 0.058066789 -0.21862812 0.38519725 0.21516939 -0.51692486 0.3055205
0.28209479 -0.35317202 -0.29961759 -0.012408809 0.41238823 0.11475255 -0.16998773 -0.53393558 -0.37972943 0.13916216 -0.3192248 -0.19154028 0.12338157 -0.17348619 -0.23396804
0.28209479 -0.27384248 -0.32062034 0.13206505 0.44129605 0.088976814 -0.10219899 -0.4430239 -0.54791673 -0.060939409 -0.35541414 0.083875901 0.17802894 -0.14394719 -0.14066485
0.28209479 -0.18610412 -0.30791085 0.29185291 0.42380292 0.060468895 -0.047201628 -0.28914538 -0.56289302 -0.28142428 -0.19437157 0.38734729 0.18289503 -0.093949028 -0.064967468
0.28209479 -0.10468357 -0.25759018 0.44013488 0.35454247 0.034013754 -0.01493489 -0.13606396 -0.41608178 -0.40847759 0.14399969 0.56222117 0.13519316 -0.044209859 -0.020556113
0.28209479 -0.043814796 -0.17845543 0.55098824 0.24562282 0.01423629 -0.0026162942 -0.039453526 -0.20526809 -0.37261175 0.51576386 0.51285607 0.066695645 -0.012819228 -0.00360102
0.28209479 -0.0098103339 -0.087408407 0.61291669 0.12030735 0.0031875707 -0.00013116337 -0.0043268542 -0.049852992 -0.20703088 0.76770338 0.28495356 0.016198219 -0.0014058802 -0.00018053089
0.28209479 -0.018255359 -0.24061184 0.57698932 0.078179524 -0.025126346 0.0019239274 0.013697932 -0.088565754 -0.53073653 0.61767899 0.17244675 -0.1219003 -0.018853585 0.0006251219
0.28209479 -0.072583456 -0.33114792 0.48997021 0.2038337 -0.036620595 0.011148899 -0.0079133318 -0.31167035 -0.59988849 0.29855418 0.36925339 -0.15724732 -0.093426404 -0.0082362957
0.28209479 -0.012398734 -0.38771474 0.48997021 0.029738936 -0.080347355 0.0041784758 0.091299144 -0.053239653 -0.70236168 0.29855418 0.053873343 -0.34500822 -0.021344321 0.013216462
0.28209479 -0.15501529 -0.39185758 0.35398376 0.30576331 -0.03885301 0.025262025 -0.095421761 -0.53056901 -0.4684505 -0.074729469 0.36552814 -0.13298174 -0.21539349 -0.047229234
0.28209479 -0.085913223 -0.45998814 0.37761913 0.14945921 -0.11824941 0.042611609 0.12324073 -0.30706424 -0.59915307 -0.020832485 0.19467663 -0.42263767 -0.16962632 0.013845351
0.28209479 0.010950952 -0.4967426 0.35398376 -0.017039605 -0.15943455 -0.0073232396 0.23433833 0.037481693 -0.59383647 -0.074729469 -0.020370185 -0.54569473 0.024191239 0.053057899
0.28209479 -0.25201963 -0.40777631 0.19109448 0.36145083 -0.030465453 0.032204084 -0.23332484 -0.59956736 -0.18655673 -0.3205193 0.16536293 -0.072478844 -0.33745633 -0.13125456
0.28209479 -0.18510077 -0.48460009 0.22686212 0.23916444 -0.14185122 0.11013117 0.072579862 -0.48278258 -0.30022989 -0.28535264 0.14817231 -0.36997845 -0.36665906 -0.029655452
0.28209479 -0.07770924 -0.53262704 0.22686212 0.091352688 -0.21987573 0.071666947 0.32628508 -0.2026824 -0.32998458 -0.28535264 0.056596786 -0.57348315 -0.18233143 0.08872524
0.28209479 0.04890398 -0.54235343 0.19109448 -0.052734966 -0.24909925 -0.051095844 0.39304138 0.11634503 -0.24812545 -0.3205193 -0.024126126 -0.59261964 0.11762537 0.12511626
0.28209479 -0.34481715 -0.38007036 0.033055541 0.36503213 -0.0139244 0.020138833 -0.35761748 -0.47118873 0.098244945 -0.34922976 -0.094357691 -0.019027535 -0.40376823 -0.24894757
0.28209479 -0.29033382 -0.45668028 0.067531457 0.28110348 -0.14648238 0.17838239 -0.043652548 -0.46086929 0.046718254 -0.3605846 -0.0287568 -0.23252279 -0.51537085 -0.13178073
0.28209479 -0.18671203 -0.51259096 0.080591179 0.1665509 -0.25698706 0.20125769 0.29846325 -0.31200538 0.022109657 -0.36231843 -0.007183863 -0.42943856 -0.41079942 0.065392589
0.28209479 -0.049594938 -0.53469059 0.067531457 0.041012445 -0.32138942 0.066855612 0.50363618 -0.078725873 0.054698684 -0.3605846 -0.0041955606 -0.51016623 -0.11774231 0.21146339
0.28209479 0.093311468 -0.52204388 0.033055541 -0.071917444 -0.33224348 -0.13003505 0.49451628 0.12750906 0.13494389 -0.34922976 0.018590046 -0.45400694 0.21534319 0.21324012
0.28209479 -0.41986634 -0.32332335 -0.096527664 0.32818406 0.0062653556 -0.011033816 -0.41468726 -0.22515083 0.27339028 -0.21862812 -0.27750032 0.0033597598 -0.39652783 -0.36962757
0.28209479 -0.38215861 -0.39029331 -0.071019731 0.27629502 -0.13464974 0.21583313 -0.15729745 -0.26738658 0.28491426 -0.25531583 -0.20169547 -0.09421097 -0.55271297 -0.26826205
0.28209479 -0.29393413 -0.44554432 -0.05589814 0.1976764 -0.2660447 0.3279998 0.17923084 -0.23413587 0.29472427 -0.27452408 -0.13076148 -0.2119203 -0.54439202 -0.032752931
0.28209479 -0.16219291 -0.4766442 -0.05589814 0.10196081 -0.3617603 0.24610572 0.4623622 -0.12919622 0.31529661 -0.27452408 -0.067446321 -0.28816342 -0.33868505 0.21929112
0.28209479 -0.0099660046 -0.47815606 -0.071019731 0.0058812811 -0.40506349 0.01693219 0.57426886 -0.006972958 0.3490541 -0.25531583 -0.0042933374 -0.28341254 -0.021198935 0.34389209
0.28209479 0.13570454 -0.45447584 -0.096527664 -0.075461787 -0.39738052 -0.22618818 0.50526579 0.072770755 0.38428798 -0.21862812 0.063807699 -0.21309294 0.27185718 0.29254947
0.28209479 -1.5213969e-17 -6.1965721e-17 0.57698932 0.25299426 0.031057872 -1.9819066e-18 -1.7123732e-17 -7.3810472e-17 -1.3668269e-16 0.61767899 0.55804942 0.15067706 0.023304313 0.002022937
0.28209479 0.037196203 0.091527034 0.48997021 0.37792847 0.072290169 0.011278382 0.061316682 0.15971896 0.1658051 0.29855418 0.68463343 0.31041099 0.070932209 0.0080580779
0.28209479 -0.037196203 -0.091527034 0.48997021 0.37792847 0.072290169 -0.011278382 -0.061316682 -0.15971896 -0.1658051 0.29855418 0.68463343 0.31041099 0.070932209 0.0080580779
0.28209479 0.10257278 0.16970753 0.35398376 0.46716476 0.12254845 0.052724066 0.20380294 0.35107464 0.20287876 -0.074729469 0.55847731 0.41944512 0.11816949 0.0094309779
0.28209479 -7.1599859e-17 -1.1846257e-16 0.37761913 0.48366016 0.14616431 -4.3895747e-17 -1.5406277e-16 -2.5590655e-16 -1.5430227e-16 -0.020832485 0.62998682 0.52240889 0.20966966 0.044804497
0.28209479 -0.10257278 -0.16970753 0.35398376 0.46716476 0.12254845 -0.052724066 -0.20380294 -0.35107464 -0.20287876 -0.074729469 0.55847731 0.41944512 0.11816949 0.0094309779
0.28209479 0.18598102 0.21775036 0.19109448 0.49951276 0.17278049 0.13478211 0.38711561 0.44245819 0.099620291 -0.3205193 0.22852594 0.41105347 0.13586301 -0.0099319859
0.28209479 0.066371615 0.077709238 0.22686212 0.53478795 0.22355955 0.062236413 0.15679845 0.17311143 0.048144102 -0.28535264 0.33132336 0.58309134 0.33929478 0.095576924
0.28209479 -0.066371615 -0.077709238 0.22686212 0.53478795 0.22355955 -0.062236413 -0.15679845 -0.17311143 -0.048144102 -0.28535264 0.33132336 0.58309134 0.33929478 0.095576924
0.28209479 -0.18598102 -0.21775036 0.19109448 0.49951276 0.17278049 -0.13478211 -0.38711561 -0.44245819 -0.099620291 -0.3205193 0.22852594 0.41105347 0.13586301 -0.0099319859
0.28209479 0.27077838 0.22971798 0.033055541 0.47426952 0.21394351 0.24298645 0.52664763 0.37001559 -0.059380139 -0.34922976 -0.12259463 0.29235139 0.11645308 -0.057775861
0.28209479 0.14878481 0.12622333 0.067531457 0.52119451 0.28916067 0.18045411 0.33824304 0.23617762 -0.012912608 -0.3605846 -0.05331804 0.45900706 0.39128545 0.12892925
0.28209479 -1.5560532e-16 -1.3200958e-16 0.080591179 0.53897003 0.31765347 -2.0732277e-16 -3.7310775e-16 -2.6002448e-16 5.6939877e-18 -0.36231843 -0.023247469 0.53081526 0.507776 0.21161486
0.28209479 -0.14878481 -0.12622333 0.067531457 0.52119451 0.28916067 -0.18045411 -0.33824304 -0.23617762 0.012912608 -0.3605846 -0.05331804 0.45900706 0.39128545 0.12892925
0.28209479 -0.27077838 -0.22971798 0.033055541 0.47426952 0.21394351 -0.24298645 -0.52664763 -0.37001559 0.059380139 -0.34922976 -0.12259463 0.29235139 0.11645308 -0.057775861
0.28209479 0.34336169 0.21220918 -0.096527664 0.40891323 0.24172246 0.34812707 0.56856225 0.18412567 -0.17943624 -0.21862812 -0.34576192 0.12962224 0.077050697 -0.12471498
0.28209479 0.23002768 0.14216492 -0.071019731 0.45657085 0.33356112 0.32182847 0.45213284 0.16094447 -0.10378044 -0.25531583 -0.33329689 0.23338417 0.35469706 0.12237197
0.28209479 0.081420554 0.050320667 -0.05589814 0.48482319 0.38800483 0.1325074 0.1749848 0.064856275 -0.033286749 -0.27452408 -0.32070696 0.30906874 0.54577164 0.30182514
0.28209479 -0.081420554 -0.050320667 -0.05589814 0.48482319 0.38800483 -0.1325074 -0.1749848 -0.064856275 0.033286749 -0.27452408 -0.32070696 0.30906874 0.54577164 0.30182514
0.28209479 -0.23002768 -0.14216492 -0.071019731 0.45657085 0.33356112 -0.32182847 -0.45213284 -0.16094447 0.10378044 -0.25531583 -0.33329689 0.23338417 0.35469706 0.12237197
0.28209479 -0.34336169 -0.21220918 -0.096527664 0.40891323 0.24172246 -0.34812707 -0.56856225 -0.18412567 0.17943624 -0.21862812 -0.34576192 0.12962224 0.077050697 -0.12471498
0.28209479 0.42592945 0.18189358 -0.20372631 0.30193101 0.22520976 0.40234057 0.50291143 -0.064137226 -0.24214079 -0.0056111117 -0.40193729 -0.033912492 -0.028104772 -0.27409606
0.28209479 0.40923763 0.10154637 -0.27050694 0.20887098 0.32140187 0.5516872 0.35031539 -0.23672265 -0.16590334 0.175141 -0.341247 -0.18591424 0.075852237 -0.13459021
0.28209479 0.35863212 0.028754666 -0.31009578 0.076267673 0.40800414 0.61373756 0.11591873 -0.29841604 -0.052135803 0.29971003 -0.13828282 -0.33949825 0.061705718 0.079379644
0.28209479 0.27721157 -0.021566 -0.31009578 -0.078603412 0.46715963 0.5431823 -0.094506483 -0.23066639 0.039101852 0.29971003 0.14251781 -0.38872124 -0.091177151 0.29652641
0.28209479 0.17920996 -0.040618547 -0.27050694 -0.22866763 0.48852676 0.36721418 -0.18039317 -0.10366362 0.066361335 0.175141 0.37359016 -0.28258728 -0.30973011 0.43315937
0.28209479 0.082567771 -0.030315597 -0.20372631 -0.35118169 0.47467663 0.16439074 -0.12867895 -0.012433204 0.040356799 -0.0056111117 0.46750089 -0.071477663 -0.48698204 0.45823823
0.28209479 0.22337381 -0.09127679 -0.18697028 -0.36289274 0.41594593 0.3897069 -0.35301994 -0.009655394 0.11458064 -0.045174946 0.45554279 -0.017979377 -0.38721055 0.25819658
0.28209479 0.32864801 -0.083173232 -0.26458567 -0.23180933 0.39902245 0.55004382 -0.32438351 -0.17763756 0.13365466 0.15762378 0.37250443 -0.21567565 -0.19326406 0.10739613
0.28209479 0.35232749 -0.16230153 -0.17426407 -0.35375689 0.30314849 0.44799265 -0.51558826 0.013453234 0.19439581 -0.073628238 0.42371047 0.011575389 -0.1484649 -0.067604468
0.28209479 0.41981301 -0.036594144 -0.30955394 -0.077330366 0.34424066 0.60615964 -0.13364708 -0.34786693 0.066259924 0.29791758 0.14001979 -0.2852459 -0.033388598 -0.12109487
0.28209479 0.44984746 -0.12886982 -0.2609978 -0.21924644 0.25045626 0.47256996 -0.38824503 -0.23280615 0.20499175 0.14715069 0.34875279 -0.12961673 0.0090759594 -0.29284067
0.28209479 0.43940268 -0.23194486 -0.16945087 -0.31924472 0.14277058 0.26313001 -0.51425997 0.030328567 0.27275295 -0.084057806 0.37541224 0.0098543486 0.16709319 -0.36216739
0.28209479 0.47743282 0.043050088 -0.30974647 0.072290163 0.25869521 0.51804753 0.13539416 -0.39620098 -0.07798706 0.29855419 -0.13095669 -0.21468004 -0.0054940179 -0.3376881
0.28209479 0.51621907 -0.05116059 -0.30934781 -0.070416511 0.16772974 0.3631726 -0.13326155 -0.42706951 0.092587178 0.29723635 0.12743532 -0.1387633 0.043299302 -0.49986421
0.28209479 0.51114873 -0.16869279 -0.2609978 -0.19031336 0.061790337 0.13247588 -0.31943154 -0.26453094 0.26833768 0.14715069 0.30272927 -0.031977886 0.2208621 -0.53993348
0.28209479 0.46322514 -0.28628886 -0.17426407 -0.26367482 -0.03815938 -0.074141673 -0.32985418 0.017687738 0.34290099 -0.073628238 0.31581514 -0.0014570736 0.4231658 -0.44695726
0.28209479 0.49415218 0.13844119 -0.2691599 0.19054795 0.16055978 0.33278705 0.34519246 -0.28157649 -0.2253361 0.17113049 -0.31014853 -0.091489748 -0.11215983 -0.45804209
0.28209479 0.53830849 0.055448821 -0.30974647 0.063281955 0.071339144 0.16107498 0.11276548 -0.44671909 -0.10044789 0.29855419 -0.11463795 -0.059201291 -0.075137939 -0.59704384
0.28209479 0.54197545 -0.062237337 -0.30955394 -0.058699496 -0.031736649 -0.072145564 -0.088497431 -0.44909359 0.11269129 0.29791758 0.10628543 0.026297733 0.10556772 -0.61391245
0.28209479 0.50042134 -0.19476183 -0.26458567 -0.15073547 -0.12964149 -0.27211268 -0.14883401 -0.27048277 0.3129712 0.15762378 0.24222333 0.070072529 0.34702175 -0.48993552
0.28209479 0.4252001 -0.31692542 -0.18697028 -0.19894941 -0.2052115 -0.3659856 -0.058002481 -0.01837939 0.39783958 -0.045174946 0.24974313 0.008870323 0.52075983 -0.29084615
0.28209479 0.47695914 0.23094525 -0.20372631 0.26629289 0.068156528 0.13635077 0.42338346 -0.071821369 -0.30743946 -0.0056111117 -0.35449503 -0.010263133 -0.27286668 -0.46734897
0.28209479 0.51999548 0.16726856 -0.27050694 0.16112102 -0.019475728 -0.042477821 0.23882628 -0.30079029 -0.27327823 0.175141 -0.26323457 0.011265694 -0.26727597 -0.56627637
0.28209479 0.5299583 0.063649186 -0.31009578 0.05091532 -0.11928361 -0.26514986 0.057510514 -0.44097571 -0.11540393 0.29971003 -0.092315837 0.099255306 -0.1180563 -0.55916945
0.28209479 0.49885841 -0.068092027 -0.31009578 -0.044800275 -0.21499921 -0.44986593 -0.022864766 -0.41509765 0.12345935 0.29971003 0.081228496 0.17889979 0.12931338 -0.42496537
0.28209479 0.43213272 -0.20492402 -0.27050694 -0.10929272 -0.28988948 -0.52543446 0.036113645 -0.24996627 0.33479857 0.175141 0.17855909 0.16768596 0.35660937 -0.21538783
0.28209479 0.34580665 -0.3246256 -0.20372631 -0.13735296 -0.33548934 -0.48660998 0.1821374 -0.05207219 0.43214883 -0.0056111117 0.18284732 0.05051859 0.46961234 -0.014741487
0.28209479 -0.21220919 0.34336167 -0.20372631 -0.079689263 -0.43255358 0.38501092 -0.39034432 0.031954843 -0.4570907 -0.0056111117 0.10608412 0.065134698 0.31834116 0.29794829
0.28209479 -0.14216492 0.23002766 -0.27050694 -0.032031651 -0.50056342 0.29848362 -0.32799593 0.082235 -0.37581213 0.175141 0.052332327 0.28954986 0.14454447 0.48309504
0.28209479 -0.050320668 0.081420547 -0.31009578 -0.0037793056 -0.54088095 0.11416081 -0.13004994 0.041871582 -0.14762563 0.29971003 0.0068523534 0.4500644 0.018214347 0.60822877
0.28209479 0.050320668 -0.081420547 -0.31009578 -0.0037793056 -0.54088095 -0.11416081 0.13004994 -0.041871582 0.14762563 0.29971003 0.0068523534 0.4500644 0.018214347 0.60822877
0.28209479 0.14216492 -0.23002766 -0.27050694 -0.032031651 -0.50056342 -0.29848362 0.32799593 -0.082235 0.37581213 0.175141 0.052332327 0.28954986 0.14454447 0.48309504
0.28209479 0.21220919 -0.34336167 -0.20372631 -0.079689263 -0.43255358 -0.38501092 0.39034432 -0.031954843 0.4570907 -0.0056111117 0.10608412 0.065134698 0.31834116 0.29794829
0.28209479 0.063773676 -0.37333758 -0.18697028 -0.025330637 -0.46780316 -0.12513349 0.51319578 -0.0027566345 0.46865431 -0.045174946 0.031797796 0.020220919 0.10576 0.45042041
0.28209479 -0.031342314 -0.24616572 -0.26458567 0.0074694217 -0.5159904 0.067833094 0.37602953 0.016940836 0.39557433 0.15762378 -0.012002936 0.278898 -0.034313936 0.55630998
0.28209479 -0.10685271 -0.38659673 -0.17426407 0.045041036 -0.45234518 0.20273301 0.50438514 -0.0040800523 0.46304421 -0.073628238 -0.053947666 -0.017272299 -0.18294455 0.4051754
0.28209479 -0.13729628 -0.084853761 -0.30955394 0.010906701 -0.52525644 0.3024817 0.12774808 0.11376692 0.15364217 0.29791758 -0.019748439 0.43523983 -0.051543838 0.5390717
0.28209479 -0.21671975 -0.24833872 -0.2609978 0.05481161 -0.46703707 0.42454017 0.30876211 0.11215733 0.39502955 0.14715069 -0.087188197 0.24170216 -0.23554731 0.35894799
0.28209479 -0.27156579 -0.37529467 -0.16945087 0.12194063 -0.37377824 0.4257533 0.31783014 -0.018744085 0.44132355 -0.084057806 -0.14339471 -0.02579902 -0.43745566 0.13833563
0.28209479 -0.23419403 0.082055239 -0.30974647 -0.018604178 -0.48991679 0.48124596 -0.10630688 0.19434756 -0.14864654 0.29855419 0.033702257 0.4065609 0.084027446 0.38834112
0.28209479 -0.31904093 -0.082779573 -0.30934781 0.026896714 -0.43912217 0.58762562 0.082360166 0.26394347 0.1498092 0.29723635 -0.04867596 0.36328702 -0.11335904 0.19093114
0.28209479 -0.37720856 -0.2331277 -0.2609978 0.10162631 -0.35043512 0.55444455 0.12860606 0.19521389 0.37083355 0.14715069 -0.16165581 0.18135804 -0.36643834 -0.040856574
0.28209479 -0.39718653 -0.33923778 -0.17426407 0.19079689 -0.24140532 0.40217058 0.018127026 -0.015166127 0.40632028 -0.073628238 -0.22852598 -0.0092177942 -0.53623175 -0.20863031
0.28209479 -0.30540284 0.22400255 -0.2691599 -0.07278284 -0.42035095 0.53846077 -0.21334067 0.17402384 -0.36460146 0.17113049 0.1184662 0.23952327 0.29363825 0.17495651
0.28209479 -0.39356862 0.077319344 -0.30974647 -0.033179763 -0.37412437 0.61759734 -0.047064219 0.32660569 -0.14006727 0.29855419 0.060106548 0.31046974 0.12706976 -0.031305287
0.28209479 -0.45712168 -0.075058933 -0.30955394 0.041052083 -0.29288969 0.56157123 0.0095447746 0.37878177 0.13590697 0.29791758 -0.074331781 0.24269528 -0.13742357 -0.25832389
0.28209479 -0.48105072 -0.20354267 -0.26458567 0.13864969 -0.18925811 0.38186893 -0.083565024 0.26001275 0.3270815 0.15762378 -0.22280218 0.10229591 -0.36822893 -0.41019294
0.28209479 -0.4646144 -0.28714747 -0.18697028 0.23993524 -0.083906757 0.16351536 -0.25916995 0.020083084 0.36045902 -0.045174946 -0.30119305 0.0036268925 -0.45539655 -0.43794939
0.28209479 -0.34580665 0.3246256 -0.20372631 -0.13735296 -0.33548934 0.48660998 -0.1821374 0.05207219 -0.43214883 -0.0056111117 0.18284732 0.05051859 0.46961234 -0.014741487
0.28209479 -0.43213272 0.20492402 -0.27050694 -0.10929272 -0.28988948 0.52543446 -0.036113645 0.24996627 -0.33479857 0.175141 0.17855909 0.16768596 0.35660937 -0.21538783
0.28209479 -0.49885841 0.068092027 -0.31009578 -0.044800275 -0.21499921 0.44986593 0.022864766 0.41509765 -0.12345935 0.29971003 0.081228496 0.17889979 0.12931338 -0.42496537
0.28209479 -0.5299583 -0.063649186 -0.31009578 0.05091532 -0.11928361 0.26514986 -0.057510514 0.44097571 0.11540393 0.29971003 -0.092315837 0.099255306 -0.1180563 -0.55916945
0.28209479 -0.51999548 -0.16726856 -0.27050694 0.16112102 -0.019475728 0.042477821 -0.23882628 0.30079029 0.27327823 0.175141 -0.26323457 0.011265694 -0.26727597 -0.56627637
0.28209479 -0.47695914 -0.23094525 -0.20372631 0.26629289 0.068156528 -0.13635077 -0.42338346 0.071821369 0.30743946 -0.0056111117 -0.35449503 -0.010263133 -0.27286668 -0.46734897
0.28209479 -0.082567771 0.030315597 -0.20372631 -0.35118169 0.47467663 -0.16439074 0.12867895 0.012433204 -0.040356799 -0.0056111117 0.46750089 -0.071477663 -0.48698204 0.45823823
0.28209479 -0.17920996 0.040618547 -0.27050694 -0.22866763 0.48852676 -0.36721418 0.18039317 0.10366362 -0.066361335 0.175141 0.37359016 -0.28258728 -0.30973011 0.43315937
0.28209479 -0.27721157 0.021566 -0.31009578 -0.078603412 0.46715963 -0.5431823 0.094506483 0.23066639 -0.039101852 0.29971003 0.14251781 -0.38872124 -0.091177151 0.29652641
0.28209479 -0.35863212 -0.028754666 -0.31009578 0.076267673 0.40800414 -0.61373756 -0.11591873 0.29841604 0.052135803 0.29971003 -0.13828282 -0.33949825 0.061705718 0.079379644
0.28209479 -0.40923763 -0.10154637 -0.27050694 0.20887098 0.32140187 -0.5516872 -0.35031539 0.23672265 0.16590334 0.175141 -0.341247 -0.18591424 0.075852237 -0.13459021
0.28209479 -0.42592945 -0.18189358 -0.20372631 0.30193101 0.22520976 -0.40234057 -0.50291143 0.064137226 0.24214079 -0.0056111117 -0.40193729 -0.033912492 -0.028104772 -0.27409606
0.28209479 -0.32656179 -0.13945853 -0.18697028 0.34723754 0.34097548 -0.46704364 -0.47734827 0.014115722 0.17506365 -0.045174946 -0.43589067 -0.014738758 0.21608727 0.020178543
0.28209479 -0.27793508 -0.068965548 -0.26458567 0.23642569 0.43586755 -0.50812066 -0.28404506 0.15022671 0.11082372 0.15762378 -0.37992265 -0.2355908 0.24878517 0.23642235
0.28209479 -0.17943617 -0.076628388 -0.17426407 0.38159378 0.42876139 -0.32269676 -0.30052404 -0.0068515709 0.091781251 -0.073628238 -0.45705196 0.016371778 0.44447539 0.31801664
0.28209479 -0.19766297 -0.015848365 -0.30955394 0.084071079 0.50564212 -0.41921567 -0.073053662 0.16378818 0.028696161 0.29791758 -0.15222499 -0.41898694 0.11678828 0.45425951
0.28209479 -0.099187543 -0.024611946 -0.2609978 0.25312188 0.5052256 -0.2101897 -0.11134256 0.051331779 0.03914994 0.14715069 -0.40263806 -0.26146558 0.37204759 0.51468273
0.28209479 -1.1316112e-16 -4.8325563e-17 -0.16945087 0.39460817 0.46201532 -2.1929188e-16 -1.9865912e-16 -7.8106361e-18 5.6827903e-17 -0.084057806 -0.46403504 0.031889342 0.54072494 0.44766351
0.28209479 -0.098498914 0.0076628386 -0.30974647 -0.083788177 0.53400681 -0.22062117 0.036613976 0.081740017 -0.013881557 0.29855419 0.15178584 -0.44314931 -0.13046525 0.57769611
0.28209479 -1.3294395e-16 -1.0659276e-17 -0.30934781 0.087039594 0.54278485 -3.0266712e-16 -5.1479063e-17 1.0998491e-16 1.9290479e-17 0.29723635 -0.15751872 -0.44904746 0.14011948 0.61786614
0.28209479 0.099187543 0.024611946 -0.2609978 0.25312188 0.5052256 0.2101897 0.11134256 -0.051331779 -0.03914994 0.14715069 -0.40263806 -0.26146558 0.37204759 0.51468273
0.28209479 0.17943617 0.076628388 -0.17426407 0.38159378 0.42876139 0.32269676 0.30052404 0.0068515709 -0.091781251 -0.073628238 -0.45705196 0.016371778 0.44447539 0.31801664
0.28209479 -1.2726097e-16 2.8844133e-17 -0.2691599 -0.23553022 0.51958235 -2.7734388e-16 1.3334818e-16 7.2515512e-17 -4.6948631e-17 0.17113049 0.38336466 -0.29606704 -0.36295683 0.56617115
0.28209479 0.098498914 -0.0076628386 -0.30974647 -0.083788177 0.53400681 0.22062117 -0.036613976 -0.081740017 0.013881557 0.29855419 0.15178584 -0.44314931 -0.13046525 0.57769611
0.28209479 0.19766297 0.015848365 -0.30955394 0.084071079 0.50564212 0.41921567 0.073053662 -0.16378818 -0.028696161 0.29791758 -0.15222499 -0.41898694 0.11678828 0.45425951
0.28209479 0.27793508 0.068965548 -0.26458567 0.23642569 0.43586755 0.50812066 0.28404506 -0.15022671 -0.11082372 0.15762378 -0.37992265 -0.2355908 0.24878517 0.23642235
0.28209479 0.32656179 0.13945853 -0.18697028 0.34723754 0.34097548 0.46704364 0.47734827 -0.014115722 -0.17506365 -0.045174946 -0.43589067 -0.014738758 0.21608727 0.020178543
0.28209479 0.082567771 -0.030315597 -0.20372631 -0.35118169 0.47467663 0.16439074 -0.12867895 -0.012433204 0.040356799 -0.0056111117 0.46750089 -0.071477663 -0.48698204 0.45823823
0.28209479 0.17920996 -0.040618547 -0.27050694 -0.22866763 0.48852676 0.36721418 -0.18039317 -0.10366362 0.066361335 0.175141 0.37359016 -0.28258728 -0.30973011 0.43315937
0.28209479 0.27721157 -0.021566 -0.31009578 -0.078603412 0.46715963 0.5431823 -0.094506483 -0.23066639 0.039101852 0.29971003 0.14251781 -0.38872124 -0.091177151 0.29652641
0.28209479 0.35863212 0.028754666 -0.31009578 0.076267673 0.40800414 0.61373756 0.11591873 -0.29841604 -0.052135803 0.29971003 -0.13828282 -0.33949825 0.061705718 0.079379644
0.28209479 0.40923763 0.10154637 -0.27050694 0.20887098 0.32140187 0.5516872 0.35031539 -0.23672265 -0.16590334 0.175141 -0.341247 -0.18591424 0.075852237 -0.13459021
0.28209479 0.42592945 0.18189358 -0.20372631 0.30193101 0.22520976 0.40234057 0.50291143 -0.064137226 -0.24214079 -0.0056111117 -0.40193729 -0.033912492 -0.028104772 -0.27409606
0.28209479 0.34580665 -0.3246256 -0.20372631 -0.13735296 -0.33548934 -0.48660998 0.1821374 -0.05207219 0.43214883 -0.0056111117 0.18284732 0.05051859 0.46961234 -0.014741487
0.28209479 0.43213272 -0.20492402 -0.27050694 -0.10929272 -0.28988948 -0.52543446 0.036113645 -0.24996627 0.33479857 0.175141 0.17855909 0.16768596 0.35660937 -0.21538783
0.28209479 0.49885841 -0.068092027 -0.31009578 -0.044800275 -0.21499921 -0.44986593 -0.022864766 -0.41509765 0.12345935 0.29971003 0.081228496 0.17889979 0.12931338 -0.42496537
0.28209479 0.5299583 0.063649186 -0.31009578 0.05091532 -0.11928361 -0.26514986 0.057510514 -0.44097571 -0.11540393 0.29971003 -0.092315837 0.099255306 -0.1180563 -0.55916945
0.28209479 0.51999548 0.16726856 -0.27050694 0.16112102 -0.019475728 -0.042477821 0.23882628 -0.30079029 -0.27327823 0.175141 -0.26323457 0.011265694 -0.26727597 -0.56627637
0.28209479 0.47695914 0.23094525 -0.20372631 0.26629289 0.068156528 0.13635077 0.42338346 -0.071821369 -0.30743946 -0.0056111117 -0.35449503 -0.010263133 -0.27286668 -0.46734897
0.28209479 0.4646144 0.28714747 -0.18697028 0.23993524 -0.083906757 -0.16351536 0.25916995 -0.020083084 -0.36045902 -0.045174946 -0.30119305 0.0036268925 -0.45539655 -0.43794939
0.28209479 0.48105072 0.20354267 -0.26458567 0.13864969 -0.18925811 -0.38186893 0.083565024 -0.26001275 -0.3270815 0.15762378 -0.22280218 0.10229591 -0.36822893 -0.41019294
0.28209479 0.39718653 0.33923778 -0.17426407 0.19079689 -0.24140532 -0.40217058 -0.018127026 0.015166127 -0.40632028 -0.073628238 -0.22852598 -0.0092177942 -0.53623175 -0.20863031
0.28209479 0.45712168 0.075058933 -0.30955394 0.041052083 -0.29288969 -0.56157123 -0.0095447746 -0.37878177 -0.13590697 0.29791758 -0.074331781 0.24269528 -0.13742357 -0.25832389
0.28209479 0.37720856 0.2331277 -0.2609978 0.10162631 -0.35043512 -0.55444455 -0.12860606 -0.19521389 -0.37083355 0.14715069 -0.16165581 0.18135804 -0.36643834 -0.040856574
0.28209479 0.27156579 0.37529467 -0.16945087 0.12194063 -0.37377824 -0.4257533 -0.31783014 0.018744085 -0.44132355 -0.084057806 -0.14339471 -0.02579902 -0.43745566 0.13833563
0.28209479 0.39356862 -0.077319344 -0.30974647 -0.033179763 -0.37412437 -0.61759734 0.047064219 -0.32660569 0.14006727 0.29855419 0.060106548 0.31046974 0.12706976 -0.031305287
0.28209479 0.31904093 0.082779573 -0.30934781 0.026896714 -0.43912217 -0.58762562 -0.082360166 -0.26394347 -0.1498092 0.29723635 -0.04867596 0.36328702 -0.11335904 0.19093114
0.28209479 0.21671975 0.24833872 -0.2609978 0.05481161 -0.46703707 -0.42454017 -0.30876211 -0.11215733 -0.39502955 0.14715069 -0.087188197 0.24170216 -0.23554731 0.35894799
0.28209479 0.10685271 0.38659673 -0.17426407 0.045041036 -0.45234518 -0.20273301 -0.50438514 0.0040800523 -0.46304421 -0.073628238 -0.053947666 -0.017272299 -0.18294455 0.4051754
0.28209479 0.30540284 -0.22400255 -0.2691599 -0.07278284 -0.42035095 -0.53846077 0.21334067 -0.17402384 0.36460146 0.17113049 0.1184662 0.23952327 0.29363825 0.17495651
0.28209479 0.23419403 -0.082055239 -0.30974647 -0.018604178 -0.48991679 -0.48124596 0.10630688 -0.19434756 0.14864654 0.29855419 0.033702257 0.4065609 0.084027446 0.38834112
0.28209479 0.13729628 0.084853761 -0.30955394 0.010906701 -0.52525644 -0.3024817 -0.12774808 -0.11376692 -0.15364217 0.29791758 -0.019748439 0.43523983 -0.051543838 0.5390717
0.28209479 0.031342314 0.24616572 -0.26458567 0.0074694217 -0.5159904 -0.067833094 -0.37602953 -0.016940836 -0.39557433 0.15762378 -0.012002936 0.278898 -0.034313936 0.55630998
0.28209479 -0.063773676 0.37333758 -0.18697028 -0.025330637 -0.46780316 0.12513349 -0.51319578 0.0027566345 -0.46865431 -0.045174946 0.031797796 0.020220919 0.10576 0.45042041
0.28209479 0.21220919 -0.34336167 -0.20372631 -0.079689263 -0.43255358 -0.38501092 0.39034432 -0.031954843 0.4570907 -0.0056111117 0.10608412 0.065134698 0.31834116 0.29794829
0.28209479 0.14216492 -0.23002766 -0.27050694 -0.032031651 -0.50056342 -0.29848362 0.32799593 -0.082235 0.37581213 0.175141 0.052332327 0.28954986 0.14454447 0.48309504
0.28209479 0.050320668 -0.081420547 -0.31009578 -0.0037793056 -0.54088095 -0.11416081 0.13004994 -0.041871582 0.14762563 0.29971003 0.0068523534 0.4500644 0.018214347 0.60822877
0.28209479 -0.050320668 0.081420547 -0.31009578 -0.0037793056 -0.54088095 0.11416081 -0.13004994 0.041871582 -0.14762563 0.29971003 0.0068523534 0.4500644 0.018214347 0.60822877
0.28209479 -0.14216492 0.23002766 -0.27050694 -0.032031651 -0.50056342 0.29848362 -0.32799593 0.082235 -0.37581213 0.175141 0.052332327 0.28954986 0.14454447 0.48309504
0.28209479 -0.21220919 0.34336167 -0.20372631 -0.079689263 -0.43255358 0.38501092 -0.39034432 0.031954843 -0.4570907 -0.0056111117 0.10608412 0.065134698 0.31834116 0.29794829
0.28209479 -0.47695914 -0.23094525 -0.20372631 0.26629289 0.068156528 -0.13635077 -0.42338346 0.071821369 0.30743946 -0.0056111117 -0.35449503 -0.010263133 -0.27286668 -0.46734897
0.28209479 -0.51999548 -0.16726856 -0.27050694 0.16112102 -0.019475728 0.042477821 -0.23882628 0.30079029 0.27327823 0.175141 -0.26323457 0.011265694 -0.26727597 -0.56627637
0.28209479 -0.5299583 -0.063649186 -0.31009578 0.05091532 -0.11928361 0.26514986 -0.057510514 0.44097571 0.11540393 0.29971003 -0.092315837 0.099255306 -0.1180563 -0.55916945
0.28209479 -0.49885841 0.068092027 -0.31009578 -0.044800275 -0.21499921 0.44986593 0.022864766 0.41509765 -0.12345935 0.29971003 0.081228496 0.17889979 0.12931338 -0.42496537
0.28209479 -0.43213272 0.20492402 -0.27050694 -0.10929272 -0.28988948 0.52543446 -0.036113645 0.24996627 -0.33479857 0.175141 0.17855909 0.16768596 0.35660937 -0.21538783
0.28209479 -0.34580665 0.3246256 -0.20372631 -0.13735296 -0.33548934 0.48660998 -0.1821374 0.05207219 -0.43214883 -0.0056111117 0.18284732 0.05051859 0.46961234 -0.014741487
0.28209479 -0.4252001 0.31692542 -0.18697028 -0.19894941 -0.2052115 0.3659856 0.058002481 0.01837939 -0.39783958 -0.045174946 0.24974313 0.008870323 0.52075983 -0.29084615
0.28209479 -0.50042134 0.19476183 -0.26458567 -0.15073547 -0.12964149 0.27211268 0.14883401 0.27048277 -0.3129712 0.15762378 0.24222333 0.070072529 0.34702175 -0.48993552
0.28209479 -0.46322514 0.28628886 -0.17426407 -0.26367482 -0.03815938 0.074141673 0.32985418 -0.017687738 -0.34290099 -0.073628238 0.31581514 -0.0014570736 0.4231658 -0.44695726
0.28209479 -0.54197545 0.062237337 -0.30955394 -0.058699496 -0.031736649 0.072145564 0.088497431 0.44909359 -0.11269129 0.29791758 0.10628543 0.026297733 0.10556772 -0.61391245
0.28209479 -0.51114873 0.16869279 -0.2609978 -0.19031336 0.061790337 -0.13247588 0.31943154 0.26453094 -0.26833768 0.14715069 0.30272927 -0.031977886 0.2208621 -0.53993348
0.28209479 -0.43940268 0.23194486 -0.16945087 -0.31924472 0.14277058 -0.26313001 0.51425997 -0.030328567 -0.27275295 -0.084057806 0.37541224 0.0098543486 0.16709319 -0.36216739
0.28209479 -0.53830849 -0.055448821 -0.30974647 0.063281955 0.071339144 -0.16107498 -0.11276548 0.44671909 0.10044789 0.29855419 -0.11463795 -0.059201291 -0.075137939 -0.59704384
0.28209479 -0.51621907 0.05116059 -0.30934781 -0.070416511 0.16772974 -0.3631726 0.13326155 0.42706951 -0.092587178 0.29723635 0.12743532 -0.1387633 0.043299302 -0.49986421
0.28209479 -0.44984746 0.12886982 -0.2609978 -0.21924644 0.25045626 -0.47256996 0.38824503 0.23280615 -0.20499175 0.14715069 0.34875279 -0.12961673 0.0090759594 -0.29284067
0.28209479 -0.35232749 0.16230153 -0.17426407 -0.35375689 0.30314849 -0.44799265 0.51558826 -0.013453234 -0.19439581 -0.073628238 0.42371047 0.011575389 -0.1484649 -0.067604468
0.28209479 -0.49415218 -0.13844119 -0.2691599 0.19054795 0.16055978 -0.33278705 -0.34519246 0.28157649 0.2253361 0.17113049 -0.31014853 -0.091489748 -0.11215983 -0.45804209
0.28209479 -0.47743282 -0.043050088 -0.30974647 0.072290163 0.25869521 -0.51804753 -0.13539416 0.39620098 0.07798706 0.29855419 -0.13095669 -0.21468004 -0.0054940179 -0.3376881
0.28209479 -0.41981301 0.036594144 -0.30955394 -0.077330366 0.34424066 -0.60615964 0.13364708 0.34786693 -0.066259924 0.29791758 0.14001979 -0.2852459 -0.033388598 -0.12109487
0.28209479 -0.32864801 0.083173232 -0.26458567 -0.23180933 0.39902245 -0.55004382 0.32438351 0.17763756 -0.13365466 0.15762378 0.37250443 -0.21567565 -0.19326406 0.10739613
0.28209479 -0.22337381 0.09127679 -0.18697028 -0.36289274 0.41594593 -0.3897069 0.35301994 0.009655394 -0.11458064 -0.045174946 0.45554279 -0.017979377 -0.38721055 0.25819658
0.28209479 -0.42592945 -0.18189358 -0.20372631 0.30193101 0.22520976 -0.40234057 -0.50291143 0.064137226 0.24214079 -0.0056111117 -0.40193729 -0.033912492 -0.028104772 -0.27409606
0.28209479 -0.40923763 -0.10154637 -0.27050694 0.20887098 0.32140187 -0.5516872 -0.35031539 0.23672265 0.16590334 0.175141 -0.341247 -0.18591424 0.075852237 -0.13459021
0.28209479 -0.35863212 -0.028754666 -0.31009578 0.076267673 0.40800414 -0.61373756 -0.11591873 0.29841604 0.052135803 0.29971003 -0.13828282 -0.33949825 0.061705718 0.079379644
0.28209479 -0.27721157 0.021566 -0.31009578 -0.078603412 0.46715963 -0.5431823 0.094506483 0.23066639 -0.039101852 0.29971003 0.14251781 -0.38872124 -0.091177151 0.29652641
0.28209479 -0.17920996 0.040618547 -0.27050694 -0.22866763 0.48852676 -0.36721418 0.18039317 0.10366362 -0.066361335 0.175141 0.37359016 -0.28258728 -0.30973011 0.43315937
0.28209479 -0.082567771 0.030315597 -0.20372631 -0.35118169 0.47467663 -0.16439074 0.12867895 0.012433204 -0.040356799 -0.0056111117 0.46750089 -0.071477663 -0.48698204 0.45823823
0.28209479 0.4646144 0.28714747 -0.18697028 0.23993524 -0.083906757 -0.16351536 0.25916995 -0.020083084 -0.36045902 -0.045174946 -0.30119305 0.0036268925 -0.45539655 -0.43794939
0.28209479 0.39718653 0.33923778 -0.17426407 0.19079689 -0.24140532 -0.40217058 -0.018127026 0.015166127 -0.40632028 -0.073628238 -0.22852598 -0.0092177942 -0.53623175 -0.20863031
0.28209479 0.48105072 0.20354267 -0.26458567 0.13864969 -0.18925811 -0.38186893 0.083565024 -0.26001275 -0.3270815 0.15762378 -0.22280218 0.10229591 -0.36822893 -0.41019294
0.28209479 0.27156579 0.37529467 -0.16945087 0.12194063 -0.37377824 -0.4257533 -0.31783014 0.018744085 -0.44132355 -0.084057806 -0.14339471 -0.02579902 -0.43745566 0.13833563
0.28209479 0.37720856 0.2331277 -0.2609978 0.10162631 -0.35043512 -0.55444455 -0.12860606 -0.19521389 -0.37083355 0.14715069 -0.16165581 0.18135804 -0.36643834 -0.040856574
0.28209479 0.45712168 0.075058933 -0.30955394 0.041052083 -0.29288969 -0.56157123 -0.0095447746 -0.37878177 -0.13590697 0.29791758 -0.074331781 0.24269528 -0.13742357 -0.25832389
0.28209479 0.10685271 0.38659673 -0.17426407 0.045041036 -0.45234518 -0.20273301 -0.50438514 0.0040800523 -0.46304421 -0.073628238 -0.053947666 -0.017272299 -0.18294455 0.4051754
0.28209479 0.21671975 0.24833872 -0.2609978 0.05481161 -0.46703707 -0.42454017 -0.30876211 -0.11215733 -0.39502955 0.14715069 -0.087188197 0.24170216 -0.23554731 0.35894799
0.28209479 0.31904093 0.082779573 -0.30934781 0.026896714 -0.43912217 -0.58762562 -0.082360166 -0.26394347 -0.1498092 0.29723635 -0.04867596 0.36328702 -0.11335904 0.19093114
0.28209479 0.39356862 -0.077319344 -0.30974647 -0.033179763 -0.37412437 -0.61759734 0.047064219 -0.32660569 0.14006727 0.29855419 0.060106548 0.31046974 0.12706976 -0.031305287
0.28209479 -0.063773676 0.37333758 -0.18697028 -0.025330637 -0.46780316 0.12513349 -0.51319578 0.0027566345 -0.46865431 -0.045174946 0.031797796 0.020220919 0.10576 0.45042041
0.28209479 0.031342314 0.24616572 -0.26458567 0.0074694217 -0.5159904 -0.067833094 -0.37602953 -0.016940836 -0.39557433 0.15762378 -0.012002936 0.278898 -0.034313936 0.55630998
0.28209479 0.13729628 0.084853761 -0.30955394 0.010906701 -0.52525644 -0.3024817 -0.12774808 -0.11376692 -0.15364217 0.29791758 -0.019748439 0.43523983 -0.051543838 0.5390717
0.28209479 0.23419403 -0.082055239 -0.30974647 -0.018604178 -0.48991679 -0.48124596 0.10630688 -0.19434756 0.14864654 0.29855419 0.033702257 0.4065609 0.084027446 0.38834112
0.28209479 0.30540284 -0.22400255 -0.2691599 -0.07278284 -0.42035095 -0.53846077 0.21334067 -0.17402384 0.36460146 0.17113049 0.1184662 0.23952327 0.29363825 0.17495651
0.28209479 -0.4252001 0.31692542 -0.18697028 -0.19894941 -0.2052115 0.3659856 0.058002481 0.01837939 -0.39783958 -0.045174946 0.24974313 0.008870323 0.52075983 -0.29084615
0.28209479 -0.46322514 0.28628886 -0.17426407 -0.26367482 -0.03815938 0.074141673 0.32985418 -0.017687738 -0.34290099 -0.073628238 0.31581514 -0.0014570736 0.4231658 -0.44695726
0.28209479 -0.50042134 0.19476183 -0.26458567 -0.15073547 -0.12964149 0.27211268 0.14883401 0.27048277 -0.3129712 0.15762378 0.24222333 0.070072529 0.34702175 -0.48993552
0.28209479 -0.43940268 0.23194486 -0.16945087 -0.31924472 0.14277058 -0.26313001 0.51425997 -0.030328567 -0.27275295 -0.084057806 0.37541224 0.0098543486 0.16709319 -0.36216739
0.28209479 -0.51114873 0.16869279 -0.2609978 -0.19031336 0.061790337 -0.13247588 0.31943154 0.26453094 -0.26833768 0.14715069 0.30272927 -0.031977886 0.2208621 -0.53993348
0.28209479 -0.54197545 0.062237337 -0.30955394 -0.058699496 -0.031736649 0.072145564 0.088497431 0.44909359 -0.11269129 0.29791758 0.10628543 0.026297733 0.10556772 -0.61391245
0.28209479 -0.35232749 0.16230153 -0.17426407 -0.35375689 0.30314849 -0.44799265 0.51558826 -0.013453234 -0.19439581 -0.073628238 0.42371047 0.011575389 -0.1484649 -0.067604468
0.28209479 -0.44984746 0.12886982 -0.2609978 -0.21924644 0.25045626 -0.47256996 0.38824503 0.23280615 -0.20499175 0.14715069 0.34875279 -0.12961673 0.0090759594 -0.29284067
0.28209479 -0.51621907 0.05116059 -0.30934781 -0.070416511 0.16772974 -0.3631726 0.13326155 0.42706951 -0.092587178 0.29723635 0.12743532 -0.1387633 0.043299302 -0.49986421
0.28209479 -0.53830849 -0.055448821 -0.30974647 0.063281955 0.071339144 -0.16107498 -0.11276548 0.44671909 0.10044789 0.29855419 -0.11463795 -0.059201291 -0.075137939 -0.59704384
0.28209479 -0.22337381 0.09127679 -0.18697028 -0.36289274 0.41594593 -0.3897069 0.35301994 0.009655394 -0.11458064 -0.045174946 0.45554279 -0.017979377 -0.38721055 0.25819658
0.28209479 -0.32864801 0.083173232 -0.26458567 -0.23180933 0.39902245 -0.55004382 0.32438351 0.17763756 -0.13365466 0.15762378 0.37250443 -0.21567565 -0.19326406 0.10739613
0.28209479 -0.41981301 0.036594144 -0.30955394 -0.077330366 0.34424066 -0.60615964 0.13364708 0.34786693 -0.066259924 0.29791758 0.14001979 -0.2852459 -0.033388598 -0.12109487
0.28209479 -0.47743282 -0.043050088 -0.30974647 0.072290163 0.25869521 -0.51804753 -0.13539416 0.39620098 0.07798706 0.29855419 -0.13095669 -0.21468004 -0.0054940179 -0.3376881
0.28209479 -0.49415218 -0.13844119 -0.2691599 0.19054795 0.16055978 -0.33278705 -0.34519246 0.28157649 0.2253361 0.17113049 -0.31014853 -0.091489748 -0.11215983 -0.45804209
0.28209479 0.22337381 -0.09127679 -0.18697028 -0.36289274 0.41594593 0.3897069 -0.35301994 -0.009655394 0.11458064 -0.045174946 0.45554279 -0.017979377 -0.38721055 0.25819658
0.28209479 0.35232749 -0.16230153 -0.17426407 -0.35375689 0.30314849 0.44799265 -0.51558826 0.013453234 0.19439581 -0.073628238 0.42371047 0.011575389 -0.1484649 -0.067604468
0.28209479 0.32864801 -0.083173232 -0.26458567 -0.23180933 0.39902245 0.55004382 -0.32438351 -0.17763756 0.13365466 0.15762378 0.37250443 -0.21567565 -0.19326406 0.10739613
0.28209479 0.43940268 -0.23194486 -0.16945087 -0.31924472 0.14277058 0.26313001 -0.51425997 0.030328567 0.27275295 -0.084057806 0.37541224 0.0098543486 0.16709319 -0.36216739
0.28209479 0.44984746 -0.12886982 -0.2609978 -0.21924644 0.25045626 0.47256996 -0.38824503 -0.23280615 0.20499175 0.14715069 0.34875279 -0.12961673 0.0090759594 -0.29284067
0.28209479 0.41981301 -0.036594144 -0.30955394 -0.077330366 0.34424066 0.60615964 -0.13364708 -0.34786693 0.066259924 0.29791758 0.14001979 -0.2852459 -0.033388598 -0.12109487
0.28209479 0.46322514 -0.28628886 -0.17426407 -0.26367482 -0.03815938 -0.074141673 -0.32985418 0.017687738 0.34290099 -0.073628238 0.31581514 -0.0014570736 0.4231658 -0.44695726
0.28209479 0.51114873 -0.16869279 -0.2609978 -0.19031336 0.061790337 0.13247588 -0.31943154 -0.26453094 0.26833768 0.14715069 0.30272927 -0.031977886 0.2208621 -0.53993348
0.28209479 0.51621907 -0.05116059 -0.30934781 -0.070416511 0.16772974 0.3631726 -0.13326155 -0.42706951 0.092587178 0.29723635 0.12743532 -0.1387633 0.043299302 -0.49986421
0.28209479 0.47743282 0.043050088 -0.30974647 0.072290163 0.25869521 0.51804753 0.13539416 -0.39620098 -0.07798706 0.29855419 -0.13095669 -0.21468004 -0.0054940179 -0.3376881
0.28209479 0.4252001 -0.31692542 -0.18697028 -0.19894941 -0.2052115 -0.3659856 -0.058002481 -0.01837939 0.39783958 -0.045174946 0.24974313 0.008870323 0.52075983 -0.29084615
0.28209479 0.50042134 -0.19476183 -0.26458567 -0.15073547 -0.12964149 -0.27211268 -0.14883401 -0.27048277 0.3129712 0.15762378 0.24222333 0.070072529 0.34702175 -0.48993552
0.28209479 0.54197545 -0.062237337 -0.30955394 -0.058699496 -0.031736649 -0.072145564 -0.088497431 -0.44909359 0.11269129 0.29791758 0.10628543 0.026297733 0.10556772 -0.61391245
0.28209479 0.53830849 0.055448821 -0.30974647 0.063281955 0.071339144 0.16107498 0.11276548 -0.44671909 -0.10044789 0.29855419 -0.11463795 -0.059201291 -0.075137939 -0.59704384
0.28209479 0.49415218 0.13844119 -0.2691599 0.19054795 0.16055978 0.33278705 0.34519246 -0.28157649 -0.2253361 0.17113049 -0.31014853 -0.091489748 -0.11215983 -0.45804209
0.28209479 0.063773676 -0.37333758 -0.18697028 -0.025330637 -0.46780316 -0.12513349 0.51319578 -0.0027566345 0.46865431 -0.045174946 0.031797796 0.020220919 0.10576 0.45042041
0.28209479 -0.10685271 -0.38659673 -0.17426407 0.045041036 -0.45234518 0.20273301 0.50438514 -0.0040800523 0.46304421 -0.073628238 -0.053947666 -0.017272299 -0.18294455 0.4051754
0.28209479 -0.031342314 -0.24616572 -0.26458567 0.0074694217 -0.5159904 0.067833094 0.37602953 0.016940836 0.39557433 0.15762378 -0.012002936 0.278898 -0.034313936 0.55630998
0.28209479 -0.27156579 -0.37529467 -0.16945087 0.12194063 -0.37377824 0.4257533 0.31783014 -0.018744085 0.44132355 -0.084057806 -0.14339471 -0.02579902 -0.43745566 0.13833563
0.28209479 -0.21671975 -0.24833872 -0.2609978 0.05481161 -0.46703707 0.42454017 0.30876211 0.11215733 0.39502955 0.14715069 -0.087188197 0.24170216 -0.23554731 0.35894799
0.28209479 -0.13729628 -0.084853761 -0.30955394 0.010906701 -0.52525644 0.3024817 0.12774808 0.11376692 0.15364217 0.29791758 -0.019748439 0.43523983 -0.051543838 0.5390717
0.28209479 -0.39718653 -0.33923778 -0.17426407 0.19079689 -0.24140532 0.40217058 0.018127026 -0.015166127 0.40632028 -0.073628238 -0.22852598 -0.0092177942 -0.53623175 -0.20863031
0.28209479 -0.37720856 -0.2331277 -0.2609978 0.10162631 -0.35043512 0.55444455 0.12860606 0.19521389 0.37083355 0.14715069 -0.16165581 0.18135804 -0.36643834 -0.040856574
0.28209479 -0.31904093 -0.082779573 -0.30934781 0.026896714 -0.43912217 0.58762562 0.082360166 0.26394347 0.1498092 0.29723635 -0.04867596 0.36328702 -0.11335904 0.19093114
0.28209479 -0.23419403 0.082055239 -0.30974647 -0.018604178 -0.48991679 0.48124596 -0.10630688 0.19434756 -0.14864654 0.29855419 0.033702257 0.4065609 0.084027446 0.38834112
0.28209479 -0.4646144 -0.28714747 -0.18697028 0.23993524 -0.083906757 0.16351536 -0.25916995 0.020083084 0.36045902 -0.045174946 -0.30119305 0.0036268925 -0.45539655 -0.43794939
0.28209479 -0.48105072 -0.20354267 -0.26458567 0.13864969 -0.18925811 0.38186893 -0.083565024 0.26001275 0.3270815 0.15762378 -0.22280218 0.10229591 -0.36822893 -0.41019294
0.28209479 -0.45712168 -0.075058933 -0.30955394 0.041052083 -0.29288969 0.56157123 0.0095447746 0.37878177 0.13590697 0.29791758 -0.074331781 0.24269528 -0.13742357 -0.25832389
0.28209479 -0.39356862 0.077319344 -0.30974647 -0.033179763 -0.37412437 0.61759734 -0.047064219 0.32660569 -0.14006727 0.29855419 0.060106548 0.31046974 0.12706976 -0.031305287
0.28209479 -0.30540284 0.22400255 -0.2691599 -0.07278284 -0.42035095 0.53846077 -0.21334067 0.17402384 -0.36460146 0.17113049 0.1184662 0.23952327 0.29363825 0.17495651
0.28209479 -0.32656179 -0.13945853 -0.18697028 0.34723754 0.34097548 -0.46704364 -0.47734827 0.014115722 0.17506365 -0.045174946 -0.43589067 -0.014738758 0.21608727 0.020178543
0.28209479 -0.17943617 -0.076628388 -0.17426407 0.38159378 0.42876139 -0.32269676 -0.30052404 -0.0068515709 0.091781251 -0.073628238 -0.45705196 0.016371778 0.44447539 0.31801664
0.28209479 -0.27793508 -0.068965548 -0.26458567 0.23642569 0.43586755 -0.50812066 -0.28404506 0.15022671 0.11082372 0.15762378 -0.37992265 -0.2355908 0.24878517 0.23642235
0.28209479 0 0 -0.16945087 0.39460817 0.46201532 0 0 0 0 -0.084057806 -0.46403504 0.031889342 0.54072494 0.44766351
0.28209479 -0.099187543 -0.024611946 -0.2609978 0.25312188 0.5052256 -0.2101897 -0.11134256 0.051331779 0.03914994 0.14715069 -0.40263806 -0.26146558 0.37204759 0.51468273
0.28209479 -0.19766297 -0.015848365 -0.30955394 0.084071079 0.50564212 -0.41921567 -0.073053662 0.16378818 0.028696161 0.29791758 -0.15222499 -0.41898694 0.11678828 0.45425951
0.28209479 0.17943617 0.076628388 -0.17426407 0.38159378 0.42876139 0.32269676 0.30052404 0.0068515709 -0.091781251 -0.073628238 -0.45705196 0.016371778 0.44447539 0.31801664
0.28209479 0.099187543 0.024611946 -0.2609978 0.25312188 0.5052256 0.2101897 0.11134256 -0.051331779 -0.03914994 0.14715069 -0.40263806 -0.26146558 0.37204759 0.51468273
0.28209479 -2.6588789e-16 -2.1318552e-17 -0.30934781 0.087039594 0.54278485 -6.0533423e-16 -1.0295813e-16 2.1996981e-16 3.8580958e-17 0.29723635 -0.15751872 -0.44904746 0.14011948 0.61786614
0.28209479 -0.098498914 0.0076628386 -0.30974647 -0.083788177 0.53400681 -0.22062117 0.036613976 0.081740017 -0.013881557 0.29855419 0.15178584 -0.44314931 -0.13046525 0.57769611
0.28209479 0.32656179 0.13945853 -0.18697028 0.34723754 0.34097548 0.46704364 0.47734827 -0.014115722 -0.17506365 -0.045174946 -0.43589067 -0.014738758 0.21608727 0.020178543
0.28209479 0.27793508 0.068965548 -0.26458567 0.23642569 0.43586755 0.50812066 0.28404506 -0.15022671 -0.11082372 0.15762378 -0.37992265 -0.2355908 0.24878517 0.23642235
0.28209479 0.19766297 0.015848365 -0.30955394 0.084071079 0.50564212 0.41921567 0.073053662 -0.16378818 -0.028696161 0.29791758 -0.15222499 -0.41898694 0.11678828 0.45425951
0.28209479 0.098498914 -0.0076628386 -0.30974647 -0.083788177 0.53400681 0.22062117 -0.036613976 -0.081740017 0.013881557 0.29855419 0.15178584 -0.44314931 -0.13046525 0.57769611
0.28209479 -2.5452195e-16 5.7688265e-17 -0.2691599 -0.23553022 0.51958235 -5.5468775e-16 2.6669635e-16 1.4503102e-16 -9.3897262e-17 0.17113049 0.38336466 -0.29606704 -0.36295683 0.56617115
