0.28209479 0 0 0.63078313 0 0
0.28209479 0 0 -0.12615664 -0.43701936 0.43701938
0.28209479 0.25687355 -0.41563011 -0.12615664 -0.13504641 -0.35355611
0.28209479 -0.41563013 -0.25687353 -0.12615664 0.35355609 0.13504642
0.28209479 0.41563013 0.25687353 -0.12615664 0.35355609 0.13504642
0.28209479 -0.25687355 0.41563011 -0.12615664 -0.13504641 -0.35355611
0.28209479 0.41563013 0.25687353 -0.12615664 0.35355609 0.13504642
0.28209479 -0.25687355 0.41563011 -0.12615664 -0.13504641 -0.35355611
0.28209479 -1.0703888e-16 5.3519436e-17 -0.12615664 -0.43701936 0.43701938
0.28209479 0.25687355 -0.41563011 -0.12615664 -0.13504641 -0.35355611
0.28209479 -0.41563013 -0.25687353 -0.12615664 0.35355609 0.13504642
0.28209479 0 0 0.63078313 0 0
0.28209479 0 0 0.04223187 -0.52975431 0.33980023
0.28209479 0.19972956 -0.50382629 0.04223187 -0.16370309 -0.27490416
0.28209479 0 0 0.25986681 -0.53338256 0.21414864
0.28209479 0.12587341 -0.50727696 0.25986681 -0.16482428 -0.17324989
0.28209479 0 0 0.46593143 -0.41441111 0.095177172
0.28209479 0.055943738 -0.39412838 0.46593143 -0.12806007 -0.07699995
0.28209479 0 0 0.59399868 -0.21119161 0.021237514
0.28209479 0.063040057 -0.20968623 0.51597546 -0.28860833 0.020482956
0.28209479 0.012483098 -0.20085516 0.59399868 -0.065261798 -0.01718151
0.28209479 0.11880808 -0.1922355 0.33860077 -0.46671784 0.11975593
0.28209479 0.16650853 -0.38447101 0.33860077 -0.32705057 -0.02705095
0.28209479 0.15935669 -0.15015927 0.11094961 -0.5224501 0.25432474
0.28209479 0.26941645 -0.32087041 0.14012566 -0.44164023 0.087538712
0.28209479 0.27841061 -0.45047781 0.11094961 -0.30425591 -0.11208552
0.28209479 0.17406771 -0.10099038 -0.085488753 -0.45756403 0.37512074
0.28209479 0.32750035 -0.22629716 -0.057810814 -0.43044278 0.22538278
0.28209479 0.39743002 -0.33944574 -0.057810814 -0.34823553 0.010161376
0.28209479 0.36131417 -0.40396151 -0.085488753 -0.23744262 -0.20116462
0.28209479 -0.32316922 -0.31138177 0.04223187 0.42858024 0.10500405
0.28209479 -0.20366746 -0.31351441 0.25986681 0.43151556 0.066175568
0.28209479 -0.09051887 -0.24358474 0.46593143 0.33526563 0.029411364
0.28209479 -0.038960898 -0.33927944 0.51597546 0.11023857 -0.053625076
0.28209479 -0.020198076 -0.12413532 0.59399868 0.1708576 0.0065627528
0.28209479 -0.025726982 -0.50327908 0.33860077 0.038603083 -0.16671822
0.28209479 -0.15060838 -0.42985165 0.33860077 0.26458947 -0.075986578
0.28209479 0.020566057 -0.54328134 0.11094961 -0.018636009 -0.29942055
0.28209479 -0.16650853 -0.51917922 0.14012566 0.16869156 -0.22917932
0.28209479 -0.29112113 -0.42856986 0.11094961 0.33440961 -0.072966556
0.28209479 0.079666705 -0.46637699 -0.085488753 -0.045347504 -0.40579349
0.28209479 -0.13247667 -0.47930508 -0.057810814 0.082207256 -0.37483837
0.28209479 -0.31555493 -0.43608617 -0.057810814 0.21522139 -0.24182423
0.28209479 -0.4105509 -0.35065232 -0.085488753 0.31081642 -0.049629544
0.28209479 0.32316922 0.31138177 0.04223187 0.42858024 0.10500405
0.28209479 0.20366746 0.31351441 0.25986681 0.43151556 0.066175568
0.28209479 0.09051887 0.24358474 0.46593143 0.33526563 0.029411364
0.28209479 -1.6234956e-17 -4.368799e-17 0.51597546 0.35673951 0.066284239
0.28209479 0.020198076 0.12413532 0.59399868 0.1708576 0.0065627528
0.28209479 -0.077180946 -0.11880807 0.33860077 0.49057586 0.14999982
0.28209479 0.077180946 0.11880807 0.33860077 0.49057586 0.14999982
0.28209479 -0.19263327 -0.18560706 0.11094961 0.51093241 0.23014789
0.28209479 -6.9383889e-17 -6.6853143e-17 0.14012566 0.54589734 0.28328122
0.28209479 0.19263327 0.18560706 0.11094961 0.51093241 0.23014789
0.28209479 -0.30297114 -0.18724646 -0.085488753 0.42953773 0.28146691
0.28209479 -0.11314859 -0.069929669 -0.057810814 0.48124966 0.38111845
0.28209479 0.11314859 0.069929669 -0.057810814 0.48124966 0.38111845
0.28209479 0.30297114 0.18724646 -0.085488753 0.42953773 0.28146691
0.28209479 -0.19972956 0.50382629 0.04223187 -0.16370309 -0.27490416
0.28209479 -0.12587341 0.50727696 0.25986681 -0.16482428 -0.17324989
0.28209479 -0.055943738 0.39412838 0.46593143 -0.12806007 -0.07699995
0.28209479 0.038960898 0.33927944 0.51597546 0.11023857 -0.053625076
0.28209479 -0.012483098 0.20085516 0.59399868 -0.065261798 -0.01718151
0.28209479 0.15060838 0.42985165 0.33860077 0.26458947 -0.075986578
0.28209479 0.025726982 0.50327908 0.33860077 0.038603083 -0.16671822
0.28209479 0.29112113 0.42856986 0.11094961 0.33440961 -0.072966556
0.28209479 0.16650853 0.51917922 0.14012566 0.16869156 -0.22917932
0.28209479 -0.020566057 0.54328134 0.11094961 -0.018636009 -0.29942055
0.28209479 0.4105509 0.35065232 -0.085488753 0.31081642 -0.049629544
0.28209479 0.31555493 0.43608617 -0.057810814 0.21522139 -0.24182423
0.28209479 0.13247667 0.47930508 -0.057810814 0.082207256 -0.37483837
0.28209479 -0.079666705 0.46637699 -0.085488753 -0.045347504 -0.40579349
0.28209479 -0.063040057 0.20968623 0.51597546 -0.28860833 0.020482956
0.28209479 -0.16650853 0.38447101 0.33860077 -0.32705057 -0.02705095
0.28209479 -0.11880808 0.1922355 0.33860077 -0.46671784 0.11975593
0.28209479 -0.27841061 0.45047781 0.11094961 -0.30425591 -0.11208552
0.28209479 -0.26941645 0.32087041 0.14012566 -0.44164023 0.087538712
0.28209479 -0.15935669 0.15015927 0.11094961 -0.5224501 0.25432474
0.28209479 -0.36131417 0.40396151 -0.085488753 -0.23744262 -0.20116462
0.28209479 -0.39743002 0.33944574 -0.057810814 -0.34823553 0.010161376
0.28209479 -0.32750035 0.22629716 -0.057810814 -0.43044278 0.22538278
0.28209479 -0.17406771 0.10099038 -0.085488753 -0.45756403 0.37512074
0.28209479 -0.19972956 0.50382629 0.04223187 -0.16370309 -0.27490416
0.28209479 0.32316922 0.31138177 0.04223187 0.42858024 0.10500405
0.28209479 -0.12587341 0.50727696 0.25986681 -0.16482428 -0.17324989
0.28209479 0.20366746 0.31351441 0.25986681 0.43151556 0.066175568
0.28209479 -0.055943738 0.39412838 0.46593143 -0.12806007 -0.07699995
0.28209479 0.09051887 0.24358474 0.46593143 0.33526563 0.029411364
0.28209479 -0.012483098 0.20085516 0.59399868 -0.065261798 -0.01718151
0.28209479 0.038960898 0.33927944 0.51597546 0.11023857 -0.053625076
0.28209479 0.020198076 0.12413532 0.59399868 0.1708576 0.0065627528
0.28209479 0.025726982 0.50327908 0.33860077 0.038603083 -0.16671822
0.28209479 0.15060838 0.42985165 0.33860077 0.26458947 -0.075986578
0.28209479 -0.020566057 0.54328134 0.11094961 -0.018636009 -0.29942055
0.28209479 0.16650853 0.51917922 0.14012566 0.16869156 -0.22917932
0.28209479 0.29112113 0.42856986 0.11094961 0.33440961 -0.072966556
0.28209479 -0.079666705 0.46637699 -0.085488753 -0.045347504 -0.40579349
0.28209479 0.13247667 0.47930508 -0.057810814 0.082207256 -0.37483837
0.28209479 0.31555493 0.43608617 -0.057810814 0.21522139 -0.24182423
0.28209479 0.4105509 0.35065232 -0.085488753 0.31081642 -0.049629544
0.28209479 -8.3227053e-17 6.4876192e-17 0.04223187 -0.52975431 0.33980023
0.28209479 -5.2451289e-17 6.5320525e-17 0.25986681 -0.53338256 0.21414864
0.28209479 -2.3311684e-17 5.0750723e-17 0.46593143 -0.41441111 0.095177172
0.28209479 -5.2016908e-18 2.5863513e-17 0.59399868 -0.21119161 0.021237514
0.28209479 -0.063040057 0.20968623 0.51597546 -0.28860833 0.020482956
0.28209479 -0.11880808 0.1922355 0.33860077 -0.46671784 0.11975593
0.28209479 -0.16650853 0.38447101 0.33860077 -0.32705057 -0.02705095
0.28209479 -0.15935669 0.15015927 0.11094961 -0.5224501 0.25432474
0.28209479 -0.26941645 0.32087041 0.14012566 -0.44164023 0.087538712
0.28209479 -0.27841061 0.45047781 0.11094961 -0.30425591 -0.11208552
0.28209479 -0.17406771 0.10099038 -0.085488753 -0.45756403 0.37512074
0.28209479 -0.32750035 0.22629716 -0.057810814 -0.43044278 0.22538278
0.28209479 -0.39743002 0.33944574 -0.057810814 -0.34823553 0.010161376
0.28209479 -0.36131417 0.40396151 -0.085488753 -0.23744262 -0.20116462
0.28209479 0.19972956 -0.50382629 0.04223187 -0.16370309 -0.27490416
0.28209479 0.12587341 -0.50727696 0.25986681 -0.16482428 -0.17324989
0.28209479 0.055943738 -0.39412838 0.46593143 -0.12806007 -0.07699995
0.28209479 0.012483098 -0.20085516 0.59399868 -0.065261798 -0.01718151
0.28209479 0.063040057 -0.20968623 0.51597546 -0.28860833 0.020482956
0.28209479 0.16650853 -0.38447101 0.33860077 -0.32705057 -0.02705095
0.28209479 0.11880808 -0.1922355 0.33860077 -0.46671784 0.11975593
0.28209479 0.27841061 -0.45047781 0.11094961 -0.30425591 -0.11208552
0.28209479 0.26941645 -0.32087041 0.14012566 -0.44164023 0.087538712
0.28209479 0.15935669 -0.15015927 0.11094961 -0.5224501 0.25432474
0.28209479 0.36131417 -0.40396151 -0.085488753 -0.23744262 -0.20116462
0.28209479 0.39743002 -0.33944574 -0.057810814 -0.34823553 0.010161376
0.28209479 0.32750035 -0.22629716 -0.057810814 -0.43044278 0.22538278
0.28209479 0.17406771 -0.10099038 -0.085488753 -0.45756403 0.37512074
0.28209479 -0.32316922 -0.31138177 0.04223187 0.42858024 0.10500405
0.28209479 -0.20366746 -0.31351441 0.25986681 0.43151556 0.066175568
0.28209479 -0.09051887 -0.24358474 0.46593143 0.33526563 0.029411364
0.28209479 -0.020198076 -0.12413532 0.59399868 0.1708576 0.0065627528
0.28209479 -0.038960898 -0.33927944 0.51597546 0.11023857 -0.053625076
0.28209479 -0.15060838 -0.42985165 0.33860077 0.26458947 -0.075986578
0.28209479 -0.025726982 -0.50327908 0.33860077 0.038603083 -0.16671822
0.28209479 -0.29112113 -0.42856986 0.11094961 0.33440961 -0.072966556
0.28209479 -0.16650853 -0.51917922 0.14012566 0.16869156 -0.22917932
0.28209479 0.020566057 -0.54328134 0.11094961 -0.018636009 -0.29942055
0.28209479 -0.4105509 -0.35065232 -0.085488753 0.31081642 -0.049629544
0.28209479 -0.31555493 -0.43608617 -0.057810814 0.21522139 -0.24182423
0.28209479 -0.13247667 -0.47930508 -0.057810814 0.082207256 -0.37483837
0.28209479 0.079666705 -0.46637699 -0.085488753 -0.045347504 -0.40579349
0.28209479 -3.2469912e-17 -8.7375981e-17 0.51597546 0.35673951 0.066284239
0.28209479 0.077180946 0.11880807 0.33860077 0.49057586 0.14999982
0.28209479 -0.077180946 -0.11880807 0.33860077 0.49057586 0.14999982
0.28209479 0.19263327 0.18560706 0.11094961 0.51093241 0.23014789
0.28209479 0 0 0.14012566 0.54589734 0.28328122
0.28209479 -0.19263327 -0.18560706 0.11094961 0.51093241 0.23014789
0.28209479 0.30297114 0.18724646 -0.085488753 0.42953773 0.28146691
0.28209479 0.11314859 0.069929669 -0.057810814 0.48124966 0.38111845
0.28209479 -0.11314859 -0.069929669 -0.057810814 0.48124966 0.38111845
0.28209479 -0.30297114 -0.18724646 -0.085488753 0.42953773 0.28146691
0.28209479 0.423034 0.14979716 -0.23262655 0.26989064 0.26369363
0.28209479 0.37149866 0.0419578 -0.30508834 0.10533854 0.39235258
0.28209479 0.25835008 -0.027971867 -0.30508834 -0.10988285 0.47455984
0.28209479 0.12006286 -0.03744929 -0.23262655 -0.30639468 0.48381505
0.28209479 0.3208846 -0.11688269 -0.21672317 -0.31278516 0.36939868
0.28209479 0.45182511 -0.057527276 -0.30367816 -0.10623045 0.29483335
0.28209479 0.46165195 -0.20206232 -0.20997094 -0.27811493 0.14999981
0.28209479 0.51351786 0.06872437 -0.30442841 0.09459098 0.16685207
0.28209479 0.53883289 -0.083254256 -0.30367816 -0.087538705 0.027050949
0.28209479 0.47672819 -0.26135763 -0.21672317 -0.20781797 -0.11023857
0.28209479 0.49723692 0.21039139 -0.23262655 0.22586636 0.035320512
0.28209479 0.53116779 0.087217231 -0.30508834 0.072455638 -0.09905847
0.28209479 0.48794888 -0.095861014 -0.30508834 -0.060558493 -0.23207261
0.28209479 0.38151224 -0.27982619 -0.23262655 -0.13029755 -0.32084342
0.28209479 -0.18724646 0.30297112 -0.23262655 -0.059064771 -0.46198578
0.28209479 -0.069929671 0.11314858 -0.30508834 -0.0073528403 -0.53578134
0.28209479 0.069929671 -0.11314858 -0.30508834 -0.0073528403 -0.53578134
0.28209479 0.18724646 -0.30297112 -0.23262655 -0.059064771 -0.46198578
0.28209479 -0.042473999 -0.3335951 -0.21672317 0.014506109 -0.48746104
0.28209479 -0.1922355 -0.11880807 -0.30367816 0.021884676 -0.50410133
0.28209479 -0.2853166 -0.32694371 -0.20997094 0.10623045 -0.3927046
0.28209479 -0.31737149 0.11119837 -0.30442841 -0.03613054 -0.43682439
0.28209479 -0.42002482 -0.10898124 -0.30367816 0.052128555 -0.3386027
0.28209479 -0.45047781 -0.27841058 -0.21672317 0.18434659 -0.19102892
0.28209479 -0.38151224 0.27982619 -0.23262655 -0.13029755 -0.32084342
0.28209479 -0.48794888 0.095861014 -0.30508834 -0.060558493 -0.23207261
0.28209479 -0.53116779 -0.087217231 -0.30508834 0.072455638 -0.09905847
0.28209479 -0.49723692 -0.21039139 -0.23262655 0.22586636 0.035320512
0.28209479 -0.12006286 0.03744929 -0.23262655 -0.30639468 0.48381505
0.28209479 -0.25835008 0.027971867 -0.30508834 -0.10988285 0.47455984
0.28209479 -0.37149866 -0.0419578 -0.30508834 0.10533854 0.39235258
0.28209479 -0.423034 -0.14979716 -0.23262655 0.26989064 0.26369363
0.28209479 -0.25216022 -0.089290427 -0.21672317 0.32175043 0.41932986
0.28209479 -0.14078154 -0.015900148 -0.30367816 0.11975592 0.52081973
0.28209479 -1.1889106e-16 -4.2099556e-17 -0.20997094 0.34376896 0.48540959
0.28209479 -1.3224829e-16 1.4318678e-17 -0.30442841 -0.11692088 0.53994463
0.28209479 0.14078154 0.015900148 -0.30367816 0.11975592 0.52081973
0.28209479 0.25216022 0.089290427 -0.21672317 0.32175043 0.41932986
0.28209479 0.12006286 -0.03744929 -0.23262655 -0.30639468 0.48381505
0.28209479 0.25835008 -0.027971867 -0.30508834 -0.10988285 0.47455984
0.28209479 0.37149866 0.0419578 -0.30508834 0.10533854 0.39235258
0.28209479 0.423034 0.14979716 -0.23262655 0.26989064 0.26369363
0.28209479 0.38151224 -0.27982619 -0.23262655 -0.13029755 -0.32084342
0.28209479 0.48794888 -0.095861014 -0.30508834 -0.060558493 -0.23207261
0.28209479 0.53116779 0.087217231 -0.30508834 0.072455638 -0.09905847
0.28209479 0.49723692 0.21039139 -0.23262655 0.22586636 0.035320512
0.28209479 0.45047781 0.27841058 -0.21672317 0.18434659 -0.19102892
0.28209479 0.42002482 0.10898124 -0.30367816 0.052128555 -0.3386027
0.28209479 0.2853166 0.32694371 -0.20997094 0.10623045 -0.3927046
0.28209479 0.31737149 -0.11119837 -0.30442841 -0.03613054 -0.43682439
0.28209479 0.1922355 0.11880807 -0.30367816 0.021884676 -0.50410133
0.28209479 0.042473999 0.3335951 -0.21672317 0.014506109 -0.48746104
0.28209479 0.18724646 -0.30297112 -0.23262655 -0.059064771 -0.46198578
0.28209479 0.069929671 -0.11314858 -0.30508834 -0.0073528403 -0.53578134
0.28209479 -0.069929671 0.11314858 -0.30508834 -0.0073528403 -0.53578134
0.28209479 -0.18724646 0.30297112 -0.23262655 -0.059064771 -0.46198578
0.28209479 -0.49723692 -0.21039139 -0.23262655 0.22586636 0.035320512
0.28209479 -0.53116779 -0.087217231 -0.30508834 0.072455638 -0.09905847
0.28209479 -0.48794888 0.095861014 -0.30508834 -0.060558493 -0.23207261
0.28209479 -0.38151224 0.27982619 -0.23262655 -0.13029755 -0.32084342
0.28209479 -0.47672819 0.26135763 -0.21672317 -0.20781797 -0.11023857
0.28209479 -0.53883289 0.083254256 -0.30367816 -0.087538705 0.027050949
0.28209479 -0.46165195 0.20206232 -0.20997094 -0.27811493 0.14999981
0.28209479 -0.51351786 -0.06872437 -0.30442841 0.09459098 0.16685207
0.28209479 -0.45182511 0.057527276 -0.30367816 -0.10623045 0.29483335
0.28209479 -0.3208846 0.11688269 -0.21672317 -0.31278516 0.36939868
0.28209479 -0.423034 -0.14979716 -0.23262655 0.26989064 0.26369363
0.28209479 -0.37149866 -0.0419578 -0.30508834 0.10533854 0.39235258
0.28209479 -0.25835008 0.027971867 -0.30508834 -0.10988285 0.47455984
0.28209479 -0.12006286 0.03744929 -0.23262655 -0.30639468 0.48381505
0.28209479 0.45047781 0.27841058 -0.21672317 0.18434659 -0.19102892
0.28209479 0.2853166 0.32694371 -0.20997094 0.10623045 -0.3927046
0.28209479 0.42002482 0.10898124 -0.30367816 0.052128555 -0.3386027
0.28209479 0.042473999 0.3335951 -0.21672317 0.014506109 -0.48746104
0.28209479 0.1922355 0.11880807 -0.30367816 0.021884676 -0.50410133
0.28209479 0.31737149 -0.11119837 -0.30442841 -0.03613054 -0.43682439
0.28209479 -0.47672819 0.26135763 -0.21672317 -0.20781797 -0.11023857
0.28209479 -0.46165195 0.20206232 -0.20997094 -0.27811493 0.14999981
0.28209479 -0.53883289 0.083254256 -0.30367816 -0.087538705 0.027050949
0.28209479 -0.3208846 0.11688269 -0.21672317 -0.31278516 0.36939868
0.28209479 -0.45182511 0.057527276 -0.30367816 -0.10623045 0.29483335
0.28209479 -0.51351786 -0.06872437 -0.30442841 0.09459098 0.16685207
0.28209479 0.3208846 -0.11688269 -0.21672317 -0.31278516 0.36939868
0.28209479 0.46165195 -0.20206232 -0.20997094 -0.27811493 0.14999981
0.28209479 0.45182511 -0.057527276 -0.30367816 -0.10623045 0.29483335
0.28209479 0.47672819 -0.26135763 -0.21672317 -0.20781797 -0.11023857
0.28209479 0.53883289 -0.083254256 -0.30367816 -0.087538705 0.027050949
0.28209479 0.51351786 0.06872437 -0.30442841 0.09459098 0.16685207
0.28209479 -0.042473999 -0.3335951 -0.21672317 0.014506109 -0.48746104
0.28209479 -0.2853166 -0.32694371 -0.20997094 0.10623045 -0.3927046
0.28209479 -0.1922355 -0.11880807 -0.30367816 0.021884676 -0.50410133
0.28209479 -0.45047781 -0.27841058 -0.21672317 0.18434659 -0.19102892
0.28209479 -0.42002482 -0.10898124 -0.30367816 0.052128555 -0.3386027
0.28209479 -0.31737149 0.11119837 -0.30442841 -0.03613054 -0.43682439
0.28209479 -0.25216022 -0.089290427 -0.21672317 0.32175043 0.41932986
0.28209479 -2.3778212e-16 -8.4199111e-17 -0.20997094 0.34376896 0.48540959
0.28209479 -0.14078154 -0.015900148 -0.30367816 0.11975592 0.52081973
0.28209479 0.25216022 0.089290427 -0.21672317 0.32175043 0.41932986
0.28209479 0.14078154 0.015900148 -0.30367816 0.11975592 0.52081973
0.28209479 -2.6449659e-16 2.8637357e-17 -0.30442841 -0.11692088 0.53994463
