0.28209479 0 0 0.63078313 0 0
0.28209479 0 0 -0.12615664 -0.43701936 0.43701938
0.28209479 0.25687355 -0.41563011 -0.12615664 -0.13504641 -0.35355611
0.28209479 -0.41563013 -0.25687353 -0.12615664 0.35355609 0.13504642
0.28209479 0.41563013 0.25687353 -0.12615664 0.35355609 0.13504642
0.28209479 -0.25687355 0.41563011 -0.12615664 -0.13504641 -0.35355611
0.28209479 0.41563013 0.25687353 -0.12615664 0.35355609 0.13504642
0.28209479 -0.25687355 0.41563011 -0.12615664 -0.13504641 -0.35355611
0.28209479 -1.0703888e-16 5.3519436e-17 -0.12615664 -0.43701936 0.43701938
0.28209479 0.25687355 -0.41563011 -0.12615664 -0.13504641 -0.35355611
0.28209479 -0.41563013 -0.25687353 -0.12615664 0.35355609 0.13504642
0.28209479 0 0 0.63078313 0 0
0.28209479 0 0 -0.012408809 -0.50973989 0.37134704
0.28209479 0.21827231 -0.48479144 -0.012408809 -0.15751829 -0.30042607
0.28209479 0 0 0.13206505 -0.54547191 0.28793502
0.28209479 0.16924396 -0.51877462 0.13206505 -0.16856009 -0.23294432
0.28209479 0 0 0.29185291 -0.52384922 0.19568146
0.28209479 0.11501867 -0.49821022 0.29185291 -0.16187831 -0.15830962
0.28209479 0 0 0.44013488 -0.43823859 0.11007082
0.28209479 0.064698004 -0.41678967 0.44013488 -0.13542317 -0.089049163
0.28209479 0 0 0.55098824 -0.30360651 0.046069603
0.28209479 0.027079033 -0.28874695 0.55098824 -0.093819571 -0.037271092
0.28209479 0 0 0.61291669 -0.14870806 0.010315196
0.28209479 0.029537792 -0.14870629 0.57698932 -0.20467665 0.0095974103
0.28209479 0.0060631198 -0.14142977 0.61291669 -0.045953319 -0.0083451685
0.28209479 0.057257777 -0.14809385 0.48997021 -0.35954879 0.057714582
0.28209479 0.080246295 -0.2961877 0.48997021 -0.25195231 -0.013036801
0.28209479 0.084853769 -0.13729628 0.35398376 -0.47769582 0.13542206
0.28209479 0.13901051 -0.28428831 0.37761913 -0.39128929 0.045167254
0.28209479 0.14824723 -0.41188883 0.35398376 -0.27819264 -0.059682958
0.28209479 0.10685271 -0.11744249 0.19109448 -0.53210477 0.23027056
0.28209479 0.19210781 -0.25147238 0.22686212 -0.47832888 0.13220686
0.28209479 0.23312772 -0.37720856 0.22686212 -0.3869762 0.0059605424
0.28209479 0.2217953 -0.46976998 0.19109448 -0.27612386 -0.12348635
0.28209479 0.11979725 -0.092922877 0.033055541 -0.51871695 0.32363772
0.28209479 0.22903111 -0.20423363 0.067531457 -0.49584742 0.23085833
0.28209479 0.3021064 -0.31679863 0.080591179 -0.43603591 0.098160321
0.28209479 0.32098518 -0.40846726 0.067531457 -0.34746301 -0.052147203
0.28209479 0.28714749 -0.46461438 0.033055541 -0.24866726 -0.19141336
0.28209479 0.12378713 -0.068672334 -0.096527664 -0.45555118 0.40125272
0.28209479 0.24615301 -0.15335178 -0.071019731 -0.45293602 0.32184538
0.28209479 0.34385419 -0.24426165 -0.05589814 -0.42180795 0.19733564
0.28209479 0.39417486 -0.3256822 -0.05589814 -0.36265246 0.042464539
0.28209479 0.38831794 -0.38337944 -0.071019731 -0.28581113 -0.11569327
0.28209479 0.33599632 -0.412034 -0.096527664 -0.20608433 -0.25186002
0.28209479 -0.35317202 -0.29961759 -0.012408809 0.41238823 0.11475255
0.28209479 -0.27384248 -0.32062034 0.13206505 0.44129605 0.088976814
0.28209479 -0.18610412 -0.30791085 0.29185291 0.42380292 0.060468895
0.28209479 -0.10468357 -0.25759018 0.44013488 0.35454247 0.034013754
0.28209479 -0.043814796 -0.17845543 0.55098824 0.24562282 0.01423629
0.28209479 -0.018255359 -0.24061184 0.57698932 0.078179524 -0.025126346
0.28209479 -0.0098103339 -0.087408407 0.61291669 0.12030735 0.0031875707
0.28209479 -0.012398734 -0.38771474 0.48997021 0.029738936 -0.080347355
0.28209479 -0.072583456 -0.33114792 0.48997021 0.2038337 -0.036620595
0.28209479 0.010950952 -0.4967426 0.35398376 -0.017039605 -0.15943455
0.28209479 -0.085913223 -0.45998814 0.37761913 0.14945921 -0.11824941
0.28209479 -0.15501529 -0.39185758 0.35398376 0.30576331 -0.03885301
0.28209479 0.04890398 -0.54235343 0.19109448 -0.052734966 -0.24909925
0.28209479 -0.07770924 -0.53262704 0.22686212 0.091352688 -0.21987573
0.28209479 -0.18510077 -0.48460009 0.22686212 0.23916444 -0.14185122
0.28209479 -0.25201963 -0.40777631 0.19109448 0.36145083 -0.030465453
0.28209479 0.093311468 -0.52204388 0.033055541 -0.071917444 -0.33224348
0.28209479 -0.049594938 -0.53469059 0.067531457 0.041012445 -0.32138942
0.28209479 -0.18671203 -0.51259096 0.080591179 0.1665509 -0.25698706
0.28209479 -0.29033382 -0.45668028 0.067531457 0.28110348 -0.14648238
0.28209479 -0.34481715 -0.38007036 0.033055541 0.36503213 -0.0139244
0.28209479 0.13570454 -0.45447584 -0.096527664 -0.075461787 -0.39738052
0.28209479 -0.0099660046 -0.47815606 -0.071019731 0.0058812811 -0.40506349
0.28209479 -0.16219291 -0.4766442 -0.05589814 0.10196081 -0.3617603
0.28209479 -0.29393413 -0.44554432 -0.05589814 0.1976764 -0.2660447
0.28209479 -0.38215861 -0.39029331 -0.071019731 0.27629502 -0.13464974
0.28209479 -0.41986634 -0.32332335 -0.096527664 0.32818406 0.0062653556
0.28209479 0.35317202 0.29961759 -0.012408809 0.41238823 0.11475255
0.28209479 0.27384248 0.32062034 0.13206505 0.44129605 0.088976814
0.28209479 0.18610412 0.30791085 0.29185291 0.42380292 0.060468895
0.28209479 0.10468357 0.25759018 0.44013488 0.35454247 0.034013754
0.28209479 0.043814796 0.17845543 0.55098824 0.24562282 0.01423629
0.28209479 -7.6069847e-18 -3.098286e-17 0.57698932 0.25299426 0.031057872
0.28209479 0.0098103339 0.087408407 0.61291669 0.12030735 0.0031875707
0.28209479 -0.037196203 -0.091527034 0.48997021 0.37792847 0.072290169
0.28209479 0.037196203 0.091527034 0.48997021 0.37792847 0.072290169
0.28209479 -0.10257278 -0.16970753 0.35398376 0.46716476 0.12254845
0.28209479 -3.579993e-17 -5.9231286e-17 0.37761913 0.48366016 0.14616431
0.28209479 0.10257278 0.16970753 0.35398376 0.46716476 0.12254845
0.28209479 -0.18598102 -0.21775036 0.19109448 0.49951276 0.17278049
0.28209479 -0.066371615 -0.077709238 0.22686212 0.53478795 0.22355955
0.28209479 0.066371615 0.077709238 0.22686212 0.53478795 0.22355955
0.28209479 0.18598102 0.21775036 0.19109448 0.49951276 0.17278049
0.28209479 -0.27077838 -0.22971798 0.033055541 0.47426952 0.21394351
0.28209479 -0.14878481 -0.12622333 0.067531457 0.52119451 0.28916067
0.28209479 -7.7802661e-17 -6.6004792e-17 0.080591179 0.53897003 0.31765347
0.28209479 0.14878481 0.12622333 0.067531457 0.52119451 0.28916067
0.28209479 0.27077838 0.22971798 0.033055541 0.47426952 0.21394351
0.28209479 -0.34336169 -0.21220918 -0.096527664 0.40891323 0.24172246
0.28209479 -0.23002768 -0.14216492 -0.071019731 0.45657085 0.33356112
0.28209479 -0.081420554 -0.050320667 -0.05589814 0.48482319 0.38800483
0.28209479 0.081420554 0.050320667 -0.05589814 0.48482319 0.38800483
0.28209479 0.23002768 0.14216492 -0.071019731 0.45657085 0.33356112
0.28209479 0.34336169 0.21220918 -0.096527664 0.40891323 0.24172246
0.28209479 -0.21827231 0.48479144 -0.012408809 -0.15751829 -0.30042607
0.28209479 -0.16924396 0.51877462 0.13206505 -0.16856009 -0.23294432
0.28209479 -0.11501867 0.49821022 0.29185291 -0.16187831 -0.15830962
0.28209479 -0.064698004 0.41678967 0.44013488 -0.13542317 -0.089049163
0.28209479 -0.027079033 0.28874695 0.55098824 -0.093819571 -0.037271092
0.28209479 0.018255359 0.24061184 0.57698932 0.078179524 -0.025126346
0.28209479 -0.0060631198 0.14142977 0.61291669 -0.045953319 -0.0083451685
0.28209479 0.072583456 0.33114792 0.48997021 0.2038337 -0.036620595
0.28209479 0.012398734 0.38771474 0.48997021 0.029738936 -0.080347355
0.28209479 0.15501529 0.39185758 0.35398376 0.30576331 -0.03885301
0.28209479 0.085913223 0.45998814 0.37761913 0.14945921 -0.11824941
0.28209479 -0.010950952 0.4967426 0.35398376 -0.017039605 -0.15943455
0.28209479 0.25201963 0.40777631 0.19109448 0.36145083 -0.030465453
0.28209479 0.18510077 0.48460009 0.22686212 0.23916444 -0.14185122
0.28209479 0.07770924 0.53262704 0.22686212 0.091352688 -0.21987573
0.28209479 -0.04890398 0.54235343 0.19109448 -0.052734966 -0.24909925
0.28209479 0.34481715 0.38007036 0.033055541 0.36503213 -0.0139244
0.28209479 0.29033382 0.45668028 0.067531457 0.28110348 -0.14648238
0.28209479 0.18671203 0.51259096 0.080591179 0.1665509 -0.25698706
0.28209479 0.049594938 0.53469059 0.067531457 0.041012445 -0.32138942
0.28209479 -0.093311468 0.52204388 0.033055541 -0.071917444 -0.33224348
0.28209479 0.41986634 0.32332335 -0.096527664 0.32818406 0.0062653556
0.28209479 0.38215861 0.39029331 -0.071019731 0.27629502 -0.13464974
0.28209479 0.29393413 0.44554432 -0.05589814 0.1976764 -0.2660447
0.28209479 0.16219291 0.4766442 -0.05589814 0.10196081 -0.3617603
0.28209479 0.0099660046 0.47815606 -0.071019731 0.0058812811 -0.40506349
0.28209479 -0.13570454 0.45447584 -0.096527664 -0.075461787 -0.39738052
0.28209479 -0.029537792 0.14870629 0.57698932 -0.20467665 0.0095974103
0.28209479 -0.080246295 0.2961877 0.48997021 -0.25195231 -0.013036801
0.28209479 -0.057257777 0.14809385 0.48997021 -0.35954879 0.057714582
0.28209479 -0.14824723 0.41188883 0.35398376 -0.27819264 -0.059682958
0.28209479 -0.13901051 0.28428831 0.37761913 -0.39128929 0.045167254
0.28209479 -0.084853769 0.13729628 0.35398376 -0.47769582 0.13542206
0.28209479 -0.2217953 0.46976998 0.19109448 -0.27612386 -0.12348635
0.28209479 -0.23312772 0.37720856 0.22686212 -0.3869762 0.0059605424
0.28209479 -0.19210781 0.25147238 0.22686212 -0.47832888 0.13220686
0.28209479 -0.10685271 0.11744249 0.19109448 -0.53210477 0.23027056
0.28209479 -0.28714749 0.46461438 0.033055541 -0.24866726 -0.19141336
0.28209479 -0.32098518 0.40846726 0.067531457 -0.34746301 -0.052147203
0.28209479 -0.3021064 0.31679863 0.080591179 -0.43603591 0.098160321
0.28209479 -0.22903111 0.20423363 0.067531457 -0.49584742 0.23085833
0.28209479 -0.11979725 0.092922877 0.033055541 -0.51871695 0.32363772
0.28209479 -0.33599632 0.412034 -0.096527664 -0.20608433 -0.25186002
0.28209479 -0.38831794 0.38337944 -0.071019731 -0.28581113 -0.11569327
0.28209479 -0.39417486 0.3256822 -0.05589814 -0.36265246 0.042464539
0.28209479 -0.34385419 0.24426165 -0.05589814 -0.42180795 0.19733564
0.28209479 -0.24615301 0.15335178 -0.071019731 -0.45293602 0.32184538
0.28209479 -0.12378713 0.068672334 -0.096527664 -0.45555118 0.40125272
0.28209479 -0.21827231 0.48479144 -0.012408809 -0.15751829 -0.30042607
0.28209479 0.35317202 0.29961759 -0.012408809 0.41238823 0.11475255
0.28209479 -0.16924396 0.51877462 0.13206505 -0.16856009 -0.23294432
0.28209479 0.27384248 0.32062034 0.13206505 0.44129605 0.088976814
0.28209479 -0.11501867 0.49821022 0.29185291 -0.16187831 -0.15830962
0.28209479 0.18610412 0.30791085 0.29185291 0.42380292 0.060468895
0.28209479 -0.064698004 0.41678967 0.44013488 -0.13542317 -0.089049163
0.28209479 0.10468357 0.25759018 0.44013488 0.35454247 0.034013754
0.28209479 -0.027079033 0.28874695 0.55098824 -0.093819571 -0.037271092
0.28209479 0.043814796 0.17845543 0.55098824 0.24562282 0.01423629
0.28209479 -0.0060631198 0.14142977 0.61291669 -0.045953319 -0.0083451685
0.28209479 0.018255359 0.24061184 0.57698932 0.078179524 -0.025126346
0.28209479 0.0098103339 0.087408407 0.61291669 0.12030735 0.0031875707
0.28209479 0.012398734 0.38771474 0.48997021 0.029738936 -0.080347355
0.28209479 0.072583456 0.33114792 0.48997021 0.2038337 -0.036620595
0.28209479 -0.010950952 0.4967426 0.35398376 -0.017039605 -0.15943455
0.28209479 0.085913223 0.45998814 0.37761913 0.14945921 -0.11824941
0.28209479 0.15501529 0.39185758 0.35398376 0.30576331 -0.03885301
0.28209479 -0.04890398 0.54235343 0.19109448 -0.052734966 -0.24909925
0.28209479 0.07770924 0.53262704 0.22686212 0.091352688 -0.21987573
0.28209479 0.18510077 0.48460009 0.22686212 0.23916444 -0.14185122
0.28209479 0.25201963 0.40777631 0.19109448 0.36145083 -0.030465453
0.28209479 -0.093311468 0.52204388 0.033055541 -0.071917444 -0.33224348
0.28209479 0.049594938 0.53469059 0.067531457 0.041012445 -0.32138942
0.28209479 0.18671203 0.51259096 0.080591179 0.1665509 -0.25698706
0.28209479 0.29033382 0.45668028 0.067531457 0.28110348 -0.14648238
0.28209479 0.34481715 0.38007036 0.033055541 0.36503213 -0.0139244
0.28209479 -0.13570454 0.45447584 -0.096527664 -0.075461787 -0.39738052
0.28209479 0.0099660046 0.47815606 -0.071019731 0.0058812811 -0.40506349
0.28209479 0.16219291 0.4766442 -0.05589814 0.10196081 -0.3617603
0.28209479 0.29393413 0.44554432 -0.05589814 0.1976764 -0.2660447
0.28209479 0.38215861 0.39029331 -0.071019731 0.27629502 -0.13464974
0.28209479 0.41986634 0.32332335 -0.096527664 0.32818406 0.0062653556
0.28209479 -9.0953793e-17 6.2425132e-17 -0.012408809 -0.50973989 0.37134704
0.28209479 -7.052374e-17 6.6801043e-17 0.13206505 -0.54547191 0.28793502
0.28209479 -4.7928134e-17 6.4153027e-17 0.29185291 -0.52384922 0.19568146
0.28209479 -2.6959575e-17 5.3668748e-17 0.44013488 -0.43823859 0.11007082
0.28209479 -1.1283798e-17 3.7181074e-17 0.55098824 -0.30360651 0.046069603
0.28209479 -2.5264942e-18 1.8211485e-17 0.61291669 -0.14870806 0.010315196
0.28209479 -0.029537792 0.14870629 0.57698932 -0.20467665 0.0095974103
0.28209479 -0.057257777 0.14809385 0.48997021 -0.35954879 0.057714582
0.28209479 -0.080246295 0.2961877 0.48997021 -0.25195231 -0.013036801
0.28209479 -0.084853769 0.13729628 0.35398376 -0.47769582 0.13542206
0.28209479 -0.13901051 0.28428831 0.37761913 -0.39128929 0.045167254
0.28209479 -0.14824723 0.41188883 0.35398376 -0.27819264 -0.059682958
0.28209479 -0.10685271 0.11744249 0.19109448 -0.53210477 0.23027056
0.28209479 -0.19210781 0.25147238 0.22686212 -0.47832888 0.13220686
0.28209479 -0.23312772 0.37720856 0.22686212 -0.3869762 0.0059605424
0.28209479 -0.2217953 0.46976998 0.19109448 -0.27612386 -0.12348635
0.28209479 -0.11979725 0.092922877 0.033055541 -0.51871695 0.32363772
0.28209479 -0.22903111 0.20423363 0.067531457 -0.49584742 0.23085833
0.28209479 -0.3021064 0.31679863 0.080591179 -0.43603591 0.098160321
0.28209479 -0.32098518 0.40846726 0.067531457 -0.34746301 -0.052147203
0.28209479 -0.28714749 0.46461438 0.033055541 -0.24866726 -0.19141336
0.28209479 -0.12378713 0.068672334 -0.096527664 -0.45555118 0.40125272
0.28209479 -0.24615301 0.15335178 -0.071019731 -0.45293602 0.32184538
0.28209479 -0.34385419 0.24426165 -0.05589814 -0.42180795 0.19733564
0.28209479 -0.39417486 0.3256822 -0.05589814 -0.36265246 0.042464539
0.28209479 -0.38831794 0.38337944 -0.071019731 -0.28581113 -0.11569327
0.28209479 -0.33599632 0.412034 -0.096527664 -0.20608433 -0.25186002
0.28209479 0.21827231 -0.48479144 -0.012408809 -0.15751829 -0.30042607
0.28209479 0.16924396 -0.51877462 0.13206505 -0.16856009 -0.23294432
0.28209479 0.11501867 -0.49821022 0.29185291 -0.16187831 -0.15830962
0.28209479 0.064698004 -0.41678967 0.44013488 -0.13542317 -0.089049163
0.28209479 0.027079033 -0.28874695 0.55098824 -0.093819571 -0.037271092
0.28209479 0.0060631198 -0.14142977 0.61291669 -0.045953319 -0.0083451685
0.28209479 0.029537792 -0.14870629 0.57698932 -0.20467665 0.0095974103
0.28209479 0.080246295 -0.2961877 0.48997021 -0.25195231 -0.013036801
0.28209479 0.057257777 -0.14809385 0.48997021 -0.35954879 0.057714582
0.28209479 0.14824723 -0.41188883 0.35398376 -0.27819264 -0.059682958
0.28209479 0.13901051 -0.28428831 0.37761913 -0.39128929 0.045167254
0.28209479 0.084853769 -0.13729628 0.35398376 -0.47769582 0.13542206
0.28209479 0.2217953 -0.46976998 0.19109448 -0.27612386 -0.12348635
0.28209479 0.23312772 -0.37720856 0.22686212 -0.3869762 0.0059605424
0.28209479 0.19210781 -0.25147238 0.22686212 -0.47832888 0.13220686
0.28209479 0.10685271 -0.11744249 0.19109448 -0.53210477 0.23027056
0.28209479 0.28714749 -0.46461438 0.033055541 -0.24866726 -0.19141336
0.28209479 0.32098518 -0.40846726 0.067531457 -0.34746301 -0.052147203
0.28209479 0.3021064 -0.31679863 0.080591179 -0.43603591 0.098160321
0.28209479 0.22903111 -0.20423363 0.067531457 -0.49584742 0.23085833
0.28209479 0.11979725 -0.092922877 0.033055541 -0.51871695 0.32363772
0.28209479 0.33599632 -0.412034 -0.096527664 -0.20608433 -0.25186002
0.28209479 0.38831794 -0.38337944 -0.071019731 -0.28581113 -0.11569327
0.28209479 0.39417486 -0.3256822 -0.05589814 -0.36265246 0.042464539
0.28209479 0.34385419 -0.24426165 -0.05589814 -0.42180795 0.19733564
0.28209479 0.24615301 -0.15335178 -0.071019731 -0.45293602 0.32184538
0.28209479 0.12378713 -0.068672334 -0.096527664 -0.45555118 0.40125272
0.28209479 -0.35317202 -0.29961759 -0.012408809 0.41238823 0.11475255
0.28209479 -0.27384248 -0.32062034 0.13206505 0.44129605 0.088976814
0.28209479 -0.18610412 -0.30791085 0.29185291 0.42380292 0.060468895
0.28209479 -0.10468357 -0.25759018 0.44013488 0.35454247 0.034013754
0.28209479 -0.043814796 -0.17845543 0.55098824 0.24562282 0.01423629
0.28209479 -0.0098103339 -0.087408407 0.61291669 0.12030735 0.0031875707
0.28209479 -0.018255359 -0.24061184 0.57698932 0.078179524 -0.025126346
0.28209479 -0.072583456 -0.33114792 0.48997021 0.2038337 -0.036620595
0.28209479 -0.012398734 -0.38771474 0.48997021 0.029738936 -0.080347355
0.28209479 -0.15501529 -0.39185758 0.35398376 0.30576331 -0.03885301
0.28209479 -0.085913223 -0.45998814 0.37761913 0.14945921 -0.11824941
0.28209479 0.010950952 -0.4967426 0.35398376 -0.017039605 -0.15943455
0.28209479 -0.25201963 -0.40777631 0.19109448 0.36145083 -0.030465453
0.28209479 -0.18510077 -0.48460009 0.22686212 0.23916444 -0.14185122
0.28209479 -0.07770924 -0.53262704 0.22686212 0.091352688 -0.21987573
0.28209479 0.04890398 -0.54235343 0.19109448 -0.052734966 -0.24909925
0.28209479 -0.34481715 -0.38007036 0.033055541 0.36503213 -0.0139244
0.28209479 -0.29033382 -0.45668028 0.067531457 0.28110348 -0.14648238
0.28209479 -0.18671203 -0.51259096 0.080591179 0.1665509 -0.25698706
0.28209479 -0.049594938 -0.53469059 0.067531457 0.041012445 -0.32138942
0.28209479 0.093311468 -0.52204388 0.033055541 -0.071917444 -0.33224348
0.28209479 -0.41986634 -0.32332335 -0.096527664 0.32818406 0.0062653556
0.28209479 -0.38215861 -0.39029331 -0.071019731 0.27629502 -0.13464974
0.28209479 -0.29393413 -0.44554432 -0.05589814 0.1976764 -0.2660447
0.28209479 -0.16219291 -0.4766442 -0.05589814 0.10196081 -0.3617603
0.28209479 -0.0099660046 -0.47815606 -0.071019731 0.0058812811 -0.40506349
0.28209479 0.13570454 -0.45447584 -0.096527664 -0.075461787 -0.39738052
0.28209479 -1.5213969e-17 -6.1965721e-17 0.57698932 0.25299426 0.031057872
0.28209479 0.037196203 0.091527034 0.48997021 0.37792847 0.072290169
0.28209479 -0.037196203 -0.091527034 0.48997021 0.37792847 0.072290169
0.28209479 0.10257278 0.16970753 0.35398376 0.46716476 0.12254845
0.28209479 -7.1599859e-17 -1.1846257e-16 0.37761913 0.48366016 0.14616431
0.28209479 -0.10257278 -0.16970753 0.35398376 0.46716476 0.12254845
0.28209479 0.18598102 0.21775036 0.19109448 0.49951276 0.17278049
0.28209479 0.066371615 0.077709238 0.22686212 0.53478795 0.22355955
0.28209479 -0.066371615 -0.077709238 0.22686212 0.53478795 0.22355955
0.28209479 -0.18598102 -0.21775036 0.19109448 0.49951276 0.17278049
0.28209479 0.27077838 0.22971798 0.033055541 0.47426952 0.21394351
0.28209479 0.14878481 0.12622333 0.067531457 0.52119451 0.28916067
0.28209479 -1.5560532e-16 -1.3200958e-16 0.080591179 0.53897003 0.31765347
0.28209479 -0.14878481 -0.12622333 0.067531457 0.52119451 0.28916067
0.28209479 -0.27077838 -0.22971798 0.033055541 0.47426952 0.21394351
0.28209479 0.34336169 0.21220918 -0.096527664 0.40891323 0.24172246
0.28209479 0.23002768 0.14216492 -0.071019731 0.45657085 0.33356112
0.28209479 0.081420554 0.050320667 -0.05589814 0.48482319 0.38800483
0.28209479 -0.081420554 -0.050320667 -0.05589814 0.48482319 0.38800483
0.28209479 -0.23002768 -0.14216492 -0.071019731 0.45657085 0.33356112
0.28209479 -0.34336169 -0.21220918 -0.096527664 0.40891323 0.24172246
0.28209479 0.42592945 0.18189358 -0.20372631 0.30193101 0.22520976
0.28209479 0.40923763 0.10154637 -0.27050694 0.20887098 0.32140187
0.28209479 0.35863212 0.028754666 -0.31009578 0.076267673 0.40800414
0.28209479 0.27721157 -0.021566 -0.31009578 -0.078603412 0.46715963
0.28209479 0.17920996 -0.040618547 -0.27050694 -0.22866763 0.48852676
0.28209479 0.082567771 -0.030315597 -0.20372631 -0.35118169 0.47467663
0.28209479 0.22337381 -0.09127679 -0.18697028 -0.36289274 0.41594593
0.28209479 0.32864801 -0.083173232 -0.26458567 -0.23180933 0.39902245
0.28209479 0.35232749 -0.16230153 -0.17426407 -0.35375689 0.30314849
0.28209479 0.41981301 -0.036594144 -0.30955394 -0.077330366 0.34424066
0.28209479 0.44984746 -0.12886982 -0.2609978 -0.21924644 0.25045626
0.28209479 0.43940268 -0.23194486 -0.16945087 -0.31924472 0.14277058
0.28209479 0.47743282 0.043050088 -0.30974647 0.072290163 0.25869521
0.28209479 0.51621907 -0.05116059 -0.30934781 -0.070416511 0.16772974
0.28209479 0.51114873 -0.16869279 -0.2609978 -0.19031336 0.061790337
0.28209479 0.46322514 -0.28628886 -0.17426407 -0.26367482 -0.03815938
0.28209479 0.49415218 0.13844119 -0.2691599 0.19054795 0.16055978
0.28209479 0.53830849 0.055448821 -0.30974647 0.063281955 0.071339144
0.28209479 0.54197545 -0.062237337 -0.30955394 -0.058699496 -0.031736649
0.28209479 0.50042134 -0.19476183 -0.26458567 -0.15073547 -0.12964149
0.28209479 0.4252001 -0.31692542 -0.18697028 -0.19894941 -0.2052115
0.28209479 0.47695914 0.23094525 -0.20372631 0.26629289 0.068156528
0.28209479 0.51999548 0.16726856 -0.27050694 0.16112102 -0.019475728
0.28209479 0.5299583 0.063649186 -0.31009578 0.05091532 -0.11928361
0.28209479 0.49885841 -0.068092027 -0.31009578 -0.044800275 -0.21499921
0.28209479 0.43213272 -0.20492402 -0.27050694 -0.10929272 -0.28988948
0.28209479 0.34580665 -0.3246256 -0.20372631 -0.13735296 -0.33548934
0.28209479 -0.21220919 0.34336167 -0.20372631 -0.079689263 -0.43255358
0.28209479 -0.14216492 0.23002766 -0.27050694 -0.032031651 -0.50056342
0.28209479 -0.050320668 0.081420547 -0.31009578 -0.0037793056 -0.54088095
0.28209479 0.050320668 -0.081420547 -0.31009578 -0.0037793056 -0.54088095
0.28209479 0.14216492 -0.23002766 -0.27050694 -0.032031651 -0.50056342
0.28209479 0.21220919 -0.34336167 -0.20372631 -0.079689263 -0.43255358
0.28209479 0.063773676 -0.37333758 -0.18697028 -0.025330637 -0.46780316
0.28209479 -0.031342314 -0.24616572 -0.26458567 0.0074694217 -0.5159904
0.28209479 -0.10685271 -0.38659673 -0.17426407 0.045041036 -0.45234518
0.28209479 -0.13729628 -0.084853761 -0.30955394 0.010906701 -0.52525644
0.28209479 -0.21671975 -0.24833872 -0.2609978 0.05481161 -0.46703707
0.28209479 -0.27156579 -0.37529467 -0.16945087 0.12194063 -0.37377824
0.28209479 -0.23419403 0.082055239 -0.30974647 -0.018604178 -0.48991679
0.28209479 -0.31904093 -0.082779573 -0.30934781 0.026896714 -0.43912217
0.28209479 -0.37720856 -0.2331277 -0.2609978 0.10162631 -0.35043512
0.28209479 -0.39718653 -0.33923778 -0.17426407 0.19079689 -0.24140532
0.28209479 -0.30540284 0.22400255 -0.2691599 -0.07278284 -0.42035095
0.28209479 -0.39356862 0.077319344 -0.30974647 -0.033179763 -0.37412437
0.28209479 -0.45712168 -0.075058933 -0.30955394 0.041052083 -0.29288969
0.28209479 -0.48105072 -0.20354267 -0.26458567 0.13864969 -0.18925811
0.28209479 -0.4646144 -0.28714747 -0.18697028 0.23993524 -0.083906757
0.28209479 -0.34580665 0.3246256 -0.20372631 -0.13735296 -0.33548934
0.28209479 -0.43213272 0.20492402 -0.27050694 -0.10929272 -0.28988948
0.28209479 -0.49885841 0.068092027 -0.31009578 -0.044800275 -0.21499921
0.28209479 -0.5299583 -0.063649186 -0.31009578 0.05091532 -0.11928361
0.28209479 -0.51999548 -0.16726856 -0.27050694 0.16112102 -0.019475728
0.28209479 -0.47695914 -0.23094525 -0.20372631 0.26629289 0.068156528
0.28209479 -0.082567771 0.030315597 -0.20372631 -0.35118169 0.47467663
0.28209479 -0.17920996 0.040618547 -0.27050694 -0.22866763 0.48852676
0.28209479 -0.27721157 0.021566 -0.31009578 -0.078603412 0.46715963
0.28209479 -0.35863212 -0.028754666 -0.31009578 0.076267673 0.40800414
0.28209479 -0.40923763 -0.10154637 -0.27050694 0.20887098 0.32140187
0.28209479 -0.42592945 -0.18189358 -0.20372631 0.30193101 0.22520976
0.28209479 -0.32656179 -0.13945853 -0.18697028 0.34723754 0.34097548
0.28209479 -0.27793508 -0.068965548 -0.26458567 0.23642569 0.43586755
0.28209479 -0.17943617 -0.076628388 -0.17426407 0.38159378 0.42876139
0.28209479 -0.19766297 -0.015848365 -0.30955394 0.084071079 0.50564212
0.28209479 -0.099187543 -0.024611946 -0.2609978 0.25312188 0.5052256
0.28209479 -1.1316112e-16 -4.8325563e-17 -0.16945087 0.39460817 0.46201532
0.28209479 -0.098498914 0.0076628386 -0.30974647 -0.083788177 0.53400681
0.28209479 -1.3294395e-16 -1.0659276e-17 -0.30934781 0.087039594 0.54278485
0.28209479 0.099187543 0.024611946 -0.2609978 0.25312188 0.5052256
0.28209479 0.17943617 0.076628388 -0.17426407 0.38159378 0.42876139
0.28209479 -1.2726097e-16 2.8844133e-17 -0.2691599 -0.23553022 0.51958235
0.28209479 0.098498914 -0.0076628386 -0.30974647 -0.083788177 0.53400681
0.28209479 0.19766297 0.015848365 -0.30955394 0.084071079 0.50564212
0.28209479 0.27793508 0.068965548 -0.26458567 0.23642569 0.43586755
0.28209479 0.32656179 0.13945853 -0.18697028 0.34723754 0.34097548
0.28209479 0.082567771 -0.030315597 -0.20372631 -0.35118169 0.47467663
0.28209479 0.17920996 -0.040618547 -0.27050694 -0.22866763 0.48852676
0.28209479 0.27721157 -0.021566 -0.31009578 -0.078603412 0.46715963
0.28209479 0.35863212 0.028754666 -0.31009578 0.076267673 0.40800414
0.28209479 0.40923763 0.10154637 -0.27050694 0.20887098 0.32140187
0.28209479 0.42592945 0.18189358 -0.20372631 0.30193101 0.22520976
0.28209479 0.34580665 -0.3246256 -0.20372631 -0.13735296 -0.33548934
0.28209479 0.43213272 -0.20492402 -0.27050694 -0.10929272 -0.28988948
0.28209479 0.49885841 -0.068092027 -0.31009578 -0.044800275 -0.21499921
0.28209479 0.5299583 0.063649186 -0.31009578 0.05091532 -0.11928361
0.28209479 0.51999548 0.16726856 -0.27050694 0.16112102 -0.019475728
0.28209479 0.47695914 0.23094525 -0.20372631 0.26629289 0.068156528
0.28209479 0.4646144 0.28714747 -0.18697028 0.23993524 -0.083906757
0.28209479 0.48105072 0.20354267 -0.26458567 0.13864969 -0.18925811
0.28209479 0.39718653 0.33923778 -0.17426407 0.19079689 -0.24140532
0.28209479 0.45712168 0.075058933 -0.30955394 0.041052083 -0.29288969
0.28209479 0.37720856 0.2331277 -0.2609978 0.10162631 -0.35043512
0.28209479 0.27156579 0.37529467 -0.16945087 0.12194063 -0.37377824
0.28209479 0.39356862 -0.077319344 -0.30974647 -0.033179763 -0.37412437
0.28209479 0.31904093 0.082779573 -0.30934781 0.026896714 -0.43912217
0.28209479 0.21671975 0.24833872 -0.2609978 0.05481161 -0.46703707
0.28209479 0.10685271 0.38659673 -0.17426407 0.045041036 -0.45234518
0.28209479 0.30540284 -0.22400255 -0.2691599 -0.07278284 -0.42035095
0.28209479 0.23419403 -0.082055239 -0.30974647 -0.018604178 -0.48991679
0.28209479 0.13729628 0.084853761 -0.30955394 0.010906701 -0.52525644
0.28209479 0.031342314 0.24616572 -0.26458567 0.0074694217 -0.5159904
0.28209479 -0.063773676 0.37333758 -0.18697028 -0.025330637 -0.46780316
0.28209479 0.21220919 -0.34336167 -0.20372631 -0.079689263 -0.43255358
0.28209479 0.14216492 -0.23002766 -0.27050694 -0.032031651 -0.50056342
0.28209479 0.050320668 -0.081420547 -0.31009578 -0.0037793056 -0.54088095
0.28209479 -0.050320668 0.081420547 -0.31009578 -0.0037793056 -0.54088095
0.28209479 -0.14216492 0.23002766 -0.27050694 -0.032031651 -0.50056342
0.28209479 -0.21220919 0.34336167 -0.20372631 -0.079689263 -0.43255358
0.28209479 -0.47695914 -0.23094525 -0.20372631 0.26629289 0.068156528
0.28209479 -0.51999548 -0.16726856 -0.27050694 0.16112102 -0.019475728
0.28209479 -0.5299583 -0.063649186 -0.31009578 0.05091532 -0.11928361
0.28209479 -0.49885841 0.068092027 -0.31009578 -0.044800275 -0.21499921
0.28209479 -0.43213272 0.20492402 -0.27050694 -0.10929272 -0.28988948
0.28209479 -0.34580665 0.3246256 -0.20372631 -0.13735296 -0.33548934
0.28209479 -0.4252001 0.31692542 -0.18697028 -0.19894941 -0.2052115
0.28209479 -0.50042134 0.19476183 -0.26458567 -0.15073547 -0.12964149
0.28209479 -0.46322514 0.28628886 -0.17426407 -0.26367482 -0.03815938
0.28209479 -0.54197545 0.062237337 -0.30955394 -0.058699496 -0.031736649
0.28209479 -0.51114873 0.16869279 -0.2609978 -0.19031336 0.061790337
0.28209479 -0.43940268 0.23194486 -0.16945087 -0.31924472 0.14277058
0.28209479 -0.53830849 -0.055448821 -0.30974647 0.063281955 0.071339144
0.28209479 -0.51621907 0.05116059 -0.30934781 -0.070416511 0.16772974
0.28209479 -0.44984746 0.12886982 -0.2609978 -0.21924644 0.25045626
0.28209479 -0.35232749 0.16230153 -0.17426407 -0.35375689 0.30314849
0.28209479 -0.49415218 -0.13844119 -0.2691599 0.19054795 0.16055978
0.28209479 -0.47743282 -0.043050088 -0.30974647 0.072290163 0.25869521
0.28209479 -0.41981301 0.036594144 -0.30955394 -0.077330366 0.34424066
0.28209479 -0.32864801 0.083173232 -0.26458567 -0.23180933 0.39902245
0.28209479 -0.22337381 0.09127679 -0.18697028 -0.36289274 0.41594593
0.28209479 -0.42592945 -0.18189358 -0.20372631 0.30193101 0.22520976
0.28209479 -0.40923763 -0.10154637 -0.27050694 0.20887098 0.32140187
0.28209479 -0.35863212 -0.028754666 -0.31009578 0.076267673 0.40800414
0.28209479 -0.27721157 0.021566 -0.31009578 -0.078603412 0.46715963
0.28209479 -0.17920996 0.040618547 -0.27050694 -0.22866763 0.48852676
0.28209479 -0.082567771 0.030315597 -0.20372631 -0.35118169 0.47467663
0.28209479 0.4646144 0.28714747 -0.18697028 0.23993524 -0.083906757
0.28209479 0.39718653 0.33923778 -0.17426407 0.19079689 -0.24140532
0.28209479 0.48105072 0.20354267 -0.26458567 0.13864969 -0.18925811
0.28209479 0.27156579 0.37529467 -0.16945087 0.12194063 -0.37377824
0.28209479 0.37720856 0.2331277 -0.2609978 0.10162631 -0.35043512
0.28209479 0.45712168 0.075058933 -0.30955394 0.041052083 -0.29288969
0.28209479 0.10685271 0.38659673 -0.17426407 0.045041036 -0.45234518
0.28209479 0.21671975 0.24833872 -0.2609978 0.05481161 -0.46703707
0.28209479 0.31904093 0.082779573 -0.30934781 0.026896714 -0.43912217
0.28209479 0.39356862 -0.077319344 -0.30974647 -0.033179763 -0.37412437
0.28209479 -0.063773676 0.37333758 -0.18697028 -0.025330637 -0.46780316
0.28209479 0.031342314 0.24616572 -0.26458567 0.0074694217 -0.5159904
0.28209479 0.13729628 0.084853761 -0.30955394 0.010906701 -0.52525644
0.28209479 0.23419403 -0.082055239 -0.30974647 -0.018604178 -0.48991679
0.28209479 0.30540284 -0.22400255 -0.2691599 -0.07278284 -0.42035095
0.28209479 -0.4252001 0.31692542 -0.18697028 -0.19894941 -0.2052115
0.28209479 -0.46322514 0.28628886 -0.17426407 -0.26367482 -0.03815938
0.28209479 -0.50042134 0.19476183 -0.26458567 -0.15073547 -0.12964149
0.28209479 -0.43940268 0.23194486 -0.16945087 -0.31924472 0.14277058
0.28209479 -0.51114873 0.16869279 -0.2609978 -0.19031336 0.061790337
0.28209479 -0.54197545 0.062237337 -0.30955394 -0.058699496 -0.031736649
0.28209479 -0.35232749 0.16230153 -0.17426407 -0.35375689 0.30314849
0.28209479 -0.44984746 0.12886982 -0.2609978 -0.21924644 0.25045626
0.28209479 -0.51621907 0.05116059 -0.30934781 -0.070416511 0.16772974
0.28209479 -0.53830849 -0.055448821 -0.30974647 0.063281955 0.071339144
0.28209479 -0.22337381 0.09127679 -0.18697028 -0.36289274 0.41594593
0.28209479 -0.32864801 0.083173232 -0.26458567 -0.23180933 0.39902245
0.28209479 -0.41981301 0.036594144 -0.30955394 -0.077330366 0.34424066
0.28209479 -0.47743282 -0.043050088 -0.30974647 0.072290163 0.25869521
0.28209479 -0.49415218 -0.13844119 -0.2691599 0.19054795 0.16055978
0.28209479 0.22337381 -0.09127679 -0.18697028 -0.36289274 0.41594593
0.28209479 0.35232749 -0.16230153 -0.17426407 -0.35375689 0.30314849
0.28209479 0.32864801 -0.083173232 -0.26458567 -0.23180933 0.39902245
0.28209479 0.43940268 -0.23194486 -0.16945087 -0.31924472 0.14277058
0.28209479 0.44984746 -0.12886982 -0.2609978 -0.21924644 0.25045626
0.28209479 0.41981301 -0.036594144 -0.30955394 -0.077330366 0.34424066
0.28209479 0.46322514 -0.28628886 -0.17426407 -0.26367482 -0.03815938
0.28209479 0.51114873 -0.16869279 -0.2609978 -0.19031336 0.061790337
0.28209479 0.51621907 -0.05116059 -0.30934781 -0.070416511 0.16772974
0.28209479 0.47743282 0.043050088 -0.30974647 0.072290163 0.25869521
0.28209479 0.4252001 -0.31692542 -0.18697028 -0.19894941 -0.2052115
0.28209479 0.50042134 -0.19476183 -0.26458567 -0.15073547 -0.12964149
0.28209479 0.54197545 -0.062237337 -0.30955394 -0.058699496 -0.031736649
0.28209479 0.53830849 0.055448821 -0.30974647 0.063281955 0.071339144
0.28209479 0.49415218 0.13844119 -0.2691599 0.19054795 0.16055978
0.28209479 0.063773676 -0.37333758 -0.18697028 -0.025330637 -0.46780316
0.28209479 -0.10685271 -0.38659673 -0.17426407 0.045041036 -0.45234518
0.28209479 -0.031342314 -0.24616572 -0.26458567 0.0074694217 -0.5159904
0.28209479 -0.27156579 -0.37529467 -0.16945087 0.12194063 -0.37377824
0.28209479 -0.21671975 -0.24833872 -0.2609978 0.05481161 -0.46703707
0.28209479 -0.13729628 -0.084853761 -0.30955394 0.010906701 -0.52525644
0.28209479 -0.39718653 -0.33923778 -0.17426407 0.19079689 -0.24140532
0.28209479 -0.37720856 -0.2331277 -0.2609978 0.10162631 -0.35043512
0.28209479 -0.31904093 -0.082779573 -0.30934781 0.026896714 -0.43912217
0.28209479 -0.23419403 0.082055239 -0.30974647 -0.018604178 -0.48991679
0.28209479 -0.4646144 -0.28714747 -0.18697028 0.23993524 -0.083906757
0.28209479 -0.48105072 -0.20354267 -0.26458567 0.13864969 -0.18925811
0.28209479 -0.45712168 -0.075058933 -0.30955394 0.041052083 -0.29288969
0.28209479 -0.39356862 0.077319344 -0.30974647 -0.033179763 -0.37412437
0.28209479 -0.30540284 0.22400255 -0.2691599 -0.07278284 -0.42035095
0.28209479 -0.32656179 -0.13945853 -0.18697028 0.34723754 0.34097548
0.28209479 -0.17943617 -0.076628388 -0.17426407 0.38159378 0.42876139
0.28209479 -0.27793508 -0.068965548 -0.26458567 0.23642569 0.43586755
0.28209479 0 0 -0.16945087 0.39460817 0.46201532
0.28209479 -0.099187543 -0.024611946 -0.2609978 0.25312188 0.5052256
0.28209479 -0.19766297 -0.015848365 -0.30955394 0.084071079 0.50564212
0.28209479 0.17943617 0.076628388 -0.17426407 0.38159378 0.42876139
0.28209479 0.099187543 0.024611946 -0.2609978 0.25312188 0.5052256
0.28209479 -2.6588789e-16 -2.1318552e-17 -0.30934781 0.087039594 0.54278485
0.28209479 -0.098498914 0.0076628386 -0.30974647 -0.083788177 0.53400681
0.28209479 0.32656179 0.13945853 -0.18697028 0.34723754 0.34097548
0.28209479 0.27793508 0.068965548 -0.26458567 0.23642569 0.43586755
0.28209479 0.19766297 0.015848365 -0.30955394 0.084071079 0.50564212
0.28209479 0.098498914 -0.0076628386 -0.30974647 -0.083788177 0.53400681
0.28209479 -2.5452195e-16 5.7688265e-17 -0.2691599 -0.23553022 0.51958235
