0.28209479 0 0 0.63078313 0 0 0 0 0 0 0.84628438 0 0 0 0 0 0 0 0 0 0 1.0171072 0 0 0 0 0 0
0.28209479 0 0 -0.12615664 -0.43701936 0.43701938 0 0 0 0 -0.16925685 0.42818981 0.15138791 -0.56644184 0.40053489 0 0 0 0 0 0 0.33361117 -0.074575596 -0.47165707 0.2358286 0.3875058 -0.60585451 0.34979028
0.28209479 0.25687355 -0.41563011 -0.12615664 -0.13504641 -0.35355611 -0.38093131 0.33294616 0.088983581 0.4072327 -0.16925685 0.13231793 -0.12247539 0.45826108 0.12377209 0.33267033 1.4839156e-16 -0.36853992 -0.13861657 -0.27723307 -0.070925607 0.33361117 -0.023045127 0.38157859 -0.19078934 0.11974588 -0.60585451 0.10809114
0.28209479 -0.41563013 -0.25687353 -0.12615664 0.35355609 0.13504642 -0.2354285 -0.5387182 -0.14397846 0.25168365 -0.16925685 -0.34641283 0.046781437 -0.17504016 -0.32403953 0.20560157 2.9678312e-16 -0.2277702 0.22428632 0.44857253 -0.043834436 0.33361117 0.060332925 -0.14575005 0.072875044 -0.31349878 -0.60585451 -0.28298628
0.28209479 0.41563013 0.25687353 -0.12615664 0.35355609 0.13504642 0.2354285 0.5387182 0.14397846 -0.25168365 -0.16925685 -0.34641283 0.046781437 -0.17504016 -0.32403953 -0.20560157 4.4517467e-16 0.2277702 -0.22428632 -0.44857253 0.043834436 0.33361117 0.060332925 -0.14575005 0.072875044 -0.31349878 -0.60585451 -0.28298628
0.28209479 -0.25687355 0.41563011 -0.12615664 -0.13504641 -0.35355611 0.38093131 -0.33294616 -0.088983581 -0.4072327 -0.16925685 0.13231793 -0.12247539 0.45826108 0.12377209 -0.33267033 5.9356623e-16 0.36853992 0.13861657 0.27723307 0.070925607 0.33361117 -0.023045127 0.38157859 -0.19078934 0.11974588 -0.60585451 0.10809114
0.28209479 0.41563013 0.25687353 -0.12615664 0.35355609 0.13504642 0.2354285 0.5387182 0.14397846 -0.25168365 -0.16925685 -0.34641283 0.046781437 -0.17504016 -0.32403953 -0.20560157 7.4195779e-17 0.2277702 -0.22428632 -0.44857253 0.043834436 0.33361117 0.060332925 -0.14575005 0.072875044 -0.31349878 -0.60585451 -0.28298628
0.28209479 -0.25687355 0.41563011 -0.12615664 -0.13504641 -0.35355611 0.38093131 -0.33294616 -0.088983581 -0.4072327 -0.16925685 0.13231793 -0.12247539 0.45826108 0.12377209 -0.33267033 2.2258734e-16 0.36853992 0.13861657 0.27723307 0.070925607 0.33361117 -0.023045127 0.38157859 -0.19078934 0.11974588 -0.60585451 0.10809114
0.28209479 -1.0703888e-16 5.3519436e-17 -0.12615664 -0.43701936 0.43701938 -1.9620551e-16 2.0810736e-16 -3.7079344e-17 -5.2438127e-17 -0.16925685 0.42818981 0.15138791 -0.56644184 0.40053489 -2.5702173e-16 3.7097889e-16 -1.898231e-16 -8.6642021e-17 1.1552267e-16 9.1328765e-18 0.33361117 -0.074575596 -0.47165707 0.2358286 0.3875058 -0.60585451 0.34979028
0.28209479 0.25687355 -0.41563011 -0.12615664 -0.13504641 -0.35355611 -0.38093131 0.33294616 0.088983581 0.4072327 -0.16925685 0.13231793 -0.12247539 0.45826108 0.12377209 0.33267033 5.1937045e-16 -0.36853992 -0.13861657 -0.27723307 -0.070925607 0.33361117 -0.023045127 0.38157859 -0.19078934 0.11974588 -0.60585451 0.10809114
0.28209479 -0.41563013 -0.25687353 -0.12615664 0.35355609 0.13504642 -0.2354285 -0.5387182 -0.14397846 0.25168365 -0.16925685 -0.34641283 0.046781437 -0.17504016 -0.32403953 0.20560157 6.6776201e-16 -0.2277702 0.22428632 0.44857253 -0.043834436 0.33361117 0.060332925 -0.14575005 0.072875044 -0.31349878 -0.60585451 -0.28298628
0.28209479 0 0 0.63078313 0 0 0 0 0 0 0.84628438 0 0 0 0 0 0 0 0 0 0 1.0171072 0 0 0 0 0 0
0.28209479 0 0 0.18479343 -0.54537737 0.25749227 0 0 0 0 -0.32561819 -0.23394019 0.60219182 -0.41650025 0.13904884 0 0 0 0 0 0 -0.21589542 0.47609729 0.15342169 -0.61016806 0.53978784 -0.26247732 0.071548124
0.28209479 0.15135016 -0.5186847 0.18479343 -0.16853088 -0.20831562 -0.1322433 0.2448127 0.35395947 -0.22249034 -0.32561819 -0.072291495 -0.48718342 0.33695578 0.042968453 0.068046309 6.4288403e-17 -0.51336875 0.35864779 0.090179008 0.45279543 -0.21589542 0.14712215 -0.12412076 0.49363633 0.16680362 -0.26247732 0.022109586
0.28209479 0 0 0.51928571 -0.35225817 0.064373068 0 0 0 0 0.39906673 -0.68491497 0.28850619 -0.067254174 0.0086905522 0 0 0 0 0 0 0.068265137 -0.79196771 0.58630124 -0.23463274 0.060983289 -0.010595849 0.0011179394
0.28209479 0.19146224 -0.3097924 0.28209478 -0.42639266 0.062209853 0.049958716 -0.29928791 0.5671289 -0.26944843 -0.21026106 -0.37086395 0.18427135 0.097244536 -0.068762273 -0.020098089 -1.8988158e-17 0.23950239 -0.614643 0.45081961 0.12970694 -0.3901395 0.17852629 0.14648017 0.19970962 -0.32964676 0.15505007 -0.027662647
0.28209479 0.03783754 -0.33501743 0.51928571 -0.10885376 -0.052078906 -0.0082652063 0.039531011 0.16957969 -0.65139284 0.39906673 -0.21165036 -0.23340641 0.054409769 0.0026855283 0.0010632236 2.5952346e-18 -0.057998554 0.13791366 0.34461922 -0.75320605 0.068265137 -0.24473148 -0.47432766 0.18982187 0.018844873 -0.010595849 0.00034546228
0.28209479 0.28272724 -0.18366727 -0.064522386 -0.4459155 0.28498285 0.33795225 -0.5291564 0.20958659 0.12867075 -0.26380084 0.31239253 0.21125868 -0.22288765 0.0026855283 0.1939774 -0.52330439 0.52219296 0.022982014 -0.34629255 0.062128893 0.31791467 0.15083927 -0.34905529 0.0096803273 0.0041495921 0.21069479 -0.18940744
0.28209479 0.39623986 -0.36733454 -0.064522386 -0.31247342 -0.064373068 -0.10698708 -0.29708645 0.29373384 0.2573415 -0.26380084 0.21890776 -0.047719956 0.49135023 -0.32058181 -0.2400795 0.52330439 -0.165313 0.012902886 -0.48532612 0.12425779 0.31791467 0.10569999 0.078846007 -0.021340038 -0.49535272 0.21069479 0.12595335
0.28209479 -0.2448897 -0.32056477 0.18479343 0.44121956 0.079569488 -0.081730855 -0.39611528 -0.57271846 -0.1375066 -0.32561819 0.18926159 0.18608751 -0.12870566 -0.11249287 0.042054932 1.2857681e-16 -0.31727933 -0.58030431 -0.1459127 0.27984297 -0.21589542 -0.3851708 0.04740991 -0.1885523 -0.43669754 -0.26247732 -0.057883648
0.28209479 -0.11833017 -0.50125464 0.28209478 0.16286751 -0.16286751 0.0808349 0.1849701 -0.35050494 -0.43597672 -0.21026106 0.14165742 -0.48242866 -0.2545895 0.026264851 -0.032519392 2.1845979e-16 0.38752301 0.37987026 -0.27862184 0.20987024 -0.3901395 -0.068190973 -0.38349007 -0.52284656 0.12591386 0.15505007 0.010566191
0.28209479 -0.061222426 -0.20705216 0.51928571 0.28498285 0.019892372 -0.0051081784 -0.06396252 -0.2743857 -0.40258292 0.39906673 0.55410785 0.089153317 -0.020782683 -0.0070308044 0.00065710831 5.1904692e-18 -0.035845078 -0.22314899 -0.55760561 -0.46550694 0.068265137 0.64071534 0.18117705 -0.072505503 -0.049336517 -0.010595849 -0.000904432
0.28209479 -0.061222426 -0.48084715 -0.064522386 0.036882484 -0.39673888 0.1018789 0.5591066 -0.045384375 0.3368644 -0.26380084 -0.025838556 -0.29410376 -0.13071043 0.32224156 -0.12019487 -0.52330439 0.15742 -0.024282794 0.074987009 0.16265555 0.31791467 -0.012476191 0.48593732 0.0056769397 0.49791731 0.21069479 -0.24301359
0.28209479 -0.35840232 -0.4106925 -0.064522386 0.25279631 -0.18082504 0.2718306 -0.048460433 -0.26568476 0.28771655 -0.26380084 -0.1771001 -0.13404617 -0.57213372 -0.20081598 0.045600111 0.52330439 0.42002391 0.0021047054 0.43898159 0.13892443 0.31791467 -0.085513085 0.22147977 0.02484858 -0.31029441 0.21069479 0.26725089
0.28209479 0.2448897 0.32056477 0.18479343 0.44121956 0.079569488 0.081730855 0.39611528 0.57271846 0.1375066 -0.32561819 0.18926159 0.18608751 -0.12870566 -0.11249287 -0.042054932 1.9286521e-16 0.31727933 0.58030431 0.1459127 -0.27984297 -0.21589542 -0.3851708 0.04740991 -0.1885523 -0.43669754 -0.26247732 -0.057883648
0.28209479 -4.9308031e-17 -6.4545049e-17 0.28209478 0.52705032 0.20131531 -4.1635465e-17 -1.156152e-16 -1.4605496e-16 -5.6139408e-17 -0.21026106 0.45841306 0.59631462 0.31468993 0.084994844 -2.5124544e-17 -9.4940789e-17 -1.9960068e-16 -2.3743718e-16 -1.1610136e-16 2.7024357e-17 -0.3901395 -0.22067062 0.47401979 0.64627389 0.40746581 0.15505007 0.034192912
0.28209479 0.061222426 0.20705216 0.51928571 0.28498285 0.019892372 0.0051081784 0.06396252 0.2743857 0.40258292 0.39906673 0.55410785 0.089153317 -0.020782683 -0.0070308044 -0.00065710831 7.7857038e-18 0.035845078 0.22314899 0.55760561 0.46550694 0.068265137 0.64071534 0.18117705 -0.072505503 -0.049336517 -0.010595849 -0.000904432
0.28209479 -0.18366728 -0.11351261 -0.064522386 0.46871013 0.35695413 -0.27498763 -0.37549707 -0.13615312 0.079522898 -0.26380084 -0.32836164 0.26461121 0.43438157 0.19647071 -0.26826191 -0.52330439 -0.42490205 0.016308371 0.22496103 0.038397768 0.31791467 -0.15854998 -0.43720781 -0.018865809 0.30358023 0.21069479 0.039216786
0.28209479 0.18366728 0.11351261 -0.064522386 0.46871013 0.35695413 0.27498763 0.37549707 0.13615312 -0.079522898 -0.26380084 -0.32836164 0.26461121 0.43438157 0.19647071 0.26826191 0.52330439 0.42490205 -0.016308371 -0.22496103 -0.038397768 0.31791467 -0.15854998 -0.43720781 -0.018865809 0.30358023 0.21069479 0.039216786
0.28209479 -0.15135016 0.5186847 0.18479343 -0.16853088 -0.20831562 0.1322433 -0.2448127 -0.35395947 0.22249034 -0.32561819 -0.072291495 -0.48718342 0.33695578 0.042968453 -0.068046309 2.5715361e-16 0.51336875 -0.35864779 -0.090179008 -0.45279543 -0.21589542 0.14712215 -0.12412076 0.49363633 0.16680362 -0.26247732 0.022109586
0.28209479 0.11833017 0.50125464 0.28209478 0.16286751 -0.16286751 -0.0808349 -0.1849701 0.35050494 0.43597672 -0.21026106 0.14165742 -0.48242866 -0.2545895 0.026264851 0.032519392 -1.329171e-16 -0.38752301 -0.37987026 0.27862184 -0.20987024 -0.3901395 -0.068190973 -0.38349007 -0.52284656 0.12591386 0.15505007 0.010566191
0.28209479 -0.03783754 0.33501743 0.51928571 -0.10885376 -0.052078906 0.0082652063 -0.039531011 -0.16957969 0.65139284 0.39906673 -0.21165036 -0.23340641 0.054409769 0.0026855283 -0.0010632236 1.0380938e-17 0.057998554 -0.13791366 -0.34461922 0.75320605 0.068265137 -0.24473148 -0.47432766 0.18982187 0.018844873 -0.010595849 0.00034546228
0.28209479 0.35840232 0.4106925 -0.064522386 0.25279631 -0.18082504 -0.2718306 0.048460433 0.26568476 -0.28771655 -0.26380084 -0.1771001 -0.13404617 -0.57213372 -0.20081598 -0.045600111 -0.52330439 -0.42002391 -0.0021047054 -0.43898159 -0.13892443 0.31791467 -0.085513085 0.22147977 0.02484858 -0.31029441 0.21069479 0.26725089
0.28209479 0.061222426 0.48084715 -0.064522386 0.036882484 -0.39673888 -0.1018789 -0.5591066 0.045384375 -0.3368644 -0.26380084 -0.025838556 -0.29410376 -0.13071043 0.32224156 0.12019487 0.52330439 -0.15742 0.024282794 -0.074987009 -0.16265555 0.31791467 -0.012476191 0.48593732 0.0056769397 0.49791731 0.21069479 -0.24301359
0.28209479 -0.19146224 0.3097924 0.28209478 -0.42639266 0.062209853 -0.049958716 0.29928791 -0.5671289 0.26944843 -0.21026106 -0.37086395 0.18427135 0.097244536 -0.068762273 0.020098089 -1.7089342e-16 -0.23950239 0.614643 -0.45081961 -0.12970694 -0.3901395 0.17852629 0.14648017 0.19970962 -0.32964676 0.15505007 -0.027662647
0.28209479 -0.39623986 0.36733454 -0.064522386 -0.31247342 -0.064373068 0.10698708 0.29708645 -0.29373384 -0.2573415 -0.26380084 0.21890776 -0.047719956 0.49135023 -0.32058181 0.2400795 -0.52330439 0.165313 -0.012902886 0.48532612 -0.12425779 0.31791467 0.10569999 0.078846007 -0.021340038 -0.49535272 0.21069479 0.12595335
0.28209479 -0.28272724 0.18366727 -0.064522386 -0.4459155 0.28498285 -0.33795225 0.5291564 -0.20958659 -0.12867075 -0.26380084 0.31239253 0.21125868 -0.22288765 0.0026855283 -0.1939774 0.52330439 -0.52219296 -0.022982014 0.34629255 -0.062128893 0.31791467 0.15083927 -0.34905529 0.0096803273 0.0041495921 0.21069479 -0.18940744
0.28209479 -0.15135016 0.5186847 0.18479343 -0.16853088 -0.20831562 0.1322433 -0.2448127 -0.35395947 0.22249034 -0.32561819 -0.072291495 -0.48718342 0.33695578 0.042968453 -0.068046309 9.6432604e-17 0.51336875 -0.35864779 -0.090179008 -0.45279543 -0.21589542 0.14712215 -0.12412076 0.49363633 0.16680362 -0.26247732 0.022109586
0.28209479 0.2448897 0.32056477 0.18479343 0.44121956 0.079569488 0.081730855 0.39611528 0.57271846 0.1375066 -0.32561819 0.18926159 0.18608751 -0.12870566 -0.11249287 -0.042054932 3.2144201e-17 0.31727933 0.58030431 0.1459127 -0.27984297 -0.21589542 -0.3851708 0.04740991 -0.1885523 -0.43669754 -0.26247732 -0.057883648
0.28209479 -0.03783754 0.33501743 0.51928571 -0.10885376 -0.052078906 0.0082652063 -0.039531011 -0.16957969 0.65139284 0.39906673 -0.21165036 -0.23340641 0.054409769 0.0026855283 -0.0010632236 3.8928519e-18 0.057998554 -0.13791366 -0.34461922 0.75320605 0.068265137 -0.24473148 -0.47432766 0.18982187 0.018844873 -0.010595849 0.00034546228
0.28209479 0.11833017 0.50125464 0.28209478 0.16286751 -0.16286751 -0.0808349 -0.1849701 0.35050494 0.43597672 -0.21026106 0.14165742 -0.48242866 -0.2545895 0.026264851 0.032519392 -3.7976316e-17 -0.38752301 -0.37987026 0.27862184 -0.20987024 -0.3901395 -0.068190973 -0.38349007 -0.52284656 0.12591386 0.15505007 0.010566191
0.28209479 0.061222426 0.20705216 0.51928571 0.28498285 0.019892372 0.0051081784 0.06396252 0.2743857 0.40258292 0.39906673 0.55410785 0.089153317 -0.020782683 -0.0070308044 -0.00065710831 1.2976173e-18 0.035845078 0.22314899 0.55760561 0.46550694 0.068265137 0.64071534 0.18117705 -0.072505503 -0.049336517 -0.010595849 -0.000904432
0.28209479 0.061222426 0.48084715 -0.064522386 0.036882484 -0.39673888 -0.1018789 -0.5591066 0.045384375 -0.3368644 -0.26380084 -0.025838556 -0.29410376 -0.13071043 0.32224156 0.12019487 0.52330439 -0.15742 0.024282794 -0.074987009 -0.16265555 0.31791467 -0.012476191 0.48593732 0.0056769397 0.49791731 0.21069479 -0.24301359
0.28209479 0.35840232 0.4106925 -0.064522386 0.25279631 -0.18082504 -0.2718306 0.048460433 0.26568476 -0.28771655 -0.26380084 -0.1771001 -0.13404617 -0.57213372 -0.20081598 -0.045600111 -0.52330439 -0.42002391 -0.0021047054 -0.43898159 -0.13892443 0.31791467 -0.085513085 0.22147977 0.02484858 -0.31029441 0.21069479 0.26725089
0.28209479 -6.3067418e-17 6.6789465e-17 0.18479343 -0.54537737 0.25749227 -6.8114284e-17 1.5301971e-16 -1.4749446e-16 2.8649411e-17 -0.32561819 -0.23394019 0.60219182 -0.41650025 0.13904884 -5.2572708e-17 1.6072101e-16 -2.6441978e-16 2.2417211e-16 -3.7577477e-17 -5.8305102e-17 -0.21589542 0.47609729 0.15342169 -0.61016806 0.53978784 -0.26247732 0.071548124
0.28209479 -1.5766854e-17 4.3139185e-17 0.51928571 -0.35225817 0.064373068 -4.2571428e-18 2.4708783e-17 -7.0663638e-17 8.3877892e-17 0.39906673 -0.68491497 0.28850619 -0.067254174 0.0086905522 -8.2144857e-19 6.4880865e-18 -2.9873196e-17 8.6202669e-17 -1.4360239e-16 9.6988072e-17 0.068265137 -0.79196771 0.58630124 -0.23463274 0.060983289 -0.010595849 0.0011179394
0.28209479 -0.19146224 0.3097924 0.28209478 -0.42639266 0.062209853 -0.049958716 0.29928791 -0.5671289 0.26944843 -0.21026106 -0.37086395 0.18427135 0.097244536 -0.068762273 0.020098089 -7.5952631e-17 -0.23950239 0.614643 -0.45081961 -0.12970694 -0.3901395 0.17852629 0.14648017 0.19970962 -0.32964676 0.15505007 -0.027662647
0.28209479 -0.28272724 0.18366727 -0.064522386 -0.4459155 0.28498285 -0.33795225 0.5291564 -0.20958659 -0.12867075 -0.26380084 0.31239253 0.21125868 -0.22288765 0.0026855283 -0.1939774 0.52330439 -0.52219296 -0.022982014 0.34629255 -0.062128893 0.31791467 0.15083927 -0.34905529 0.0096803273 0.0041495921 0.21069479 -0.18940744
0.28209479 -0.39623986 0.36733454 -0.064522386 -0.31247342 -0.064373068 0.10698708 0.29708645 -0.29373384 -0.2573415 -0.26380084 0.21890776 -0.047719956 0.49135023 -0.32058181 0.2400795 -0.52330439 0.165313 -0.012902886 0.48532612 -0.12425779 0.31791467 0.10569999 0.078846007 -0.021340038 -0.49535272 0.21069479 0.12595335
0.28209479 0.15135016 -0.5186847 0.18479343 -0.16853088 -0.20831562 -0.1322433 0.2448127 0.35395947 -0.22249034 -0.32561819 -0.072291495 -0.48718342 0.33695578 0.042968453 0.068046309 2.2500941e-16 -0.51336875 0.35864779 0.090179008 0.45279543 -0.21589542 0.14712215 -0.12412076 0.49363633 0.16680362 -0.26247732 0.022109586
0.28209479 0.03783754 -0.33501743 0.51928571 -0.10885376 -0.052078906 -0.0082652063 0.039531011 0.16957969 -0.65139284 0.39906673 -0.21165036 -0.23340641 0.054409769 0.0026855283 0.0010632236 9.0833211e-18 -0.057998554 0.13791366 0.34461922 -0.75320605 0.068265137 -0.24473148 -0.47432766 0.18982187 0.018844873 -0.010595849 0.00034546228
0.28209479 0.19146224 -0.3097924 0.28209478 -0.42639266 0.062209853 0.049958716 -0.29928791 0.5671289 -0.26944843 -0.21026106 -0.37086395 0.18427135 0.097244536 -0.068762273 -0.020098089 -6.6477747e-16 0.23950239 -0.614643 0.45081961 0.12970694 -0.3901395 0.17852629 0.14648017 0.19970962 -0.32964676 0.15505007 -0.027662647
0.28209479 0.39623986 -0.36733454 -0.064522386 -0.31247342 -0.064373068 -0.10698708 -0.29708645 0.29373384 0.2573415 -0.26380084 0.21890776 -0.047719956 0.49135023 -0.32058181 -0.2400795 0.52330439 -0.165313 0.012902886 -0.48532612 0.12425779 0.31791467 0.10569999 0.078846007 -0.021340038 -0.49535272 0.21069479 0.12595335
0.28209479 0.28272724 -0.18366727 -0.064522386 -0.4459155 0.28498285 0.33795225 -0.5291564 0.20958659 0.12867075 -0.26380084 0.31239253 0.21125868 -0.22288765 0.0026855283 0.1939774 -0.52330439 0.52219296 0.022982014 -0.34629255 0.062128893 0.31791467 0.15083927 -0.34905529 0.0096803273 0.0041495921 0.21069479 -0.18940744
0.28209479 -0.2448897 -0.32056477 0.18479343 0.44121956 0.079569488 -0.081730855 -0.39611528 -0.57271846 -0.1375066 -0.32561819 0.18926159 0.18608751 -0.12870566 -0.11249287 0.042054932 2.8929781e-16 -0.31727933 -0.58030431 -0.1459127 0.27984297 -0.21589542 -0.3851708 0.04740991 -0.1885523 -0.43669754 -0.26247732 -0.057883648
0.28209479 -0.061222426 -0.20705216 0.51928571 0.28498285 0.019892372 -0.0051081784 -0.06396252 -0.2743857 -0.40258292 0.39906673 0.55410785 0.089153317 -0.020782683 -0.0070308044 0.00065710831 1.1678556e-17 -0.035845078 -0.22314899 -0.55760561 -0.46550694 0.068265137 0.64071534 0.18117705 -0.072505503 -0.049336517 -0.010595849 -0.000904432
0.28209479 -0.11833017 -0.50125464 0.28209478 0.16286751 -0.16286751 0.0808349 0.1849701 -0.35050494 -0.43597672 -0.21026106 0.14165742 -0.48242866 -0.2545895 0.026264851 -0.032519392 -1.5190526e-16 0.38752301 0.37987026 -0.27862184 0.20987024 -0.3901395 -0.068190973 -0.38349007 -0.52284656 0.12591386 0.15505007 0.010566191
0.28209479 -0.35840232 -0.4106925 -0.064522386 0.25279631 -0.18082504 0.2718306 -0.048460433 -0.26568476 0.28771655 -0.26380084 -0.1771001 -0.13404617 -0.57213372 -0.20081598 0.045600111 0.52330439 0.42002391 0.0021047054 0.43898159 0.13892443 0.31791467 -0.085513085 0.22147977 0.02484858 -0.31029441 0.21069479 0.26725089
0.28209479 -0.061222426 -0.48084715 -0.064522386 0.036882484 -0.39673888 0.1018789 0.5591066 -0.045384375 0.3368644 -0.26380084 -0.025838556 -0.29410376 -0.13071043 0.32224156 -0.12019487 -0.52330439 0.15742 -0.024282794 0.074987009 0.16265555 0.31791467 -0.012476191 0.48593732 0.0056769397 0.49791731 0.21069479 -0.24301359
0.28209479 -9.8616062e-17 -1.290901e-16 0.28209478 0.52705032 0.20131531 -8.327093e-17 -2.3123041e-16 -2.9210992e-16 -1.1227882e-16 -0.21026106 0.45841306 0.59631462 0.31468993 0.084994844 -5.0249088e-17 -1.8988158e-16 -3.9920136e-16 -4.7487435e-16 -2.3220273e-16 5.4048715e-17 -0.3901395 -0.22067062 0.47401979 0.64627389 0.40746581 0.15505007 0.034192912
0.28209479 0.18366728 0.11351261 -0.064522386 0.46871013 0.35695413 0.27498763 0.37549707 0.13615312 -0.079522898 -0.26380084 -0.32836164 0.26461121 0.43438157 0.19647071 0.26826191 0.52330439 0.42490205 -0.016308371 -0.22496103 -0.038397768 0.31791467 -0.15854998 -0.43720781 -0.018865809 0.30358023 0.21069479 0.039216786
0.28209479 -0.18366728 -0.11351261 -0.064522386 0.46871013 0.35695413 -0.27498763 -0.37549707 -0.13615312 0.079522898 -0.26380084 -0.32836164 0.26461121 0.43438157 0.19647071 -0.26826191 -0.52330439 -0.42490205 0.016308371 0.22496103 0.038397768 0.31791467 -0.15854998 -0.43720781 -0.018865809 0.30358023 0.21069479 0.039216786
0.28209479 0.39623985 0.075675074 -0.28751721 0.16853087 0.35225817 0.5854478 0.27711964 -0.27238849 -0.12946746 0.22707659 -0.28832828 -0.24215401 0.087140283 -0.069040106 0.35744552 0.32341988 -0.31904553 -0.38591765 0.16650096 0.16726545 -0.1382106 0.37250562 0.14801975 -0.12135182 0.037624084 -0.19361702 -0.51216676
0.28209479 0.21257258 -0.037837537 -0.28751721 -0.18082503 0.48570026 0.43305646 -0.16851001 -0.14612948 0.064733732 0.22707659 0.30936154 -0.33388655 -0.23662861 0.3999722 0.59022357 -0.32341988 -0.23599837 0.23466756 0.089323518 -0.083632723 -0.1382106 -0.39967954 0.20409244 0.32952972 -0.21796878 -0.19361702 0.20425041
0.28209479 0.50125464 -0.11833016 -0.2820948 -0.1628675 0.1628675 0.34242211 -0.29928788 -0.32716475 0.19953632 0.21026105 0.27463818 -0.10630227 0.097244527 -0.4713036 -0.36064554 -4.9711636e-17 -0.16920294 0.4069705 0.17219781 -0.25146913 -0.10711293 -0.34611756 0.055950459 -0.13223273 0.23288787 0.40592632 -0.496386
0.28209479 0.52761693 0.1368975 -0.28751721 0.12405017 -0.052078905 -0.11525228 0.17297472 -0.36270148 -0.23420884 0.22707659 -0.21222921 0.035800776 -0.23338481 -0.57812851 -0.59755628 -0.32341988 0.06280786 -0.24088513 0.22170593 0.30258604 -0.1382106 0.27418946 -0.021883683 0.32501239 0.31505681 -0.19361702 0.18168266
0.28209479 0.45746228 -0.16028238 -0.28751721 -0.091863643 -0.26799273 -0.51421798 0.0027593432 -0.31447483 0.27421649 0.22707659 0.15716341 0.18422714 0.29048427 -0.28826296 0.011864568 0.32341988 0.28022814 -0.0038426698 0.19222677 -0.3542739 -0.1382106 -0.20304722 -0.1126112 -0.40452928 0.15709173 -0.19361702 0.62445282
0.28209479 -0.11351262 0.18366726 -0.28751721 -0.01989237 -0.51788679 0.24657436 -0.27541427 0.078032359 -0.31422414 0.22707659 0.034032537 0.35601265 0.092388866 0.53545938 -0.37664279 0.32341988 -0.13437312 0.38354275 -0.047698279 0.40596177 -0.1382106 -0.043968325 -0.2176173 -0.12866102 -0.29180385 -0.19361702 -0.49821912
0.28209479 0.11351262 -0.18366726 -0.28751721 -0.01989237 -0.51788679 -0.24657436 0.27541427 -0.078032359 0.31422414 0.22707659 0.034032537 0.35601265 0.092388866 0.53545938 0.37664279 -0.32341988 0.13437312 -0.38354275 0.047698279 -0.40596177 -0.1382106 -0.043968325 -0.2176173 -0.12866102 -0.29180385 -0.19361702 -0.49821912
0.28209479 -0.3097924 -0.19146222 -0.2820948 0.062209848 -0.42639266 0.55405061 0.18497008 0.20219893 0.32285655 0.21026105 -0.10490245 0.27830296 -0.25458948 0.18002196 -0.58353674 5.7193508e-16 -0.27377611 -0.2515216 -0.1064241 -0.40688559 -0.10711293 0.13220514 -0.1464802 0.34618979 -0.088955251 0.40592632 0.18960258
0.28209479 -0.45746228 0.16028238 -0.28751721 -0.091863643 -0.26799273 0.51421798 -0.0027593432 0.31447483 -0.27421649 0.22707659 0.15716341 0.18422714 0.29048427 -0.28826296 -0.011864568 -0.32341988 -0.28022814 0.0038426698 -0.19222677 0.3542739 -0.1382106 -0.20304722 -0.1126112 -0.40452928 0.15709173 -0.19361702 0.62445282
0.28209479 -0.52761693 -0.1368975 -0.28751721 0.12405017 -0.052078905 0.11525228 -0.17297472 0.36270148 0.23420884 0.22707659 -0.21222921 0.035800776 -0.23338481 -0.57812851 0.59755628 0.32341988 -0.06280786 0.24088513 -0.22170593 -0.30258604 -0.1382106 0.27418946 -0.021883683 0.32501239 0.31505681 -0.19361702 0.18168266
0.28209479 -0.21257258 0.037837537 -0.28751721 -0.18082503 0.48570026 -0.43305646 0.16851001 0.14612948 -0.064733732 0.22707659 0.30936154 -0.33388655 -0.23662861 0.3999722 -0.59022357 0.32341988 0.23599837 -0.23466756 -0.089323518 0.083632723 -0.1382106 -0.39967954 0.20409244 0.32952972 -0.21796878 -0.19361702 0.20425041
0.28209479 -0.39623985 -0.075675074 -0.28751721 0.16853087 0.35225817 -0.5854478 -0.27711964 0.27238849 0.12946746 0.22707659 -0.28832828 -0.24215401 0.087140283 -0.069040106 -0.35744552 -0.32341988 0.31904553 0.38591765 -0.16650096 -0.16726545 -0.1382106 0.37250562 0.14801975 -0.12135182 0.037624084 -0.19361702 -0.51216676
0.28209479 -1.290901e-16 -2.4654013e-17 -0.2820948 0.2013153 0.52705032 -2.853737e-16 -1.1561519e-16 8.4256036e-17 4.1573264e-17 0.21026105 -0.33947146 -0.34400137 0.3146899 0.58256328 -4.508416e-16 -2.4855818e-16 1.410133e-16 1.5721309e-16 -4.4346785e-17 -5.2393431e-17 -0.10711293 0.42782483 0.18105949 -0.42791411 -0.28786524 0.40592632 0.61356684
0.28209479 0.21257258 -0.037837537 -0.28751721 -0.18082503 0.48570026 0.43305646 -0.16851001 -0.14612948 0.064733732 0.22707659 0.30936154 -0.33388655 -0.23662861 0.3999722 0.59022357 -0.32341988 -0.23599837 0.23466756 0.089323518 -0.083632723 -0.1382106 -0.39967954 0.20409244 0.32952972 -0.21796878 -0.19361702 0.20425041
0.28209479 0.39623985 0.075675074 -0.28751721 0.16853087 0.35225817 0.5854478 0.27711964 -0.27238849 -0.12946746 0.22707659 -0.28832828 -0.24215401 0.087140283 -0.069040106 0.35744552 0.32341988 -0.31904553 -0.38591765 0.16650096 0.16726545 -0.1382106 0.37250562 0.14801975 -0.12135182 0.037624084 -0.19361702 -0.51216676
0.28209479 0.45746228 -0.16028238 -0.28751721 -0.091863643 -0.26799273 -0.51421798 0.0027593432 -0.31447483 0.27421649 0.22707659 0.15716341 0.18422714 0.29048427 -0.28826296 0.011864568 0.32341988 0.28022814 -0.0038426698 0.19222677 -0.3542739 -0.1382106 -0.20304722 -0.1126112 -0.40452928 0.15709173 -0.19361702 0.62445282
0.28209479 0.52761693 0.1368975 -0.28751721 0.12405017 -0.052078905 -0.11525228 0.17297472 -0.36270148 -0.23420884 0.22707659 -0.21222921 0.035800776 -0.23338481 -0.57812851 -0.59755628 -0.32341988 0.06280786 -0.24088513 0.22170593 0.30258604 -0.1382106 0.27418946 -0.021883683 0.32501239 0.31505681 -0.19361702 0.18168266
0.28209479 0.3097924 0.19146222 -0.2820948 0.062209848 -0.42639266 -0.55405061 -0.18497008 -0.20219893 -0.32285655 0.21026105 -0.10490245 0.27830296 -0.25458948 0.18002196 0.58353674 -3.4798145e-16 0.27377611 0.2515216 0.1064241 0.40688559 -0.10711293 0.13220514 -0.1464802 0.34618979 -0.088955251 0.40592632 0.18960258
0.28209479 0.11351262 -0.18366726 -0.28751721 -0.01989237 -0.51788679 -0.24657436 0.27541427 -0.078032359 0.31422414 0.22707659 0.034032537 0.35601265 0.092388866 0.53545938 0.37664279 -0.32341988 0.13437312 -0.38354275 0.047698279 -0.40596177 -0.1382106 -0.043968325 -0.2176173 -0.12866102 -0.29180385 -0.19361702 -0.49821912
0.28209479 -0.11351262 0.18366726 -0.28751721 -0.01989237 -0.51788679 0.24657436 -0.27541427 0.078032359 -0.31422414 0.22707659 0.034032537 0.35601265 0.092388866 0.53545938 -0.37664279 0.32341988 -0.13437312 0.38354275 -0.047698279 0.40596177 -0.1382106 -0.043968325 -0.2176173 -0.12866102 -0.29180385 -0.19361702 -0.49821912
0.28209479 -0.52761693 -0.1368975 -0.28751721 0.12405017 -0.052078905 0.11525228 -0.17297472 0.36270148 0.23420884 0.22707659 -0.21222921 0.035800776 -0.23338481 -0.57812851 0.59755628 0.32341988 -0.06280786 0.24088513 -0.22170593 -0.30258604 -0.1382106 0.27418946 -0.021883683 0.32501239 0.31505681 -0.19361702 0.18168266
0.28209479 -0.45746228 0.16028238 -0.28751721 -0.091863643 -0.26799273 0.51421798 -0.0027593432 0.31447483 -0.27421649 0.22707659 0.15716341 0.18422714 0.29048427 -0.28826296 -0.011864568 -0.32341988 -0.28022814 0.0038426698 -0.19222677 0.3542739 -0.1382106 -0.20304722 -0.1126112 -0.40452928 0.15709173 -0.19361702 0.62445282
0.28209479 -0.50125464 0.11833016 -0.2820948 -0.1628675 0.1628675 -0.34242211 0.29928788 0.32716475 -0.19953632 0.21026105 0.27463818 -0.10630227 0.097244527 -0.4713036 0.36064554 -4.4740473e-16 0.16920294 -0.4069705 -0.17219781 0.25146913 -0.10711293 -0.34611756 0.055950459 -0.13223273 0.23288787 0.40592632 -0.496386
0.28209479 -0.39623985 -0.075675074 -0.28751721 0.16853087 0.35225817 -0.5854478 -0.27711964 0.27238849 0.12946746 0.22707659 -0.28832828 -0.24215401 0.087140283 -0.069040106 -0.35744552 -0.32341988 0.31904553 0.38591765 -0.16650096 -0.16726545 -0.1382106 0.37250562 0.14801975 -0.12135182 0.037624084 -0.19361702 -0.51216676
0.28209479 -0.21257258 0.037837537 -0.28751721 -0.18082503 0.48570026 -0.43305646 0.16851001 0.14612948 -0.064733732 0.22707659 0.30936154 -0.33388655 -0.23662861 0.3999722 -0.59022357 0.32341988 0.23599837 -0.23466756 -0.089323518 0.083632723 -0.1382106 -0.39967954 0.20409244 0.32952972 -0.21796878 -0.19361702 0.20425041
0.28209479 0.3097924 0.19146222 -0.2820948 0.062209848 -0.42639266 -0.55405061 -0.18497008 -0.20219893 -0.32285655 0.21026105 -0.10490245 0.27830296 -0.25458948 0.18002196 0.58353674 -9.9423273e-17 0.27377611 0.2515216 0.1064241 0.40688559 -0.10711293 0.13220514 -0.1464802 0.34618979 -0.088955251 0.40592632 0.18960258
0.28209479 -0.50125464 0.11833016 -0.2820948 -0.1628675 0.1628675 -0.34242211 0.29928788 0.32716475 -0.19953632 0.21026105 0.27463818 -0.10630227 0.097244527 -0.4713036 0.36064554 -1.9884655e-16 0.16920294 -0.4069705 -0.17219781 0.25146913 -0.10711293 -0.34611756 0.055950459 -0.13223273 0.23288787 0.40592632 -0.496386
0.28209479 0.50125464 -0.11833016 -0.2820948 -0.1628675 0.1628675 0.34242211 -0.29928788 -0.32716475 0.19953632 0.21026105 0.27463818 -0.10630227 0.097244527 -0.4713036 -0.36064554 -2.9826982e-16 -0.16920294 0.4069705 0.17219781 -0.25146913 -0.10711293 -0.34611756 0.055950459 -0.13223273 0.23288787 0.40592632 -0.496386
0.28209479 -0.3097924 -0.19146222 -0.2820948 0.062209848 -0.42639266 0.55405061 0.18497008 0.20219893 0.32285655 0.21026105 -0.10490245 0.27830296 -0.25458948 0.18002196 -0.58353674 -3.9769309e-16 -0.27377611 -0.2515216 -0.1064241 -0.40688559 -0.10711293 0.13220514 -0.1464802 0.34618979 -0.088955251 0.40592632 0.18960258
0.28209479 1.8741454e-17 3.5792991e-18 -0.2820948 0.2013153 0.52705032 4.1430896e-17 1.6785152e-17 -1.2232392e-17 -6.0356562e-18 0.21026105 -0.33947146 -0.34400137 0.3146899 0.58256328 6.5453723e-17 3.6085974e-17 -2.0472479e-17 -2.2824385e-17 6.4383192e-18 7.6065409e-18 -0.10711293 0.42782483 0.18105949 -0.42791411 -0.28786524 0.40592632 0.61356684
