0.28209479 0 0 0.63078313 0 0 0 0 0 0 0.84628438 0 0 0 0
0.28209479 0 0 -0.12615664 -0.43701936 0.43701938 0 0 0 0 -0.16925685 0.42818981 0.15138791 -0.56644184 0.40053489
0.28209479 0.25687355 -0.41563011 -0.12615664 -0.13504641 -0.35355611 -0.38093131 0.33294616 0.088983581 0.4072327 -0.16925685 0.13231793 -0.12247539 0.45826108 0.12377209
0.28209479 -0.41563013 -0.25687353 -0.12615664 0.35355609 0.13504642 -0.2354285 -0.5387182 -0.14397846 0.25168365 -0.16925685 -0.34641283 0.046781437 -0.17504016 -0.32403953
0.28209479 0.41563013 0.25687353 -0.12615664 0.35355609 0.13504642 0.2354285 0.5387182 0.14397846 -0.25168365 -0.16925685 -0.34641283 0.046781437 -0.17504016 -0.32403953
0.28209479 -0.25687355 0.41563011 -0.12615664 -0.13504641 -0.35355611 0.38093131 -0.33294616 -0.088983581 -0.4072327 -0.16925685 0.13231793 -0.12247539 0.45826108 0.12377209
0.28209479 0.41563013 0.25687353 -0.12615664 0.35355609 0.13504642 0.2354285 0.5387182 0.14397846 -0.25168365 -0.16925685 -0.34641283 0.046781437 -0.17504016 -0.32403953
0.28209479 -0.25687355 0.41563011 -0.12615664 -0.13504641 -0.35355611 0.38093131 -0.33294616 -0.088983581 -0.4072327 -0.16925685 0.13231793 -0.12247539 0.45826108 0.12377209
0.28209479 -1.0703888e-16 5.3519436e-17 -0.12615664 -0.43701936 0.43701938 -1.9620551e-16 2.0810736e-16 -3.7079344e-17 -5.2438127e-17 -0.16925685 0.42818981 0.15138791 -0.56644184 0.40053489
0.28209479 0.25687355 -0.41563011 -0.12615664 -0.13504641 -0.35355611 -0.38093131 0.33294616 0.088983581 0.4072327 -0.16925685 0.13231793 -0.12247539 0.45826108 0.12377209
0.28209479 -0.41563013 -0.25687353 -0.12615664 0.35355609 0.13504642 -0.2354285 -0.5387182 -0.14397846 0.25168365 -0.16925685 -0.34641283 0.046781437 -0.17504016 -0.32403953
0.28209479 0 0 0.63078313 0 0 0 0 0 0 0.84628438 0 0 0 0
0.28209479 0 0 0.093662042 -0.5412471 0.31010701 0 0 0 0 -0.36264118 -0.0087053567 0.5441748 -0.49780713 0.20167966
0.28209479 0.18227632 -0.51475658 0.093662042 -0.16725455 -0.25088184 -0.19180876 0.29260369 0.31985792 -0.0082792863 -0.36264118 -0.0026901032 -0.44024666 0.40273443 0.062322443
0.28209479 0 0 0.36926687 -0.48860252 0.15098648 0 0 0 0 -0.040406503 -0.61793592 0.53156417 -0.21880021 0.047809599
0.28209479 0.088747629 -0.46468861 0.36926687 -0.15098648 -0.12215063 -0.045469631 0.12860753 0.31244558 -0.58769199 -0.040406503 -0.1909527 -0.43004445 0.17701308 0.014773979
0.28209479 0 0 0.57110301 -0.26559644 0.034456334 0 0 0 0 0.59411704 -0.57876422 0.1658652 -0.027142214 0.0024898724
0.28209479 0.10390753 -0.25687355 0.44154818 -0.3535561 0.033761604 0.014714282 -0.13467956 0.41393819 -0.40898592 0.14809975 -0.56292082 0.13449667 0.043760041 -0.020252471
0.28209479 0.020252925 -0.25259723 0.57110301 -0.082073815 -0.02787576 -0.0023680094 0.015953793 0.097493116 -0.55043748 0.59411704 -0.17884798 -0.13418776 0.021958513 0.00076941288
0.28209479 0.18328583 -0.20781506 0.18003192 -0.50454258 0.18474809 0.14202925 -0.38814191 0.42305522 -0.084659536 -0.32925342 -0.20554016 0.42643037 -0.16349049 0.0011286315
0.28209479 0.25687355 -0.41563012 0.18003192 -0.3535561 -0.041731638 -0.044962844 -0.2179161 0.59290834 -0.16931907 -0.32925342 -0.1440314 -0.096323799 0.36041067 -0.13472908
0.28209479 0.21687245 -0.13107968 -0.076671107 -0.45606635 0.3461168 0.31484443 -0.42790895 0.14388745 0.09904429 -0.24765163 0.34460543 0.22963666 -0.38385833 0.15259863
0.28209479 0.37594099 -0.28719334 -0.053875331 -0.39528773 0.12215063 0.19261244 -0.54479024 0.30433145 0.18734436 -0.27695013 0.25785739 0.098883283 0.17701308 -0.26510829
0.28209479 0.37889585 -0.39323903 -0.076671107 -0.26559643 -0.15253995 -0.2424222 -0.12055935 0.25138444 0.29713287 -0.24765163 0.20068565 -0.10120504 0.56206649 -0.25227928
0.28209479 -0.29492929 -0.31813706 0.093662042 0.4378781 0.095828335 -0.11854433 -0.47344271 -0.51754099 -0.0051168803 -0.36264118 0.0070427815 0.16815926 -0.15383086 -0.16316228
0.28209479 -0.14359668 -0.28719335 0.36926687 0.39528774 0.04665739 -0.028101777 -0.20809136 -0.50554757 -0.36321362 -0.040406503 0.49992066 0.16426236 -0.067612982 -0.038678778
0.28209479 -0.064218388 -0.41563013 0.44154818 0.13504641 -0.088389028 0.023808208 0.083236545 -0.25582787 -0.66175311 0.14809975 0.21501662 -0.35211686 -0.11456528 0.0077357557
0.28209479 -0.032769921 -0.15611367 0.57110301 0.21487204 0.010647593 -0.0014635103 -0.02581378 -0.15774718 -0.34018907 0.59411704 0.46823009 0.051255165 -0.0083874055 -0.0020143491
0.28209479 -0.039689146 -0.54406689 0.18003192 0.041731637 -0.25719705 0.042816059 0.4101107 -0.091609377 -0.22164154 -0.32925342 0.017000601 -0.59365503 -0.095877506 0.13542661
0.28209479 -0.23234431 -0.4646886 0.18003192 0.28603289 -0.11722488 0.11424068 -0.035546248 -0.53629063 -0.18930448 -0.32925342 0.11652385 -0.27057519 -0.41966623 -0.08439578
0.28209479 0.027988854 -0.47425072 -0.076671107 -0.016268073 -0.4074888 -0.047837639 0.57181188 0.018569647 0.35834561 -0.24765163 0.012292216 -0.27035488 0.059029343 0.34659042
0.28209479 -0.23234431 -0.46468859 -0.053875331 0.15098648 -0.3197945 0.31165348 0.33669888 -0.18808718 0.30312954 -0.27695013 -0.098492758 -0.2588798 -0.46342625 0.10126235
0.28209479 -0.39619391 -0.37411476 -0.076671107 0.29191873 -0.099301983 0.16501927 -0.23283983 -0.26286111 0.2826825 -0.24765163 -0.22057487 -0.065883469 -0.52558435 -0.3085158
0.28209479 0.29492929 0.31813706 0.093662042 0.4378781 0.095828335 0.11854433 0.47344271 0.51754099 0.0051168803 -0.36264118 0.0070427815 0.16815926 -0.15383086 -0.16316228
0.28209479 0.14359668 0.28719335 0.36926687 0.39528774 0.04665739 0.028101777 0.20809136 0.50554757 0.36321362 -0.040406503 0.49992066 0.16426236 -0.067612982 -0.038678778
0.28209479 -2.675972e-17 -5.3519438e-17 0.44154818 0.43701938 0.10925485 -1.2262845e-17 -5.2026842e-17 -1.0660315e-16 -8.5211953e-17 0.14809975 0.6958084 0.43524037 0.14161047 0.025033431
0.28209479 0.032769921 0.15611367 0.57110301 0.21487204 0.010647593 0.0014635103 0.02581378 0.15774718 0.34018907 0.59411704 0.46823009 0.051255165 -0.0083874055 -0.0020143491
0.28209479 -0.11906744 -0.12843677 0.18003192 0.53033415 0.23140548 -0.11556747 -0.27543114 -0.27482813 -0.052322471 -0.32925342 0.21604711 0.53412365 0.31862355 0.082569615
0.28209479 0.11906744 0.12843677 0.18003192 0.53033415 0.23140548 0.11556747 0.27543114 0.27482813 0.052322471 -0.32925342 0.21604711 0.53412365 0.31862355 0.082569615
0.28209479 -0.26215937 -0.16202339 -0.076671107 0.44601213 0.31321393 -0.34440972 -0.49730211 -0.17393377 0.12242547 -0.24765163 -0.33700842 0.20780673 0.28834685 0.06160603
0.28209479 -9.6817575e-17 -5.9836549e-17 -0.053875331 0.4886025 0.39528775 -1.6052272e-16 -2.1045299e-16 -7.8375687e-17 3.9033077e-17 -0.27695013 -0.31872926 0.31999303 0.57282635 0.32769186
0.28209479 0.26215937 0.16202339 -0.076671107 0.44601213 0.31321393 0.34440972 0.49730211 0.17393377 -0.12242547 -0.24765163 -0.33700842 0.20780673 0.28834685 0.06160603
0.28209479 -0.18227632 0.51475658 0.093662042 -0.16725455 -0.25088184 0.19180876 -0.29260369 -0.31985792 0.0082792863 -0.36264118 -0.0026901032 -0.44024666 0.40273443 0.062322443
0.28209479 -0.088747629 0.46468861 0.36926687 -0.15098648 -0.12215063 0.045469631 -0.12860753 -0.31244558 0.58769199 -0.040406503 -0.1909527 -0.43004445 0.17701308 0.014773979
0.28209479 0.064218388 0.41563013 0.44154818 0.13504641 -0.088389028 -0.023808208 -0.083236545 0.25582787 0.66175311 0.14809975 0.21501662 -0.35211686 -0.11456528 0.0077357557
0.28209479 -0.020252925 0.25259723 0.57110301 -0.082073815 -0.02787576 0.0023680094 -0.015953793 -0.097493116 0.55043748 0.59411704 -0.17884798 -0.13418776 0.021958513 0.00076941288
0.28209479 0.23234431 0.4646886 0.18003192 0.28603289 -0.11722488 -0.11424068 0.035546248 0.53629063 0.18930448 -0.32925342 0.11652385 -0.27057519 -0.41966623 -0.08439578
0.28209479 0.039689146 0.54406689 0.18003192 0.041731637 -0.25719705 -0.042816059 -0.4101107 0.091609377 0.22164154 -0.32925342 0.017000601 -0.59365503 -0.095877506 0.13542661
0.28209479 0.39619391 0.37411476 -0.076671107 0.29191873 -0.099301983 -0.16501927 0.23283983 0.26286111 -0.2826825 -0.24765163 -0.22057487 -0.065883469 -0.52558435 -0.3085158
0.28209479 0.23234431 0.46468859 -0.053875331 0.15098648 -0.3197945 -0.31165348 -0.33669888 0.18808718 -0.30312954 -0.27695013 -0.098492758 -0.2588798 -0.46342625 0.10126235
0.28209479 -0.027988854 0.47425072 -0.076671107 -0.016268073 -0.4074888 0.047837639 -0.57181188 -0.018569647 -0.35834561 -0.24765163 0.012292216 -0.27035488 0.059029343 0.34659042
0.28209479 -0.10390753 0.25687355 0.44154818 -0.3535561 0.033761604 -0.014714282 0.13467956 -0.41393819 0.40898592 0.14809975 -0.56292082 0.13449667 0.043760041 -0.020252471
0.28209479 -0.25687355 0.41563012 0.18003192 -0.3535561 -0.041731638 0.044962844 0.2179161 -0.59290834 0.16931907 -0.32925342 -0.1440314 -0.096323799 0.36041067 -0.13472908
0.28209479 -0.18328583 0.20781506 0.18003192 -0.50454258 0.18474809 -0.14202925 0.38814191 -0.42305522 0.084659536 -0.32925342 -0.20554016 0.42643037 -0.16349049 0.0011286315
0.28209479 -0.37889585 0.39323903 -0.076671107 -0.26559643 -0.15253995 0.2424222 0.12055935 -0.25138444 -0.29713287 -0.24765163 0.20068565 -0.10120504 0.56206649 -0.25227928
0.28209479 -0.37594099 0.28719334 -0.053875331 -0.39528773 0.12215063 -0.19261244 0.54479024 -0.30433145 -0.18734436 -0.27695013 0.25785739 0.098883283 0.17701308 -0.26510829
0.28209479 -0.21687245 0.13107968 -0.076671107 -0.45606635 0.3461168 -0.31484443 0.42790895 -0.14388745 -0.09904429 -0.24765163 0.34460543 0.22963666 -0.38385833 0.15259863
0.28209479 -0.18227632 0.51475658 0.093662042 -0.16725455 -0.25088184 0.19180876 -0.29260369 -0.31985792 0.0082792863 -0.36264118 -0.0026901032 -0.44024666 0.40273443 0.062322443
0.28209479 0.29492929 0.31813706 0.093662042 0.4378781 0.095828335 0.11854433 0.47344271 0.51754099 0.0051168803 -0.36264118 0.0070427815 0.16815926 -0.15383086 -0.16316228
0.28209479 -0.088747629 0.46468861 0.36926687 -0.15098648 -0.12215063 0.045469631 -0.12860753 -0.31244558 0.58769199 -0.040406503 -0.1909527 -0.43004445 0.17701308 0.014773979
0.28209479 0.14359668 0.28719335 0.36926687 0.39528774 0.04665739 0.028101777 0.20809136 0.50554757 0.36321362 -0.040406503 0.49992066 0.16426236 -0.067612982 -0.038678778
0.28209479 -0.020252925 0.25259723 0.57110301 -0.082073815 -0.02787576 0.0023680094 -0.015953793 -0.097493116 0.55043748 0.59411704 -0.17884798 -0.13418776 0.021958513 0.00076941288
0.28209479 0.064218388 0.41563013 0.44154818 0.13504641 -0.088389028 -0.023808208 -0.083236545 0.25582787 0.66175311 0.14809975 0.21501662 -0.35211686 -0.11456528 0.0077357557
0.28209479 0.032769921 0.15611367 0.57110301 0.21487204 0.010647593 0.0014635103 0.02581378 0.15774718 0.34018907 0.59411704 0.46823009 0.051255165 -0.0083874055 -0.0020143491
0.28209479 0.039689146 0.54406689 0.18003192 0.041731637 -0.25719705 -0.042816059 -0.4101107 0.091609377 0.22164154 -0.32925342 0.017000601 -0.59365503 -0.095877506 0.13542661
0.28209479 0.23234431 0.4646886 0.18003192 0.28603289 -0.11722488 -0.11424068 0.035546248 0.53629063 0.18930448 -0.32925342 0.11652385 -0.27057519 -0.41966623 -0.08439578
0.28209479 -0.027988854 0.47425072 -0.076671107 -0.016268073 -0.4074888 0.047837639 -0.57181188 -0.018569647 -0.35834561 -0.24765163 0.012292216 -0.27035488 0.059029343 0.34659042
0.28209479 0.23234431 0.46468859 -0.053875331 0.15098648 -0.3197945 -0.31165348 -0.33669888 0.18808718 -0.30312954 -0.27695013 -0.098492758 -0.2588798 -0.46342625 0.10126235
0.28209479 0.39619391 0.37411476 -0.076671107 0.29191873 -0.099301983 -0.16501927 0.23283983 0.26286111 -0.2826825 -0.24765163 -0.22057487 -0.065883469 -0.52558435 -0.3085158
0.28209479 -7.595431e-17 6.6283653e-17 0.093662042 -0.5412471 0.31010701 -9.8794542e-17 1.8289137e-16 -1.3328438e-16 1.0660987e-18 -0.36264118 -0.0087053567 0.5441748 -0.49780713 0.20167966
0.28209479 -3.6981023e-17 5.9836551e-17 0.36926687 -0.48860252 0.15098648 -2.3419949e-17 8.0385891e-17 -1.3019567e-16 7.5675325e-17 -0.040406503 -0.61793592 0.53156417 -0.21880021 0.047809599
0.28209479 -8.4393678e-18 3.2526184e-17 0.57110301 -0.26559644 0.034456334 -1.2196857e-18 9.9718878e-18 -4.0625256e-17 7.0878175e-17 0.59411704 -0.57876422 0.1658652 -0.027142214 0.0024898724
0.28209479 -0.10390753 0.25687355 0.44154818 -0.3535561 0.033761604 -0.014714282 0.13467956 -0.41393819 0.40898592 0.14809975 -0.56292082 0.13449667 0.043760041 -0.020252471
0.28209479 -0.18328583 0.20781506 0.18003192 -0.50454258 0.18474809 -0.14202925 0.38814191 -0.42305522 0.084659536 -0.32925342 -0.20554016 0.42643037 -0.16349049 0.0011286315
0.28209479 -0.25687355 0.41563012 0.18003192 -0.3535561 -0.041731638 0.044962844 0.2179161 -0.59290834 0.16931907 -0.32925342 -0.1440314 -0.096323799 0.36041067 -0.13472908
0.28209479 -0.21687245 0.13107968 -0.076671107 -0.45606635 0.3461168 -0.31484443 0.42790895 -0.14388745 -0.09904429 -0.24765163 0.34460543 0.22963666 -0.38385833 0.15259863
0.28209479 -0.37594099 0.28719334 -0.053875331 -0.39528773 0.12215063 -0.19261244 0.54479024 -0.30433145 -0.18734436 -0.27695013 0.25785739 0.098883283 0.17701308 -0.26510829
0.28209479 -0.37889585 0.39323903 -0.076671107 -0.26559643 -0.15253995 0.2424222 0.12055935 -0.25138444 -0.29713287 -0.24765163 0.20068565 -0.10120504 0.56206649 -0.25227928
0.28209479 0.18227632 -0.51475658 0.093662042 -0.16725455 -0.25088184 -0.19180876 0.29260369 0.31985792 -0.0082792863 -0.36264118 -0.0026901032 -0.44024666 0.40273443 0.062322443
0.28209479 0.088747629 -0.46468861 0.36926687 -0.15098648 -0.12215063 -0.045469631 0.12860753 0.31244558 -0.58769199 -0.040406503 -0.1909527 -0.43004445 0.17701308 0.014773979
0.28209479 0.020252925 -0.25259723 0.57110301 -0.082073815 -0.02787576 -0.0023680094 0.015953793 0.097493116 -0.55043748 0.59411704 -0.17884798 -0.13418776 0.021958513 0.00076941288
0.28209479 0.10390753 -0.25687355 0.44154818 -0.3535561 0.033761604 0.014714282 -0.13467956 0.41393819 -0.40898592 0.14809975 -0.56292082 0.13449667 0.043760041 -0.020252471
0.28209479 0.25687355 -0.41563012 0.18003192 -0.3535561 -0.041731638 -0.044962844 -0.2179161 0.59290834 -0.16931907 -0.32925342 -0.1440314 -0.096323799 0.36041067 -0.13472908
0.28209479 0.18328583 -0.20781506 0.18003192 -0.50454258 0.18474809 0.14202925 -0.38814191 0.42305522 -0.084659536 -0.32925342 -0.20554016 0.42643037 -0.16349049 0.0011286315
0.28209479 0.37889585 -0.39323903 -0.076671107 -0.26559643 -0.15253995 -0.2424222 -0.12055935 0.25138444 0.29713287 -0.24765163 0.20068565 -0.10120504 0.56206649 -0.25227928
0.28209479 0.37594099 -0.28719334 -0.053875331 -0.39528773 0.12215063 0.19261244 -0.54479024 0.30433145 0.18734436 -0.27695013 0.25785739 0.098883283 0.17701308 -0.26510829
0.28209479 0.21687245 -0.13107968 -0.076671107 -0.45606635 0.3461168 0.31484443 -0.42790895 0.14388745 0.09904429 -0.24765163 0.34460543 0.22963666 -0.38385833 0.15259863
0.28209479 -0.29492929 -0.31813706 0.093662042 0.4378781 0.095828335 -0.11854433 -0.47344271 -0.51754099 -0.0051168803 -0.36264118 0.0070427815 0.16815926 -0.15383086 -0.16316228
0.28209479 -0.14359668 -0.28719335 0.36926687 0.39528774 0.04665739 -0.028101777 -0.20809136 -0.50554757 -0.36321362 -0.040406503 0.49992066 0.16426236 -0.067612982 -0.038678778
0.28209479 -0.032769921 -0.15611367 0.57110301 0.21487204 0.010647593 -0.0014635103 -0.02581378 -0.15774718 -0.34018907 0.59411704 0.46823009 0.051255165 -0.0083874055 -0.0020143491
0.28209479 -0.064218388 -0.41563013 0.44154818 0.13504641 -0.088389028 0.023808208 0.083236545 -0.25582787 -0.66175311 0.14809975 0.21501662 -0.35211686 -0.11456528 0.0077357557
0.28209479 -0.23234431 -0.4646886 0.18003192 0.28603289 -0.11722488 0.11424068 -0.035546248 -0.53629063 -0.18930448 -0.32925342 0.11652385 -0.27057519 -0.41966623 -0.08439578
0.28209479 -0.039689146 -0.54406689 0.18003192 0.041731637 -0.25719705 0.042816059 0.4101107 -0.091609377 -0.22164154 -0.32925342 0.017000601 -0.59365503 -0.095877506 0.13542661
0.28209479 -0.39619391 -0.37411476 -0.076671107 0.29191873 -0.099301983 0.16501927 -0.23283983 -0.26286111 0.2826825 -0.24765163 -0.22057487 -0.065883469 -0.52558435 -0.3085158
0.28209479 -0.23234431 -0.46468859 -0.053875331 0.15098648 -0.3197945 0.31165348 0.33669888 -0.18808718 0.30312954 -0.27695013 -0.098492758 -0.2588798 -0.46342625 0.10126235
0.28209479 0.027988854 -0.47425072 -0.076671107 -0.016268073 -0.4074888 -0.047837639 0.57181188 0.018569647 0.35834561 -0.24765163 0.012292216 -0.27035488 0.059029343 0.34659042
0.28209479 -5.351944e-17 -1.0703888e-16 0.44154818 0.43701938 0.10925485 -2.4525689e-17 -1.0405368e-16 -2.1320629e-16 -1.7042391e-16 0.14809975 0.6958084 0.43524037 0.14161047 0.025033431
0.28209479 0.11906744 0.12843677 0.18003192 0.53033415 0.23140548 0.11556747 0.27543114 0.27482813 0.052322471 -0.32925342 0.21604711 0.53412365 0.31862355 0.082569615
0.28209479 -0.11906744 -0.12843677 0.18003192 0.53033415 0.23140548 -0.11556747 -0.27543114 -0.27482813 -0.052322471 -0.32925342 0.21604711 0.53412365 0.31862355 0.082569615
0.28209479 0.26215937 0.16202339 -0.076671107 0.44601213 0.31321393 0.34440972 0.49730211 0.17393377 -0.12242547 -0.24765163 -0.33700842 0.20780673 0.28834685 0.06160603
0.28209479 0 0 -0.053875331 0.4886025 0.39528775 0 0 0 0 -0.27695013 -0.31872926 0.31999303 0.57282635 0.32769186
0.28209479 -0.26215937 -0.16202339 -0.076671107 0.44601213 0.31321393 -0.34440972 -0.49730211 -0.17393377 0.12242547 -0.24765163 -0.33700842 0.20780673 0.28834685 0.06160603
0.28209479 0.41644683 0.12151754 -0.25571145 0.23616721 0.29753922 0.51972395 0.39893291 -0.2014156 -0.19038626 0.13191373 -0.37001236 -0.14390562 0.058319373 -0.1780485
0.28209479 0.32109193 -2.067302e-17 -0.31539157 -6.3625012e-17 0.44194512 0.59520515 -8.7688745e-17 -0.27807377 3.7978762e-17 0.31735664 1.1688661e-16 -0.3827357 -6.3709602e-17 0.19339388
0.28209479 0.15428747 -0.040505847 -0.25571145 -0.2624895 0.48800915 0.31581122 -0.17874207 -0.074621536 0.063462086 0.13191373 0.41125252 -0.2360269 -0.36138607 0.44953034
0.28209479 0.40047022 -0.12843677 -0.24311026 -0.26024131 0.30689871 0.51550662 -0.42600743 -0.16135597 0.19389452 0.096525224 0.39287322 -0.12365449 -0.084327824 -0.1388125
0.28209479 0.51953765 -3.932242e-17 -0.31539157 -5.4122668e-17 0.16880802 0.36785702 -1.030843e-16 -0.4499328 7.2239899e-17 0.31735664 9.942969e-17 -0.14619203 3.349412e-17 -0.50631175
0.28209479 0.50437775 -0.20781505 -0.24311026 -0.20256961 -0.012895785 -0.027281777 -0.2950806 -0.203222 0.31372793 0.096525224 0.30580915 0.0051959216 0.31862353 -0.53317135
0.28209479 0.51180173 0.18705738 -0.25571145 0.18854973 0.0040670184 0.0087306552 0.28846424 -0.24753424 -0.29307007 0.13191373 -0.2954082 -0.0019670241 -0.28166825 -0.54930686
0.28209479 0.51953765 -5.4122668e-17 -0.31539157 -3.932242e-17 -0.16880802 -0.36785702 -3.349412e-17 -0.4499328 9.942969e-17 0.31735664 7.2239899e-17 0.14619203 1.030843e-16 -0.50631175
0.28209479 0.41166576 -0.23712536 -0.25571145 -0.11963707 -0.30411979 -0.52511979 0.06781203 -0.19910322 0.37151352 0.13191373 0.18744005 0.14708833 0.39742942 -0.16144181
0.28209479 -0.1620234 0.26215935 -0.25571145 -0.042590368 -0.48549559 0.32993772 -0.35702277 0.078363038 -0.41073525 0.13191373 0.066727987 0.23481121 0.18730552 0.43926683
0.28209479 6.6899297e-17 -6.6899297e-17 -0.31539157 -4.0964005e-33 -0.54627422 -1.5328555e-16 1.0838925e-16 -5.7936491e-17 1.2290186e-16 0.31735664 7.5255682e-33 0.47308735 1.9910782e-32 0.62583574
0.28209479 0.1620234 -0.26215935 -0.25571145 -0.042590368 -0.48549559 -0.32993772 0.35702277 -0.078363038 0.41073525 0.13191373 0.066727987 0.23481121 0.18730552 0.43926683
0.28209479 -0.14359668 -0.28719334 -0.24311026 0.041731635 -0.48367676 0.29131883 0.3942139 0.057857437 0.43356134 0.096525224 -0.06300015 0.19488124 -0.18217824 0.44738051
0.28209479 -0.32109193 -6.3625012e-17 -0.31539157 2.067302e-17 -0.44194512 0.59520515 6.3709602e-17 0.27807377 1.1688661e-16 0.31735664 -3.7978762e-17 0.3827357 -8.7688745e-17 0.19339388
0.28209479 -0.41563012 -0.25687353 -0.24311026 0.13504641 -0.28603289 0.49864555 0.05144301 0.16746414 0.38778905 0.096525224 -0.20387277 0.11524731 -0.43121587 -0.19070552
0.28209479 -0.41166576 0.23712536 -0.25571145 -0.11963707 -0.30411979 0.52511979 -0.06781203 0.19910322 -0.37151352 0.13191373 0.18744005 0.14708833 0.39742942 -0.16144181
0.28209479 -0.51953765 -5.4122668e-17 -0.31539157 3.932242e-17 -0.16880802 0.36785702 -3.349412e-17 0.4499328 9.942969e-17 0.31735664 -7.2239899e-17 0.14619203 -1.030843e-16 -0.50631175
0.28209479 -0.51180173 -0.18705738 -0.25571145 0.18854973 0.0040670184 -0.0087306552 -0.28846424 0.24753424 0.29307007 0.13191373 -0.2954082 -0.0019670241 -0.28166825 -0.54930686
0.28209479 -0.15428747 0.040505847 -0.25571145 -0.2624895 0.48800915 -0.31581122 0.17874207 0.074621536 -0.063462086 0.13191373 0.41125252 -0.2360269 -0.36138607 0.44953034
0.28209479 -0.32109193 -2.067302e-17 -0.31539157 6.3625012e-17 0.44194512 -0.59520515 -8.7688745e-17 0.27807377 3.7978762e-17 0.31735664 -1.1688661e-16 -0.3827357 6.3709602e-17 0.19339388
0.28209479 -0.41644683 -0.12151754 -0.25571145 0.23616721 0.29753922 -0.51972395 -0.39893291 0.2014156 0.19038626 0.13191373 -0.37001236 -0.14390562 0.058319373 -0.1780485
0.28209479 -0.16812592 -0.049058479 -0.24311026 0.28603288 0.47570673 -0.33546168 -0.21184406 0.067740668 0.074061118 0.096525224 -0.43180945 -0.19166998 0.37909841 0.41530885
0.28209479 -1.3379859e-16 -8.192801e-33 -0.31539157 6.6899297e-17 0.54627422 -3.0657109e-16 -3.9821564e-32 1.1587298e-16 1.5051136e-32 0.31735664 -1.2290186e-16 -0.47308735 1.0838925e-16 0.62583574
0.28209479 0.16812592 0.049058479 -0.24311026 0.28603288 0.47570673 0.33546168 0.21184406 -0.067740668 -0.074061118 0.096525224 -0.43180945 -0.19166998 0.37909841 0.41530885
0.28209479 0.15428747 -0.040505847 -0.25571145 -0.2624895 0.48800915 0.31581122 -0.17874207 -0.074621536 0.063462086 0.13191373 0.41125252 -0.2360269 -0.36138607 0.44953034
0.28209479 0.32109193 2.067302e-17 -0.31539157 6.3625012e-17 0.44194512 0.59520515 8.7688745e-17 -0.27807377 -3.7978762e-17 0.31735664 -1.1688661e-16 -0.3827357 6.3709602e-17 0.19339388
0.28209479 0.41644683 0.12151754 -0.25571145 0.23616721 0.29753922 0.51972395 0.39893291 -0.2014156 -0.19038626 0.13191373 -0.37001236 -0.14390562 0.058319373 -0.1780485
0.28209479 0.41166576 -0.23712536 -0.25571145 -0.11963707 -0.30411979 -0.52511979 0.06781203 -0.19910322 0.37151352 0.13191373 0.18744005 0.14708833 0.39742942 -0.16144181
0.28209479 0.51953765 5.4122668e-17 -0.31539157 3.932242e-17 -0.16880802 -0.36785702 3.349412e-17 -0.4499328 -9.942969e-17 0.31735664 -7.2239899e-17 0.14619203 -1.030843e-16 -0.50631175
0.28209479 0.51180173 0.18705738 -0.25571145 0.18854973 0.0040670184 0.0087306552 0.28846424 -0.24753424 -0.29307007 0.13191373 -0.2954082 -0.0019670241 -0.28166825 -0.54930686
0.28209479 0.41563012 0.25687353 -0.24311026 0.13504641 -0.28603289 -0.49864555 -0.05144301 -0.16746414 -0.38778905 0.096525224 -0.20387277 0.11524731 -0.43121587 -0.19070552
0.28209479 0.32109193 6.3625012e-17 -0.31539157 2.067302e-17 -0.44194512 -0.59520515 -6.3709602e-17 -0.27807377 -1.1688661e-16 0.31735664 -3.7978762e-17 0.3827357 -8.7688745e-17 0.19339388
0.28209479 0.14359668 0.28719334 -0.24311026 0.041731635 -0.48367676 -0.29131883 -0.3942139 -0.057857437 -0.43356134 0.096525224 -0.06300015 0.19488124 -0.18217824 0.44738051
0.28209479 0.1620234 -0.26215935 -0.25571145 -0.042590368 -0.48549559 -0.32993772 0.35702277 -0.078363038 0.41073525 0.13191373 0.066727987 0.23481121 0.18730552 0.43926683
0.28209479 2.0069789e-16 6.6899297e-17 -0.31539157 1.2289201e-32 -0.54627422 -4.5985664e-16 -1.0838925e-16 -1.7380947e-16 -1.2290186e-16 0.31735664 -2.2576705e-32 0.47308735 -5.9732346e-32 0.62583574
0.28209479 -0.1620234 0.26215935 -0.25571145 -0.042590368 -0.48549559 0.32993772 -0.35702277 0.078363038 -0.41073525 0.13191373 0.066727987 0.23481121 0.18730552 0.43926683
0.28209479 -0.51180173 -0.18705738 -0.25571145 0.18854973 0.0040670184 -0.0087306552 -0.28846424 0.24753424 0.29307007 0.13191373 -0.2954082 -0.0019670241 -0.28166825 -0.54930686
0.28209479 -0.51953765 5.4122668e-17 -0.31539157 -3.932242e-17 -0.16880802 0.36785702 3.349412e-17 0.4499328 -9.942969e-17 0.31735664 7.2239899e-17 0.14619203 1.030843e-16 -0.50631175
0.28209479 -0.41166576 0.23712536 -0.25571145 -0.11963707 -0.30411979 0.52511979 -0.06781203 0.19910322 -0.37151352 0.13191373 0.18744005 0.14708833 0.39742942 -0.16144181
0.28209479 -0.50437775 0.20781505 -0.24311026 -0.20256961 -0.012895785 0.027281777 0.2950806 0.203222 -0.31372793 0.096525224 0.30580915 0.0051959216 0.31862353 -0.53317135
0.28209479 -0.51953765 3.932242e-17 -0.31539157 -5.4122668e-17 0.16880802 -0.36785702 1.030843e-16 0.4499328 -7.2239899e-17 0.31735664 9.942969e-17 -0.14619203 3.349412e-17 -0.50631175
0.28209479 -0.40047022 0.12843677 -0.24311026 -0.26024131 0.30689871 -0.51550662 0.42600743 0.16135597 -0.19389452 0.096525224 0.39287322 -0.12365449 -0.084327824 -0.1388125
0.28209479 -0.41644683 -0.12151754 -0.25571145 0.23616721 0.29753922 -0.51972395 -0.39893291 0.2014156 0.19038626 0.13191373 -0.37001236 -0.14390562 0.058319373 -0.1780485
0.28209479 -0.32109193 2.067302e-17 -0.31539157 -6.3625012e-17 0.44194512 -0.59520515 8.7688745e-17 0.27807377 -3.7978762e-17 0.31735664 1.1688661e-16 -0.3827357 -6.3709602e-17 0.19339388
0.28209479 -0.15428747 0.040505847 -0.25571145 -0.2624895 0.48800915 -0.31581122 0.17874207 0.074621536 -0.063462086 0.13191373 0.41125252 -0.2360269 -0.36138607 0.44953034
0.28209479 0.41563012 0.25687353 -0.24311026 0.13504641 -0.28603289 -0.49864555 -0.05144301 -0.16746414 -0.38778905 0.096525224 -0.20387277 0.11524731 -0.43121587 -0.19070552
0.28209479 0.14359668 0.28719334 -0.24311026 0.041731635 -0.48367676 -0.29131883 -0.3942139 -0.057857437 -0.43356134 0.096525224 -0.06300015 0.19488124 -0.18217824 0.44738051
0.28209479 0.32109193 -6.3625012e-17 -0.31539157 -2.067302e-17 -0.44194512 -0.59520515 6.3709602e-17 -0.27807377 1.1688661e-16 0.31735664 3.7978762e-17 0.3827357 8.7688745e-17 0.19339388
0.28209479 -0.50437775 0.20781505 -0.24311026 -0.20256961 -0.012895785 0.027281777 0.2950806 0.203222 -0.31372793 0.096525224 0.30580915 0.0051959216 0.31862353 -0.53317135
0.28209479 -0.40047022 0.12843677 -0.24311026 -0.26024131 0.30689871 -0.51550662 0.42600743 0.16135597 -0.19389452 0.096525224 0.39287322 -0.12365449 -0.084327824 -0.1388125
0.28209479 -0.51953765 -3.932242e-17 -0.31539157 5.4122668e-17 0.16880802 -0.36785702 -1.030843e-16 0.4499328 7.2239899e-17 0.31735664 -9.942969e-17 -0.14619203 -3.349412e-17 -0.50631175
0.28209479 0.40047022 -0.12843677 -0.24311026 -0.26024131 0.30689871 0.51550662 -0.42600743 -0.16135597 0.19389452 0.096525224 0.39287322 -0.12365449 -0.084327824 -0.1388125
0.28209479 0.50437775 -0.20781505 -0.24311026 -0.20256961 -0.012895785 -0.027281777 -0.2950806 -0.203222 0.31372793 0.096525224 0.30580915 0.0051959216 0.31862353 -0.53317135
0.28209479 0.51953765 3.932242e-17 -0.31539157 5.4122668e-17 0.16880802 0.36785702 1.030843e-16 -0.4499328 -7.2239899e-17 0.31735664 -9.942969e-17 -0.14619203 -3.349412e-17 -0.50631175
0.28209479 -0.14359668 -0.28719334 -0.24311026 0.041731635 -0.48367676 0.29131883 0.3942139 0.057857437 0.43356134 0.096525224 -0.06300015 0.19488124 -0.18217824 0.44738051
0.28209479 -0.41563012 -0.25687353 -0.24311026 0.13504641 -0.28603289 0.49864555 0.05144301 0.16746414 0.38778905 0.096525224 -0.20387277 0.11524731 -0.43121587 -0.19070552
0.28209479 -0.32109193 6.3625012e-17 -0.31539157 -2.067302e-17 -0.44194512 0.59520515 -6.3709602e-17 0.27807377 -1.1688661e-16 0.31735664 3.7978762e-17 0.3827357 8.7688745e-17 0.19339388
0.28209479 -0.16812592 -0.049058479 -0.24311026 0.28603288 0.47570673 -0.33546168 -0.21184406 0.067740668 0.074061118 0.096525224 -0.43180945 -0.19166998 0.37909841 0.41530885
0.28209479 0.16812592 0.049058479 -0.24311026 0.28603288 0.47570673 0.33546168 0.21184406 -0.067740668 -0.074061118 0.096525224 -0.43180945 -0.19166998 0.37909841 0.41530885
0.28209479 -2.6759719e-16 1.6385602e-32 -0.31539157 -6.6899297e-17 0.54627422 -6.1314218e-16 7.9643128e-32 2.3174596e-16 -3.0102273e-32 0.31735664 1.2290186e-16 -0.47308735 -1.0838925e-16 0.62583574
