0.28209479 0 0 0.63078313 0 0
0.28209479 0 0 -0.12615664 -0.43701936 0.43701938
0.28209479 0.25687355 -0.41563011 -0.12615664 -0.13504641 -0.35355611
0.28209479 -0.41563013 -0.25687353 -0.12615664 0.35355609 0.13504642
0.28209479 0.41563013 0.25687353 -0.12615664 0.35355609 0.13504642
0.28209479 -0.25687355 0.41563011 -0.12615664 -0.13504641 -0.35355611
0.28209479 0.41563013 0.25687353 -0.12615664 0.35355609 0.13504642
0.28209479 -0.25687355 0.41563011 -0.12615664 -0.13504641 -0.35355611
0.28209479 -1.0703888e-16 5.3519436e-17 -0.12615664 -0.43701936 0.43701938
0.28209479 0.25687355 -0.41563011 -0.12615664 -0.13504641 -0.35355611
0.28209479 -0.41563013 -0.25687353 -0.12615664 0.35355609 0.13504642
0.28209479 0 0 0.63078313 0 0
0.28209479 0 0 0.18479343 -0.54537737 0.25749227
0.28209479 0.15135016 -0.5186847 0.18479343 -0.16853088 -0.20831562
0.28209479 0 0 0.51928571 -0.35225817 0.064373068
0.28209479 0.19146224 -0.3097924 0.28209478 -0.42639266 0.062209853
0.28209479 0.03783754 -0.33501743 0.51928571 -0.10885376 -0.052078906
0.28209479 0.28272724 -0.18366727 -0.064522386 -0.4459155 0.28498285
0.28209479 0.39623986 -0.36733454 -0.064522386 -0.31247342 -0.064373068
0.28209479 -0.2448897 -0.32056477 0.18479343 0.44121956 0.079569488
0.28209479 -0.11833017 -0.50125464 0.28209478 0.16286751 -0.16286751
0.28209479 -0.061222426 -0.20705216 0.51928571 0.28498285 0.019892372
0.28209479 -0.061222426 -0.48084715 -0.064522386 0.036882484 -0.39673888
0.28209479 -0.35840232 -0.4106925 -0.064522386 0.25279631 -0.18082504
0.28209479 0.2448897 0.32056477 0.18479343 0.44121956 0.079569488
0.28209479 -4.9308031e-17 -6.4545049e-17 0.28209478 0.52705032 0.20131531
0.28209479 0.061222426 0.20705216 0.51928571 0.28498285 0.019892372
0.28209479 -0.18366728 -0.11351261 -0.064522386 0.46871013 0.35695413
0.28209479 0.18366728 0.11351261 -0.064522386 0.46871013 0.35695413
0.28209479 -0.15135016 0.5186847 0.18479343 -0.16853088 -0.20831562
0.28209479 0.11833017 0.50125464 0.28209478 0.16286751 -0.16286751
0.28209479 -0.03783754 0.33501743 0.51928571 -0.10885376 -0.052078906
0.28209479 0.35840232 0.4106925 -0.064522386 0.25279631 -0.18082504
0.28209479 0.061222426 0.48084715 -0.064522386 0.036882484 -0.39673888
0.28209479 -0.19146224 0.3097924 0.28209478 -0.42639266 0.062209853
0.28209479 -0.39623986 0.36733454 -0.064522386 -0.31247342 -0.064373068
0.28209479 -0.28272724 0.18366727 -0.064522386 -0.4459155 0.28498285
0.28209479 -0.15135016 0.5186847 0.18479343 -0.16853088 -0.20831562
0.28209479 0.2448897 0.32056477 0.18479343 0.44121956 0.079569488
0.28209479 -0.03783754 0.33501743 0.51928571 -0.10885376 -0.052078906
0.28209479 0.11833017 0.50125464 0.28209478 0.16286751 -0.16286751
0.28209479 0.061222426 0.20705216 0.51928571 0.28498285 0.019892372
0.28209479 0.061222426 0.48084715 -0.064522386 0.036882484 -0.39673888
0.28209479 0.35840232 0.4106925 -0.064522386 0.25279631 -0.18082504
0.28209479 -6.3067418e-17 6.6789465e-17 0.18479343 -0.54537737 0.25749227
0.28209479 -1.5766854e-17 4.3139185e-17 0.51928571 -0.35225817 0.064373068
0.28209479 -0.19146224 0.3097924 0.28209478 -0.42639266 0.062209853
0.28209479 -0.28272724 0.18366727 -0.064522386 -0.4459155 0.28498285
0.28209479 -0.39623986 0.36733454 -0.064522386 -0.31247342 -0.064373068
0.28209479 0.15135016 -0.5186847 0.18479343 -0.16853088 -0.20831562
0.28209479 0.03783754 -0.33501743 0.51928571 -0.10885376 -0.052078906
0.28209479 0.19146224 -0.3097924 0.28209478 -0.42639266 0.062209853
0.28209479 0.39623986 -0.36733454 -0.064522386 -0.31247342 -0.064373068
0.28209479 0.28272724 -0.18366727 -0.064522386 -0.4459155 0.28498285
0.28209479 -0.2448897 -0.32056477 0.18479343 0.44121956 0.079569488
0.28209479 -0.061222426 -0.20705216 0.51928571 0.28498285 0.019892372
0.28209479 -0.11833017 -0.50125464 0.28209478 0.16286751 -0.16286751
0.28209479 -0.35840232 -0.4106925 -0.064522386 0.25279631 -0.18082504
0.28209479 -0.061222426 -0.48084715 -0.064522386 0.036882484 -0.39673888
0.28209479 -9.8616062e-17 -1.290901e-16 0.28209478 0.52705032 0.20131531
0.28209479 0.18366728 0.11351261 -0.064522386 0.46871013 0.35695413
0.28209479 -0.18366728 -0.11351261 -0.064522386 0.46871013 0.35695413
0.28209479 0.39623985 0.075675074 -0.28751721 0.16853087 0.35225817
0.28209479 0.21257258 -0.037837537 -0.28751721 -0.18082503 0.48570026
0.28209479 0.50125464 -0.11833016 -0.2820948 -0.1628675 0.1628675
0.28209479 0.52761693 0.1368975 -0.28751721 0.12405017 -0.052078905
0.28209479 0.45746228 -0.16028238 -0.28751721 -0.091863643 -0.26799273
0.28209479 -0.11351262 0.18366726 -0.28751721 -0.01989237 -0.51788679
0.28209479 0.11351262 -0.18366726 -0.28751721 -0.01989237 -0.51788679
0.28209479 -0.3097924 -0.19146222 -0.2820948 0.062209848 -0.42639266
0.28209479 -0.45746228 0.16028238 -0.28751721 -0.091863643 -0.26799273
0.28209479 -0.52761693 -0.1368975 -0.28751721 0.12405017 -0.052078905
0.28209479 -0.21257258 0.037837537 -0.28751721 -0.18082503 0.48570026
0.28209479 -0.39623985 -0.075675074 -0.28751721 0.16853087 0.35225817
0.28209479 -1.290901e-16 -2.4654013e-17 -0.2820948 0.2013153 0.52705032
0.28209479 0.21257258 -0.037837537 -0.28751721 -0.18082503 0.48570026
0.28209479 0.39623985 0.075675074 -0.28751721 0.16853087 0.35225817
0.28209479 0.45746228 -0.16028238 -0.28751721 -0.091863643 -0.26799273
0.28209479 0.52761693 0.1368975 -0.28751721 0.12405017 -0.052078905
0.28209479 0.3097924 0.19146222 -0.2820948 0.062209848 -0.42639266
0.28209479 0.11351262 -0.18366726 -0.28751721 -0.01989237 -0.51788679
0.28209479 -0.11351262 0.18366726 -0.28751721 -0.01989237 -0.51788679
0.28209479 -0.52761693 -0.1368975 -0.28751721 0.12405017 -0.052078905
0.28209479 -0.45746228 0.16028238 -0.28751721 -0.091863643 -0.26799273
0.28209479 -0.50125464 0.11833016 -0.2820948 -0.1628675 0.1628675
0.28209479 -0.39623985 -0.075675074 -0.28751721 0.16853087 0.35225817
0.28209479 -0.21257258 0.037837537 -0.28751721 -0.18082503 0.48570026
0.28209479 0.3097924 0.19146222 -0.2820948 0.062209848 -0.42639266
0.28209479 -0.50125464 0.11833016 -0.2820948 -0.1628675 0.1628675
0.28209479 0.50125464 -0.11833016 -0.2820948 -0.1628675 0.1628675
0.28209479 -0.3097924 -0.19146222 -0.2820948 0.062209848 -0.42639266
0.28209479 1.8741454e-17 3.5792991e-18 -0.2820948 0.2013153 0.52705032
