0.28209479 0 0 0.63078313 0 0
0.28209479 0 0 -0.12615664 -0.43701936 0.43701938
0.28209479 0.25687355 -0.41563011 -0.12615664 -0.13504641 -0.35355611
0.28209479 -0.41563013 -0.25687353 -0.12615664 0.35355609 0.13504642
0.28209479 0.41563013 0.25687353 -0.12615664 0.35355609 0.13504642
0.28209479 -0.25687355 0.41563011 -0.12615664 -0.13504641 -0.35355611
0.28209479 0.41563013 0.25687353 -0.12615664 0.35355609 0.13504642
0.28209479 -0.25687355 0.41563011 -0.12615664 -0.13504641 -0.35355611
0.28209479 -1.0703888e-16 5.3519436e-17 -0.12615664 -0.43701936 0.43701938
0.28209479 0.25687355 -0.41563011 -0.12615664 -0.13504641 -0.35355611
0.28209479 -0.41563013 -0.25687353 -0.12615664 0.35355609 0.13504642
0.28209479 0 0 0.63078313 0 0
0.28209479 0 0 -0.040602987 -0.4959694 0.38762496
0.28209479 0.22784023 -0.47169493 -0.040602987 -0.15326297 -0.31359518
0.28209479 0 0 0.064712802 -0.53561902 0.32682086
0.28209479 0.19210048 -0.50940396 0.064712802 -0.16551538 -0.26440363
0.28209479 0 0 0.18479343 -0.54537737 0.25749227
0.28209479 0.15135016 -0.5186847 0.18479343 -0.16853088 -0.20831562
0.28209479 0 0 0.30943889 -0.51741108 0.18552819
0.28209479 0.10905073 -0.49208718 0.30943889 -0.15988882 -0.15009545
0.28209479 0 0 0.42512281 -0.45062094 0.11873804
0.28209479 0.069792468 -0.42856598 0.42512281 -0.13924953 -0.096061091
0.28209479 0 0 0.51928571 -0.35225817 0.064373068
0.28209479 0.03783754 -0.33501743 0.51928571 -0.10885376 -0.052078906
0.28209479 0 0 0.58457331 -0.23547744 0.026679254
0.28209479 0.015681672 -0.22395235 0.58457331 -0.07276653 -0.02158397
0.28209479 0 0 0.62029272 -0.11440111 0.0060566399
0.28209479 0.016892184 -0.11389801 0.60001932 -0.15676716 0.0054886033
0.28209479 0.0035600036 -0.10880192 0.62029272 -0.035351886 -0.0048999246
0.28209479 0.032593676 -0.11586555 0.55062615 -0.2813035 0.032853709
0.28209479 0.045679763 -0.23173111 0.55062615 -0.19712225 -0.0074211274
0.28209479 0.049497283 -0.11353607 0.46931927 -0.39502677 0.07899501
0.28209479 0.079912516 -0.23168132 0.48524758 -0.31888198 0.025965151
0.28209479 0.086476245 -0.34060821 0.46931927 -0.2300492 -0.034814532
0.28209479 0.065763927 -0.10640827 0.36017089 -0.48211123 0.14172309
0.28209479 0.11510944 -0.22182174 0.38875694 -0.42193003 0.079217273
0.28209479 0.13968823 -0.33273262 0.38875694 -0.34134857 0.0035715085
0.28209479 0.13650687 -0.42563306 0.36017089 -0.25018084 -0.076001319
0.28209479 0.079413891 -0.095046588 0.23454805 -0.53057199 0.21454024
0.28209479 0.1469249 -0.20215871 0.26945363 -0.49080983 0.14809707
0.28209479 0.19146224 -0.3097924 0.28209478 -0.42639266 0.062209853
0.28209479 0.20591402 -0.40431741 0.26945363 -0.34393293 -0.03345276
0.28209479 0.19035078 -0.47523294 0.23454805 -0.25435044 -0.12688839
0.28209479 0.089056968 -0.080969318 0.10752925 -0.5371256 0.28867582
0.28209479 0.17148411 -0.17508696 0.14186756 -0.51713251 0.22421569
0.28209479 0.23513463 -0.2737435 0.16121623 -0.47271925 0.1349422
0.28209479 0.26954495 -0.36499133 0.16121623 -0.40642382 0.029038133
0.28209479 0.27052424 -0.4377174 0.14186756 -0.32632033 -0.080598475
0.28209479 0.24172799 -0.48581591 0.10752925 -0.24298734 -0.18119727
0.28209479 0.094319066 -0.066045566 -0.0075897904 -0.50757043 0.35629189
0.28209479 0.18683799 -0.14449052 0.021303544 -0.50272678 0.29818342
0.28209479 0.2659759 -0.22967132 0.041398672 -0.47710926 0.21224554
0.28209479 0.31965006 -0.31244434 0.04864091 -0.43004275 0.1038606
0.28209479 0.33993382 -0.38278553 0.041398672 -0.36586527 -0.015373542
0.28209479 0.32642293 -0.43347156 0.021303544 -0.29276977 -0.13141484
0.28209479 0.28572884 -0.46231896 -0.0075897904 -0.21966095 -0.23280684
0.28209479 0.095723313 -0.051841859 -0.10296082 -0.45292249 0.4126707
0.28209479 0.19329602 -0.11418064 -0.081454362 -0.45729776 0.36294729
0.28209479 0.28272724 -0.18366727 -0.064522386 -0.4459155 0.28498285
0.28209479 0.35210893 -0.2540848 -0.055102756 -0.41650787 0.18119727
0.28209479 0.39136719 -0.317606 -0.055102756 -0.37035702 0.060372763
0.28209479 0.39623986 -0.36733454 -0.064522386 -0.31247342 -0.064373068
0.28209479 0.36971482 -0.39963226 -0.081454362 -0.24990503 -0.18001397
0.28209479 0.32000354 -0.41473487 -0.10296082 -0.18926529 -0.27759286
0.28209479 -0.36865324 -0.2915235 -0.040602987 0.40124768 0.1197827
0.28209479 -0.31082511 -0.31482896 0.064712802 0.43332489 0.1009932
0.28209479 -0.2448897 -0.32056477 0.18479343 0.44121956 0.079569488
0.28209479 -0.17644779 -0.3041266 0.30943889 0.41859436 0.057331362
0.28209479 -0.11292659 -0.26486834 0.42512281 0.36456 0.036692072
0.28209479 -0.061222426 -0.20705216 0.51928571 0.28498285 0.019892372
0.28209479 -0.025373478 -0.13841016 0.58457331 0.19050525 0.0082443428
0.28209479 -0.010439944 -0.18429085 0.60001932 0.059879728 -0.01436935
0.28209479 -0.0057602069 -0.067243284 0.62029272 0.09255244 0.0018716047
0.28209479 -0.0070579116 -0.30333996 0.55062615 0.023267126 -0.045737291
0.28209479 -0.041317734 -0.25908325 0.55062615 0.15947525 -0.020846073
0.28209479 0.0063879585 -0.41077736 0.46931927 -0.014090766 -0.093002078
0.28209479 -0.049388651 -0.37486825 0.48524758 0.12180208 -0.067977647
0.28209479 -0.09042422 -0.32404352 0.46931927 0.25284854 -0.022663913
0.28209479 0.030098606 -0.49139699 0.36017089 -0.047780288 -0.15331145
0.28209479 -0.046562745 -0.469826 0.38875694 0.080581466 -0.13174775
0.28209479 -0.11091088 -0.42746181 0.38875694 0.21096502 -0.084996095
0.28209479 -0.15510884 -0.36946397 0.36017089 0.32749097 -0.018750369
0.28209479 0.061856401 -0.53397496 0.23454805 -0.073561085 -0.22024501
0.28209479 -0.031815465 -0.52925836 0.26945363 0.040595776 -0.20617334
0.28209479 -0.11833017 -0.50125464 0.28209478 0.16286751 -0.16286751
0.28209479 -0.18625098 -0.45204061 0.26945363 0.27824759 -0.093969371
0.28209479 -0.22858014 -0.3887567 0.23454805 0.37337477 -0.0092305189
0.28209479 0.09763079 -0.5358577 0.10752925 -0.088974542 -0.28589002
0.28209479 -0.0069428825 -0.54592709 0.14186756 0.0067148594 -0.28219014
0.28209479 -0.11091088 -0.53417412 0.16121623 0.11426726 -0.2473792
0.28209479 -0.20099826 -0.49932055 0.16121623 0.22153552 -0.18192689
0.28209479 -0.2662333 -0.44561119 0.14186756 0.31545546 -0.093804622
0.28209479 -0.30206714 -0.38122006 0.10752925 0.38695117 0.004507525
0.28209479 0.13311739 -0.50313737 -0.0075897904 -0.094034823 -0.34368555
0.28209479 0.024112705 -0.52277161 0.021303544 -0.01793247 -0.35105607
0.28209479 -0.09042422 -0.52473021 0.041398672 0.070995534 -0.32804696
0.28209479 -0.1975546 -0.50554557 0.04864091 0.16426171 -0.27191059
0.28209479 -0.28404858 -0.46624579 0.041398672 0.25099209 -0.18737063
0.28209479 -0.3413254 -0.41239067 0.021303544 0.32178511 -0.085549748
0.28209479 -0.36799992 -0.3517744 -0.0075897904 0.37181249 0.020397486
0.28209479 0.16511997 -0.4467749 -0.10296082 -0.09065621 -0.39012237
0.28209479 0.056955299 -0.47019978 -0.081454362 -0.032720534 -0.40724707
0.28209479 -0.061222426 -0.48084715 -0.064522386 0.036882484 -0.39673888
0.28209479 -0.17835702 -0.47463905 -0.055102756 0.112941 -0.35355611
0.28209479 -0.28113649 -0.45037611 -0.055102756 0.18761465 -0.27888246
0.28209479 -0.35840232 -0.4106925 -0.064522386 0.25279631 -0.18082504
0.28209479 -0.40491513 -0.36116696 -0.081454362 0.30284796 -0.071678557
0.28209479 -0.42205329 -0.30816211 -0.10296082 0.33595011 0.03648398
0.28209479 0.36865324 0.2915235 -0.040602987 0.40124768 0.1197827
0.28209479 0.31082511 0.31482896 0.064712802 0.43332489 0.1009932
0.28209479 0.2448897 0.32056477 0.18479343 0.44121956 0.079569488
0.28209479 0.17644779 0.3041266 0.30943889 0.41859436 0.057331362
0.28209479 0.11292659 0.26486834 0.42512281 0.36456 0.036692072
0.28209479 0.061222426 0.20705216 0.51928571 0.28498285 0.019892372
0.28209479 0.025373478 0.13841016 0.58457331 0.19050525 0.0082443428
0.28209479 -4.3503112e-18 -2.3730578e-17 0.60001932 0.19377487 0.017761493
0.28209479 0.0057602069 0.067243284 0.62029272 0.09255244 0.0018716047
0.28209479 -0.021173735 -0.07160885 0.55062615 0.29568338 0.041150782
0.28209479 0.021173735 0.07160885 0.55062615 0.29568338 0.041150782
0.28209479 -0.059833217 -0.1403383 0.46931927 0.3863182 0.071485514
0.28209479 -2.0580188e-17 -4.8270654e-17 0.48524758 0.3941598 0.084024992
0.28209479 0.059833217 0.1403383 0.46931927 0.3863182 0.071485514
0.28209479 -0.11446449 -0.19729178 0.36017089 0.45258139 0.10634005
0.28209479 -0.039769332 -0.068546689 0.38875694 0.47173212 0.13395506
0.28209479 0.039769332 0.068546689 0.38875694 0.47173212 0.13395506
0.28209479 0.11446449 0.19729178 0.36017089 0.45258139 0.10634005
0.28209479 -0.17949965 -0.23496809 0.23454805 0.48510874 0.14182368
0.28209479 -0.095446396 -0.12494095 0.26945363 0.5158994 0.1854984
0.28209479 -4.9308031e-17 -6.4545049e-17 0.28209478 0.52705032 0.20131531
0.28209479 0.095446396 0.12494095 0.26945363 0.5158994 0.1854984
0.28209479 0.17949965 0.23496809 0.23454805 0.48510874 0.14182368
0.28209479 -0.2470269 -0.25020895 0.10752925 0.48213631 0.17390394
0.28209479 -0.16025029 -0.16231454 0.14186756 0.52128252 0.23237754
0.28209479 -0.055677064 -0.056394262 0.16121623 0.5433403 0.26532576
0.28209479 0.055677064 0.056394262 0.16121623 0.5433403 0.26532576
0.28209479 0.16025029 0.16231454 0.14186756 0.52128252 0.23237754
0.28209479 0.2470269 0.25020895 0.10752925 0.48213631 0.17390394
0.28209479 -0.30970753 -0.24491043 -0.0075897904 0.44945371 0.19980301
0.28209479 -0.22585317 -0.1786001 0.021303544 0.49164391 0.26983724
0.28209479 -0.11966643 -0.094629787 0.041398672 0.52098691 0.31854559
0.28209479 -8.232075e-17 -6.5097578e-17 0.04864091 0.53156207 0.33609997
0.28209479 0.11966643 0.094629787 0.041398672 0.52098691 0.31854559
0.28209479 0.22585317 0.1786001 0.021303544 0.49164391 0.26983724
0.28209479 0.30970753 0.24491043 -0.0075897904 0.44945371 0.19980301
0.28209479 -0.36289303 -0.22428022 -0.10296082 0.39689387 0.21856054
0.28209479 -0.28545163 -0.1764188 -0.081454362 0.43707536 0.29599232
0.28209479 -0.18366728 -0.11351261 -0.064522386 0.46871013 0.35695413
0.28209479 -0.063521204 -0.039258261 -0.055102756 0.48630925 0.39086853
0.28209479 0.063521204 0.039258261 -0.055102756 0.48630925 0.39086853
0.28209479 0.18366728 0.11351261 -0.064522386 0.46871013 0.35695413
0.28209479 0.28545163 0.1764188 -0.081454362 0.43707536 0.29599232
0.28209479 0.36289303 0.22428022 -0.10296082 0.39689387 0.21856054
0.28209479 -0.22784023 0.47169493 -0.040602987 -0.15326297 -0.31359518
0.28209479 -0.19210048 0.50940396 0.064712802 -0.16551538 -0.26440363
0.28209479 -0.15135016 0.5186847 0.18479343 -0.16853088 -0.20831562
0.28209479 -0.10905073 0.49208718 0.30943889 -0.15988882 -0.15009545
0.28209479 -0.069792468 0.42856598 0.42512281 -0.13924953 -0.096061091
0.28209479 -0.03783754 0.33501743 0.51928571 -0.10885376 -0.052078906
0.28209479 -0.015681672 0.22395235 0.58457331 -0.07276653 -0.02158397
0.28209479 0.010439944 0.18429085 0.60001932 0.059879728 -0.01436935
0.28209479 -0.0035600036 0.10880192 0.62029272 -0.035351886 -0.0048999246
0.28209479 0.041317734 0.25908325 0.55062615 0.15947525 -0.020846073
0.28209479 0.0070579116 0.30333996 0.55062615 0.023267126 -0.045737291
0.28209479 0.09042422 0.32404352 0.46931927 0.25284854 -0.022663913
0.28209479 0.049388651 0.37486825 0.48524758 0.12180208 -0.067977647
0.28209479 -0.0063879585 0.41077736 0.46931927 -0.014090766 -0.093002078
0.28209479 0.15510884 0.36946397 0.36017089 0.32749097 -0.018750369
0.28209479 0.11091088 0.42746181 0.38875694 0.21096502 -0.084996095
0.28209479 0.046562745 0.469826 0.38875694 0.080581466 -0.13174775
0.28209479 -0.030098606 0.49139699 0.36017089 -0.047780288 -0.15331145
0.28209479 0.22858014 0.3887567 0.23454805 0.37337477 -0.0092305189
0.28209479 0.18625098 0.45204061 0.26945363 0.27824759 -0.093969371
0.28209479 0.11833017 0.50125464 0.28209478 0.16286751 -0.16286751
0.28209479 0.031815465 0.52925836 0.26945363 0.040595776 -0.20617334
0.28209479 -0.061856401 0.53397496 0.23454805 -0.073561085 -0.22024501
0.28209479 0.30206714 0.38122006 0.10752925 0.38695117 0.004507525
0.28209479 0.2662333 0.44561119 0.14186756 0.31545546 -0.093804622
0.28209479 0.20099826 0.49932055 0.16121623 0.22153552 -0.18192689
0.28209479 0.11091088 0.53417412 0.16121623 0.11426726 -0.2473792
0.28209479 0.0069428825 0.54592709 0.14186756 0.0067148594 -0.28219014
0.28209479 -0.09763079 0.5358577 0.10752925 -0.088974542 -0.28589002
0.28209479 0.36799992 0.3517744 -0.0075897904 0.37181249 0.020397486
0.28209479 0.3413254 0.41239067 0.021303544 0.32178511 -0.085549748
0.28209479 0.28404858 0.46624579 0.041398672 0.25099209 -0.18737063
0.28209479 0.1975546 0.50554557 0.04864091 0.16426171 -0.27191059
0.28209479 0.09042422 0.52473021 0.041398672 0.070995534 -0.32804696
0.28209479 -0.024112705 0.52277161 0.021303544 -0.01793247 -0.35105607
0.28209479 -0.13311739 0.50313737 -0.0075897904 -0.094034823 -0.34368555
0.28209479 0.42205329 0.30816211 -0.10296082 0.33595011 0.03648398
0.28209479 0.40491513 0.36116696 -0.081454362 0.30284796 -0.071678557
0.28209479 0.35840232 0.4106925 -0.064522386 0.25279631 -0.18082504
0.28209479 0.28113649 0.45037611 -0.055102756 0.18761465 -0.27888246
0.28209479 0.17835702 0.47463905 -0.055102756 0.112941 -0.35355611
0.28209479 0.061222426 0.48084715 -0.064522386 0.036882484 -0.39673888
0.28209479 -0.056955299 0.47019978 -0.081454362 -0.032720534 -0.40724707
0.28209479 -0.16511997 0.4467749 -0.10296082 -0.09065621 -0.39012237
0.28209479 -0.016892184 0.11389801 0.60001932 -0.15676716 0.0054886033
0.28209479 -0.045679763 0.23173111 0.55062615 -0.19712225 -0.0074211274
0.28209479 -0.032593676 0.11586555 0.55062615 -0.2813035 0.032853709
0.28209479 -0.086476245 0.34060821 0.46931927 -0.2300492 -0.034814532
0.28209479 -0.079912516 0.23168132 0.48524758 -0.31888198 0.025965151
0.28209479 -0.049497283 0.11353607 0.46931927 -0.39502677 0.07899501
0.28209479 -0.13650687 0.42563306 0.36017089 -0.25018084 -0.076001319
0.28209479 -0.13968823 0.33273262 0.38875694 -0.34134857 0.0035715085
0.28209479 -0.11510944 0.22182174 0.38875694 -0.42193003 0.079217273
0.28209479 -0.065763927 0.10640827 0.36017089 -0.48211123 0.14172309
0.28209479 -0.19035078 0.47523294 0.23454805 -0.25435044 -0.12688839
0.28209479 -0.20591402 0.40431741 0.26945363 -0.34393293 -0.03345276
0.28209479 -0.19146224 0.3097924 0.28209478 -0.42639266 0.062209853
0.28209479 -0.1469249 0.20215871 0.26945363 -0.49080983 0.14809707
0.28209479 -0.079413891 0.095046588 0.23454805 -0.53057199 0.21454024
0.28209479 -0.24172799 0.48581591 0.10752925 -0.24298734 -0.18119727
0.28209479 -0.27052424 0.4377174 0.14186756 -0.32632033 -0.080598475
0.28209479 -0.26954495 0.36499133 0.16121623 -0.40642382 0.029038133
0.28209479 -0.23513463 0.2737435 0.16121623 -0.47271925 0.1349422
0.28209479 -0.17148411 0.17508696 0.14186756 -0.51713251 0.22421569
0.28209479 -0.089056968 0.080969318 0.10752925 -0.5371256 0.28867582
0.28209479 -0.28572884 0.46231896 -0.0075897904 -0.21966095 -0.23280684
0.28209479 -0.32642293 0.43347156 0.021303544 -0.29276977 -0.13141484
0.28209479 -0.33993382 0.38278553 0.041398672 -0.36586527 -0.015373542
0.28209479 -0.31965006 0.31244434 0.04864091 -0.43004275 0.1038606
0.28209479 -0.2659759 0.22967132 0.041398672 -0.47710926 0.21224554
0.28209479 -0.18683799 0.14449052 0.021303544 -0.50272678 0.29818342
0.28209479 -0.094319066 0.066045566 -0.0075897904 -0.50757043 0.35629189
0.28209479 -0.32000354 0.41473487 -0.10296082 -0.18926529 -0.27759286
0.28209479 -0.36971482 0.39963226 -0.081454362 -0.24990503 -0.18001397
0.28209479 -0.39623986 0.36733454 -0.064522386 -0.31247342 -0.064373068
0.28209479 -0.39136719 0.317606 -0.055102756 -0.37035702 0.060372763
0.28209479 -0.35210893 0.2540848 -0.055102756 -0.41650787 0.18119727
0.28209479 -0.28272724 0.18366727 -0.064522386 -0.4459155 0.28498285
0.28209479 -0.19329602 0.11418064 -0.081454362 -0.45729776 0.36294729
0.28209479 -0.095723313 0.051841859 -0.10296082 -0.45292249 0.4126707
0.28209479 -0.22784023 0.47169493 -0.040602987 -0.15326297 -0.31359518
0.28209479 0.36865324 0.2915235 -0.040602987 0.40124768 0.1197827
0.28209479 -0.19210048 0.50940396 0.064712802 -0.16551538 -0.26440363
0.28209479 0.31082511 0.31482896 0.064712802 0.43332489 0.1009932
0.28209479 -0.15135016 0.5186847 0.18479343 -0.16853088 -0.20831562
0.28209479 0.2448897 0.32056477 0.18479343 0.44121956 0.079569488
0.28209479 -0.10905073 0.49208718 0.30943889 -0.15988882 -0.15009545
0.28209479 0.17644779 0.3041266 0.30943889 0.41859436 0.057331362
0.28209479 -0.069792468 0.42856598 0.42512281 -0.13924953 -0.096061091
0.28209479 0.11292659 0.26486834 0.42512281 0.36456 0.036692072
0.28209479 -0.03783754 0.33501743 0.51928571 -0.10885376 -0.052078906
0.28209479 0.061222426 0.20705216 0.51928571 0.28498285 0.019892372
0.28209479 -0.015681672 0.22395235 0.58457331 -0.07276653 -0.02158397
0.28209479 0.025373478 0.13841016 0.58457331 0.19050525 0.0082443428
0.28209479 -0.0035600036 0.10880192 0.62029272 -0.035351886 -0.0048999246
0.28209479 0.010439944 0.18429085 0.60001932 0.059879728 -0.01436935
0.28209479 0.0057602069 0.067243284 0.62029272 0.09255244 0.0018716047
0.28209479 0.0070579116 0.30333996 0.55062615 0.023267126 -0.045737291
0.28209479 0.041317734 0.25908325 0.55062615 0.15947525 -0.020846073
0.28209479 -0.0063879585 0.41077736 0.46931927 -0.014090766 -0.093002078
0.28209479 0.049388651 0.37486825 0.48524758 0.12180208 -0.067977647
0.28209479 0.09042422 0.32404352 0.46931927 0.25284854 -0.022663913
0.28209479 -0.030098606 0.49139699 0.36017089 -0.047780288 -0.15331145
0.28209479 0.046562745 0.469826 0.38875694 0.080581466 -0.13174775
0.28209479 0.11091088 0.42746181 0.38875694 0.21096502 -0.084996095
0.28209479 0.15510884 0.36946397 0.36017089 0.32749097 -0.018750369
0.28209479 -0.061856401 0.53397496 0.23454805 -0.073561085 -0.22024501
0.28209479 0.031815465 0.52925836 0.26945363 0.040595776 -0.20617334
0.28209479 0.11833017 0.50125464 0.28209478 0.16286751 -0.16286751
0.28209479 0.18625098 0.45204061 0.26945363 0.27824759 -0.093969371
0.28209479 0.22858014 0.3887567 0.23454805 0.37337477 -0.0092305189
0.28209479 -0.09763079 0.5358577 0.10752925 -0.088974542 -0.28589002
0.28209479 0.0069428825 0.54592709 0.14186756 0.0067148594 -0.28219014
0.28209479 0.11091088 0.53417412 0.16121623 0.11426726 -0.2473792
0.28209479 0.20099826 0.49932055 0.16121623 0.22153552 -0.18192689
0.28209479 0.2662333 0.44561119 0.14186756 0.31545546 -0.093804622
0.28209479 0.30206714 0.38122006 0.10752925 0.38695117 0.004507525
0.28209479 -0.13311739 0.50313737 -0.0075897904 -0.094034823 -0.34368555
0.28209479 -0.024112705 0.52277161 0.021303544 -0.01793247 -0.35105607
0.28209479 0.09042422 0.52473021 0.041398672 0.070995534 -0.32804696
0.28209479 0.1975546 0.50554557 0.04864091 0.16426171 -0.27191059
0.28209479 0.28404858 0.46624579 0.041398672 0.25099209 -0.18737063
0.28209479 0.3413254 0.41239067 0.021303544 0.32178511 -0.085549748
0.28209479 0.36799992 0.3517744 -0.0075897904 0.37181249 0.020397486
0.28209479 -0.16511997 0.4467749 -0.10296082 -0.09065621 -0.39012237
0.28209479 -0.056955299 0.47019978 -0.081454362 -0.032720534 -0.40724707
0.28209479 0.061222426 0.48084715 -0.064522386 0.036882484 -0.39673888
0.28209479 0.17835702 0.47463905 -0.055102756 0.112941 -0.35355611
0.28209479 0.28113649 0.45037611 -0.055102756 0.18761465 -0.27888246
0.28209479 0.35840232 0.4106925 -0.064522386 0.25279631 -0.18082504
0.28209479 0.40491513 0.36116696 -0.081454362 0.30284796 -0.071678557
0.28209479 0.42205329 0.30816211 -0.10296082 0.33595011 0.03648398
0.28209479 -9.4940732e-17 6.0738734e-17 -0.040602987 -0.4959694 0.38762496
0.28209479 -8.0048023e-17 6.5594412e-17 0.064712802 -0.53561902 0.32682086
0.28209479 -6.3067418e-17 6.6789465e-17 0.18479343 -0.54537737 0.25749227
0.28209479 -4.54413e-17 6.3364582e-17 0.30943889 -0.51741108 0.18552819
0.28209479 -2.9082432e-17 5.5185149e-17 0.42512281 -0.45062094 0.11873804
0.28209479 -1.5766854e-17 4.3139185e-17 0.51928571 -0.35225817 0.064373068
0.28209479 -6.5345325e-18 2.8837669e-17 0.58457331 -0.23547744 0.026679254
0.28209479 -1.4834489e-18 1.4010095e-17 0.62029272 -0.11440111 0.0060566399
0.28209479 -0.016892184 0.11389801 0.60001932 -0.15676716 0.0054886033
0.28209479 -0.032593676 0.11586555 0.55062615 -0.2813035 0.032853709
0.28209479 -0.045679763 0.23173111 0.55062615 -0.19712225 -0.0074211274
0.28209479 -0.049497283 0.11353607 0.46931927 -0.39502677 0.07899501
0.28209479 -0.079912516 0.23168132 0.48524758 -0.31888198 0.025965151
0.28209479 -0.086476245 0.34060821 0.46931927 -0.2300492 -0.034814532
0.28209479 -0.065763927 0.10640827 0.36017089 -0.48211123 0.14172309
0.28209479 -0.11510944 0.22182174 0.38875694 -0.42193003 0.079217273
0.28209479 -0.13968823 0.33273262 0.38875694 -0.34134857 0.0035715085
0.28209479 -0.13650687 0.42563306 0.36017089 -0.25018084 -0.076001319
0.28209479 -0.079413891 0.095046588 0.23454805 -0.53057199 0.21454024
0.28209479 -0.1469249 0.20215871 0.26945363 -0.49080983 0.14809707
0.28209479 -0.19146224 0.3097924 0.28209478 -0.42639266 0.062209853
0.28209479 -0.20591402 0.40431741 0.26945363 -0.34393293 -0.03345276
0.28209479 -0.19035078 0.47523294 0.23454805 -0.25435044 -0.12688839
0.28209479 -0.089056968 0.080969318 0.10752925 -0.5371256 0.28867582
0.28209479 -0.17148411 0.17508696 0.14186756 -0.51713251 0.22421569
0.28209479 -0.23513463 0.2737435 0.16121623 -0.47271925 0.1349422
0.28209479 -0.26954495 0.36499133 0.16121623 -0.40642382 0.029038133
0.28209479 -0.27052424 0.4377174 0.14186756 -0.32632033 -0.080598475
0.28209479 -0.24172799 0.48581591 0.10752925 -0.24298734 -0.18119727
0.28209479 -0.094319066 0.066045566 -0.0075897904 -0.50757043 0.35629189
0.28209479 -0.18683799 0.14449052 0.021303544 -0.50272678 0.29818342
0.28209479 -0.2659759 0.22967132 0.041398672 -0.47710926 0.21224554
0.28209479 -0.31965006 0.31244434 0.04864091 -0.43004275 0.1038606
0.28209479 -0.33993382 0.38278553 0.041398672 -0.36586527 -0.015373542
0.28209479 -0.32642293 0.43347156 0.021303544 -0.29276977 -0.13141484
0.28209479 -0.28572884 0.46231896 -0.0075897904 -0.21966095 -0.23280684
0.28209479 -0.095723313 0.051841859 -0.10296082 -0.45292249 0.4126707
0.28209479 -0.19329602 0.11418064 -0.081454362 -0.45729776 0.36294729
0.28209479 -0.28272724 0.18366727 -0.064522386 -0.4459155 0.28498285
0.28209479 -0.35210893 0.2540848 -0.055102756 -0.41650787 0.18119727
0.28209479 -0.39136719 0.317606 -0.055102756 -0.37035702 0.060372763
0.28209479 -0.39623986 0.36733454 -0.064522386 -0.31247342 -0.064373068
0.28209479 -0.36971482 0.39963226 -0.081454362 -0.24990503 -0.18001397
0.28209479 -0.32000354 0.41473487 -0.10296082 -0.18926529 -0.27759286
0.28209479 0.22784023 -0.47169493 -0.040602987 -0.15326297 -0.31359518
0.28209479 0.19210048 -0.50940396 0.064712802 -0.16551538 -0.26440363
0.28209479 0.15135016 -0.5186847 0.18479343 -0.16853088 -0.20831562
0.28209479 0.10905073 -0.49208718 0.30943889 -0.15988882 -0.15009545
0.28209479 0.069792468 -0.42856598 0.42512281 -0.13924953 -0.096061091
0.28209479 0.03783754 -0.33501743 0.51928571 -0.10885376 -0.052078906
0.28209479 0.015681672 -0.22395235 0.58457331 -0.07276653 -0.02158397
0.28209479 0.0035600036 -0.10880192 0.62029272 -0.035351886 -0.0048999246
0.28209479 0.016892184 -0.11389801 0.60001932 -0.15676716 0.0054886033
0.28209479 0.045679763 -0.23173111 0.55062615 -0.19712225 -0.0074211274
0.28209479 0.032593676 -0.11586555 0.55062615 -0.2813035 0.032853709
0.28209479 0.086476245 -0.34060821 0.46931927 -0.2300492 -0.034814532
0.28209479 0.079912516 -0.23168132 0.48524758 -0.31888198 0.025965151
0.28209479 0.049497283 -0.11353607 0.46931927 -0.39502677 0.07899501
0.28209479 0.13650687 -0.42563306 0.36017089 -0.25018084 -0.076001319
0.28209479 0.13968823 -0.33273262 0.38875694 -0.34134857 0.0035715085
0.28209479 0.11510944 -0.22182174 0.38875694 -0.42193003 0.079217273
0.28209479 0.065763927 -0.10640827 0.36017089 -0.48211123 0.14172309
0.28209479 0.19035078 -0.47523294 0.23454805 -0.25435044 -0.12688839
0.28209479 0.20591402 -0.40431741 0.26945363 -0.34393293 -0.03345276
0.28209479 0.19146224 -0.3097924 0.28209478 -0.42639266 0.062209853
0.28209479 0.1469249 -0.20215871 0.26945363 -0.49080983 0.14809707
0.28209479 0.079413891 -0.095046588 0.23454805 -0.53057199 0.21454024
0.28209479 0.24172799 -0.48581591 0.10752925 -0.24298734 -0.18119727
0.28209479 0.27052424 -0.4377174 0.14186756 -0.32632033 -0.080598475
0.28209479 0.26954495 -0.36499133 0.16121623 -0.40642382 0.029038133
0.28209479 0.23513463 -0.2737435 0.16121623 -0.47271925 0.1349422
0.28209479 0.17148411 -0.17508696 0.14186756 -0.51713251 0.22421569
0.28209479 0.089056968 -0.080969318 0.10752925 -0.5371256 0.28867582
0.28209479 0.28572884 -0.46231896 -0.0075897904 -0.21966095 -0.23280684
0.28209479 0.32642293 -0.43347156 0.021303544 -0.29276977 -0.13141484
0.28209479 0.33993382 -0.38278553 0.041398672 -0.36586527 -0.015373542
0.28209479 0.31965006 -0.31244434 0.04864091 -0.43004275 0.1038606
0.28209479 0.2659759 -0.22967132 0.041398672 -0.47710926 0.21224554
0.28209479 0.18683799 -0.14449052 0.021303544 -0.50272678 0.29818342
0.28209479 0.094319066 -0.066045566 -0.0075897904 -0.50757043 0.35629189
0.28209479 0.32000354 -0.41473487 -0.10296082 -0.18926529 -0.27759286
0.28209479 0.36971482 -0.39963226 -0.081454362 -0.24990503 -0.18001397
0.28209479 0.39623986 -0.36733454 -0.064522386 -0.31247342 -0.064373068
0.28209479 0.39136719 -0.317606 -0.055102756 -0.37035702 0.060372763
0.28209479 0.35210893 -0.2540848 -0.055102756 -0.41650787 0.18119727
0.28209479 0.28272724 -0.18366727 -0.064522386 -0.4459155 0.28498285
0.28209479 0.19329602 -0.11418064 -0.081454362 -0.45729776 0.36294729
0.28209479 0.095723313 -0.051841859 -0.10296082 -0.45292249 0.4126707
0.28209479 -0.36865324 -0.2915235 -0.040602987 0.40124768 0.1197827
0.28209479 -0.31082511 -0.31482896 0.064712802 0.43332489 0.1009932
0.28209479 -0.2448897 -0.32056477 0.18479343 0.44121956 0.079569488
0.28209479 -0.17644779 -0.3041266 0.30943889 0.41859436 0.057331362
0.28209479 -0.11292659 -0.26486834 0.42512281 0.36456 0.036692072
0.28209479 -0.061222426 -0.20705216 0.51928571 0.28498285 0.019892372
0.28209479 -0.025373478 -0.13841016 0.58457331 0.19050525 0.0082443428
0.28209479 -0.0057602069 -0.067243284 0.62029272 0.09255244 0.0018716047
0.28209479 -0.010439944 -0.18429085 0.60001932 0.059879728 -0.01436935
0.28209479 -0.041317734 -0.25908325 0.55062615 0.15947525 -0.020846073
0.28209479 -0.0070579116 -0.30333996 0.55062615 0.023267126 -0.045737291
0.28209479 -0.09042422 -0.32404352 0.46931927 0.25284854 -0.022663913
0.28209479 -0.049388651 -0.37486825 0.48524758 0.12180208 -0.067977647
0.28209479 0.0063879585 -0.41077736 0.46931927 -0.014090766 -0.093002078
0.28209479 -0.15510884 -0.36946397 0.36017089 0.32749097 -0.018750369
0.28209479 -0.11091088 -0.42746181 0.38875694 0.21096502 -0.084996095
0.28209479 -0.046562745 -0.469826 0.38875694 0.080581466 -0.13174775
0.28209479 0.030098606 -0.49139699 0.36017089 -0.047780288 -0.15331145
0.28209479 -0.22858014 -0.3887567 0.23454805 0.37337477 -0.0092305189
0.28209479 -0.18625098 -0.45204061 0.26945363 0.27824759 -0.093969371
0.28209479 -0.11833017 -0.50125464 0.28209478 0.16286751 -0.16286751
0.28209479 -0.031815465 -0.52925836 0.26945363 0.040595776 -0.20617334
0.28209479 0.061856401 -0.53397496 0.23454805 -0.073561085 -0.22024501
0.28209479 -0.30206714 -0.38122006 0.10752925 0.38695117 0.004507525
0.28209479 -0.2662333 -0.44561119 0.14186756 0.31545546 -0.093804622
0.28209479 -0.20099826 -0.49932055 0.16121623 0.22153552 -0.18192689
0.28209479 -0.11091088 -0.53417412 0.16121623 0.11426726 -0.2473792
0.28209479 -0.0069428825 -0.54592709 0.14186756 0.0067148594 -0.28219014
0.28209479 0.09763079 -0.5358577 0.10752925 -0.088974542 -0.28589002
0.28209479 -0.36799992 -0.3517744 -0.0075897904 0.37181249 0.020397486
0.28209479 -0.3413254 -0.41239067 0.021303544 0.32178511 -0.085549748
0.28209479 -0.28404858 -0.46624579 0.041398672 0.25099209 -0.18737063
0.28209479 -0.1975546 -0.50554557 0.04864091 0.16426171 -0.27191059
0.28209479 -0.09042422 -0.52473021 0.041398672 0.070995534 -0.32804696
0.28209479 0.024112705 -0.52277161 0.021303544 -0.01793247 -0.35105607
0.28209479 0.13311739 -0.50313737 -0.0075897904 -0.094034823 -0.34368555
0.28209479 -0.42205329 -0.30816211 -0.10296082 0.33595011 0.03648398
0.28209479 -0.40491513 -0.36116696 -0.081454362 0.30284796 -0.071678557
0.28209479 -0.35840232 -0.4106925 -0.064522386 0.25279631 -0.18082504
0.28209479 -0.28113649 -0.45037611 -0.055102756 0.18761465 -0.27888246
0.28209479 -0.17835702 -0.47463905 -0.055102756 0.112941 -0.35355611
0.28209479 -0.061222426 -0.48084715 -0.064522386 0.036882484 -0.39673888
0.28209479 0.056955299 -0.47019978 -0.081454362 -0.032720534 -0.40724707
0.28209479 0.16511997 -0.4467749 -0.10296082 -0.09065621 -0.39012237
0.28209479 -8.7006224e-18 -4.7461155e-17 0.60001932 0.19377487 0.017761493
0.28209479 0.021173735 0.07160885 0.55062615 0.29568338 0.041150782
0.28209479 -0.021173735 -0.07160885 0.55062615 0.29568338 0.041150782
0.28209479 0.059833217 0.1403383 0.46931927 0.3863182 0.071485514
0.28209479 -4.1160375e-17 -9.6541308e-17 0.48524758 0.3941598 0.084024992
0.28209479 -0.059833217 -0.1403383 0.46931927 0.3863182 0.071485514
0.28209479 0.11446449 0.19729178 0.36017089 0.45258139 0.10634005
0.28209479 0.039769332 0.068546689 0.38875694 0.47173212 0.13395506
0.28209479 -0.039769332 -0.068546689 0.38875694 0.47173212 0.13395506
0.28209479 -0.11446449 -0.19729178 0.36017089 0.45258139 0.10634005
0.28209479 0.17949965 0.23496809 0.23454805 0.48510874 0.14182368
0.28209479 0.095446396 0.12494095 0.26945363 0.5158994 0.1854984
0.28209479 -9.8616062e-17 -1.290901e-16 0.28209478 0.52705032 0.20131531
0.28209479 -0.095446396 -0.12494095 0.26945363 0.5158994 0.1854984
0.28209479 -0.17949965 -0.23496809 0.23454805 0.48510874 0.14182368
0.28209479 0.2470269 0.25020895 0.10752925 0.48213631 0.17390394
0.28209479 0.16025029 0.16231454 0.14186756 0.52128252 0.23237754
0.28209479 0.055677064 0.056394262 0.16121623 0.5433403 0.26532576
0.28209479 -0.055677064 -0.056394262 0.16121623 0.5433403 0.26532576
0.28209479 -0.16025029 -0.16231454 0.14186756 0.52128252 0.23237754
0.28209479 -0.2470269 -0.25020895 0.10752925 0.48213631 0.17390394
0.28209479 0.30970753 0.24491043 -0.0075897904 0.44945371 0.19980301
0.28209479 0.22585317 0.1786001 0.021303544 0.49164391 0.26983724
0.28209479 0.11966643 0.094629787 0.041398672 0.52098691 0.31854559
0.28209479 -1.646415e-16 -1.3019516e-16 0.04864091 0.53156207 0.33609997
0.28209479 -0.11966643 -0.094629787 0.041398672 0.52098691 0.31854559
0.28209479 -0.22585317 -0.1786001 0.021303544 0.49164391 0.26983724
0.28209479 -0.30970753 -0.24491043 -0.0075897904 0.44945371 0.19980301
0.28209479 0.36289303 0.22428022 -0.10296082 0.39689387 0.21856054
0.28209479 0.28545163 0.1764188 -0.081454362 0.43707536 0.29599232
0.28209479 0.18366728 0.11351261 -0.064522386 0.46871013 0.35695413
0.28209479 0.063521204 0.039258261 -0.055102756 0.48630925 0.39086853
0.28209479 -0.063521204 -0.039258261 -0.055102756 0.48630925 0.39086853
0.28209479 -0.18366728 -0.11351261 -0.064522386 0.46871013 0.35695413
0.28209479 -0.28545163 -0.1764188 -0.081454362 0.43707536 0.29599232
0.28209479 -0.36289303 -0.22428022 -0.10296082 0.39689387 0.21856054
0.28209479 0.42561329 0.19936019 -0.18688408 0.31679224 0.20423813
0.28209479 0.4205968 0.13721462 -0.24318873 0.25555785 0.27876023
0.28209479 0.39623985 0.075675074 -0.28751721 0.16853087 0.35225817
0.28209479 0.35092895 0.021810144 -0.31217812 0.059703596 0.41622211
0.28209479 0.28740775 -0.017448116 -0.31217812 -0.061120905 0.46237297
0.28209479 0.21257258 -0.037837537 -0.28751721 -0.18082503 0.48570026
0.28209479 0.13514518 -0.039204177 -0.24318873 -0.28740337 0.48615298
0.28209479 0.062720264 -0.024920024 -0.18688408 -0.37347129 0.46789535
0.28209479 0.16950364 -0.073079602 -0.17144515 -0.38552547 0.43103587
0.28209479 0.25020896 -0.078909844 -0.23505551 -0.29413825 0.43276745
0.28209479 0.2744719 -0.12934496 -0.1579329 -0.38581962 0.36334947
0.28209479 0.33027227 -0.064038783 -0.28474448 -0.18251037 0.412695
0.28209479 0.35737963 -0.12347162 -0.22853277 -0.29029919 0.34412363
0.28209479 0.36455366 -0.18941877 -0.14853523 -0.37080921 0.26371639
0.28209479 0.39982539 -0.02649575 -0.31191721 -0.060539288 0.36927989
0.28209479 0.43193431 -0.091965028 -0.28279926 -0.17675814 0.30272707
0.28209479 0.44104864 -0.16846558 -0.22485739 -0.27368892 0.22252266
0.28209479 0.42605833 -0.24668041 -0.14514833 -0.33952646 0.13843474
0.28209479 0.4499387 0.030591001 -0.31198633 0.057832991 0.30631126
0.28209479 0.48761137 -0.035570769 -0.3117702 -0.057322152 0.24160037
0.28209479 0.50125464 -0.11833016 -0.2820948 -0.1628675 0.1628675
0.28209479 0.48761138 -0.20823491 -0.22485739 -0.24479482 0.079217271
0.28209479 0.44993871 -0.2941269 -0.14853523 -0.29473431 0.00092822469
0.28209479 0.47606212 0.099690253 -0.28647059 0.15947524 0.23198345
0.28209479 0.51762991 0.038842912 -0.31191721 0.053462682 0.16818815
0.28209479 0.53649502 -0.043524634 -0.3117702 -0.05154333 0.091151968
0.28209479 0.52738071 -0.13968822 -0.28279926 -0.14208521 0.0089732762
0.28209479 0.49139699 -0.2379361 -0.22853277 -0.20713587 -0.068339392
0.28209479 0.43562389 -0.32696647 -0.1579329 -0.24223918 -0.13262536
0.28209479 0.47921116 0.17183082 -0.24194952 0.23650483 0.15570514
0.28209479 0.52149879 0.12086399 -0.28647059 0.14409162 0.092143742
0.28209479 0.5440533 0.045549304 -0.31198633 0.046965147 0.016656316
0.28209479 0.54052281 -0.049388647 -0.31191721 -0.043906624 -0.063742236
0.28209479 0.50977192 -0.1537886 -0.28474448 -0.11730331 -0.1397481
0.28209479 0.45679762 -0.25535762 -0.23505551 -0.16594144 -0.20304709
0.28209479 0.39048785 -0.34407367 -0.17144515 -0.18863675 -0.24908361
0.28209479 0.46437655 0.23968164 -0.18688408 0.28749699 0.084937098
0.28209479 0.50412111 0.20064831 -0.24318873 0.20947058 0.021698829
0.28209479 0.52761693 0.1368975 -0.28751721 0.12405017 -0.052078905
0.28209479 0.5285567 0.050041788 -0.31217812 0.039192106 -0.1304599
0.28209479 0.50429376 -0.05273767 -0.31217812 -0.035481542 -0.20513356
0.28209479 0.45746228 -0.16028238 -0.28751721 -0.091863643 -0.26799273
0.28209479 0.3950883 -0.26122209 -0.24318873 -0.12609791 -0.31386968
0.28209479 0.32576375 -0.34749159 -0.18688408 -0.13910933 -0.34166924
0.28209479 -0.22428023 0.36289301 -0.18688408 -0.091708623 -0.41540134
0.28209479 -0.1764188 0.28545161 -0.24318873 -0.051527139 -0.47274236
0.28209479 -0.11351262 0.18366726 -0.28751721 -0.01989237 -0.51788679
0.28209479 -0.039258262 0.063521199 -0.31217812 -0.0022932543 -0.54300162
0.28209479 0.039258262 -0.063521199 -0.31217812 -0.0022932543 -0.54300162
0.28209479 0.11351262 -0.18366726 -0.28751721 -0.01989237 -0.51788679
0.28209479 0.1764188 -0.28545161 -0.24318873 -0.051527139 -0.47274236
0.28209479 0.22428023 -0.36289301 -0.18688408 -0.091708623 -0.41540134
0.28209479 0.1162252 -0.38923935 -0.17144515 -0.04963109 -0.44834708
0.28209479 0.051951026 -0.30412659 -0.23505551 -0.015845998 -0.49718536
0.28209479 -0.0084809708 -0.40690605 -0.1579329 0.0037895474 -0.45528643
0.28209479 -0.024619843 -0.19336675 -0.28474448 0.004505697 -0.52800644
0.28209479 -0.086855396 -0.31424576 -0.22853277 0.027721105 -0.48846434
0.28209479 -0.1399215 -0.41119414 -0.14853523 0.065561611 -0.4276303
0.28209479 -0.10640826 -0.065763921 -0.31191721 0.0064912871 -0.53376517
0.28209479 -0.17150369 -0.19652574 -0.28279926 0.032842671 -0.49879596
0.28209479 -0.2260203 -0.31235236 -0.22485739 0.075645758 -0.4392665
0.28209479 -0.26331853 -0.39913729 -0.14514833 0.12968757 -0.36242686
0.28209479 -0.18396281 0.064455582 -0.31198633 -0.011222394 -0.51227835
0.28209479 -0.25247675 -0.065508578 -0.3117702 0.016116292 -0.48206958
0.28209479 -0.3097924 -0.19146222 -0.2820948 0.062209848 -0.42639266
0.28209479 -0.34792315 -0.29716183 -0.22485739 0.12239741 -0.3506989
0.28209479 -0.36346246 -0.37119919 -0.14853523 0.18865339 -0.26521829
0.28209479 -0.2487859 0.18247595 -0.28647059 -0.045530505 -0.46750084
0.28209479 -0.31991288 0.062849152 -0.31191721 -0.020420927 -0.4403223
0.28209479 -0.38045581 -0.062470472 -0.3117702 0.025466622 -0.38908735
0.28209479 -0.42138559 -0.1782971 -0.28279926 0.08894465 -0.31724613
0.28209479 -0.4377174 -0.27052422 -0.22853277 0.16228218 -0.23354817
0.28209479 -0.43038236 -0.33142135 -0.1579329 0.23610757 -0.14875713
0.28209479 -0.29616878 0.2780281 -0.24194952 -0.090336807 -0.40764136
0.28209479 -0.36774065 0.1743883 -0.28647059 -0.070421721 -0.38107515
0.28209479 -0.43035802 0.058742018 -0.31198633 -0.028806933 -0.33326175
0.28209479 -0.47475888 -0.057019613 -0.31191721 0.033403501 -0.26614278
0.28209479 -0.49455602 -0.15908537 -0.28474448 0.11001294 -0.18657782
0.28209479 -0.48890512 -0.23672953 -0.23505551 0.1915808 -0.10423036
0.28209479 -0.46231898 -0.28572883 -0.17144515 0.26894154 -0.028010129
0.28209479 -0.32576375 0.34749159 -0.18688408 -0.13910933 -0.34166924
0.28209479 -0.3950883 0.26122209 -0.24318873 -0.12609791 -0.31386968
0.28209479 -0.45746228 0.16028238 -0.28751721 -0.091863643 -0.26799273
0.28209479 -0.50429376 0.05273767 -0.31217812 -0.035481542 -0.20513356
0.28209479 -0.5285567 -0.050041788 -0.31217812 0.039192106 -0.1304599
0.28209479 -0.52761693 -0.1368975 -0.28751721 0.12405017 -0.052078905
0.28209479 -0.50412111 -0.20064831 -0.24318873 0.20947058 0.021698829
0.28209479 -0.46437655 -0.23968164 -0.18688408 0.28749699 0.084937098
0.28209479 -0.062720264 0.024920024 -0.18688408 -0.37347129 0.46789535
0.28209479 -0.13514518 0.039204177 -0.24318873 -0.28740337 0.48615298
0.28209479 -0.21257258 0.037837537 -0.28751721 -0.18082503 0.48570026
0.28209479 -0.28740775 0.017448116 -0.31217812 -0.061120905 0.46237297
0.28209479 -0.35092895 -0.021810144 -0.31217812 0.059703596 0.41622211
0.28209479 -0.39623985 -0.075675074 -0.28751721 0.16853087 0.35225817
0.28209479 -0.4205968 -0.13721462 -0.24318873 0.25555785 0.27876023
0.28209479 -0.42561329 -0.19936019 -0.18688408 0.31679224 0.20423813
0.28209479 -0.35755997 -0.16748355 -0.17144515 0.35485177 0.29440495
0.28209479 -0.33426748 -0.10905072 -0.23505551 0.28434489 0.37169535
0.28209479 -0.2607494 -0.12213681 -0.1579329 0.38816168 0.37331945
0.28209479 -0.29043653 -0.055468438 -0.28474448 0.18529504 0.44163736
0.28209479 -0.21684464 -0.070742942 -0.22853277 0.30743177 0.44622827
0.28209479 -0.13815591 -0.064713179 -0.14853523 0.41132851 0.42820398
0.28209479 -0.2276532 -0.014148588 -0.31191721 0.064551124 0.49437031
0.28209479 -0.15443551 -0.029494556 -0.28279926 0.19705602 0.50434175
0.28209479 -0.075340101 -0.024578797 -0.22485739 0.32044057 0.48822546
0.28209479 -1.0972449e-16 -5.1395706e-17 -0.14514833 0.41967779 0.44798424
0.28209479 -0.15228062 0.0092447397 -0.31198633 -0.064768811 0.52257252
0.28209479 -0.079095407 -0.0049157593 -0.3117702 0.067282568 0.5384046
0.28209479 -1.290901e-16 -2.4654013e-17 -0.2820948 0.2013153 0.52705032
0.28209479 0.075340101 0.024578797 -0.22485739 0.32044057 0.48822546
0.28209479 0.13815591 0.064713179 -0.14853523 0.41132851 0.42820398
0.28209479 -0.073518084 0.013086087 -0.28647059 -0.18761464 0.52444881
0.28209479 -1.3330729e-16 8.0928957e-18 -0.31191721 -0.066083509 0.5442683
0.28209479 0.079095407 0.0049157593 -0.3117702 0.067282568 0.5384046
0.28209479 0.15443551 0.029494556 -0.28279926 0.19705602 0.50434175
0.28209479 0.21684464 0.070742942 -0.22853277 0.30743177 0.44622827
0.28209479 0.2607494 0.12213681 -0.1579329 0.38816168 0.37331945
0.28209479 -1.2341315e-16 3.5800841e-17 -0.24194952 -0.29233605 0.50387243
0.28209479 0.073518084 -0.013086087 -0.28647059 -0.18761464 0.52444881
0.28209479 0.15228062 -0.0092447397 -0.31198633 -0.064768811 0.52257252
0.28209479 0.2276532 0.014148588 -0.31191721 0.064551124 0.49437031
0.28209479 0.29043653 0.055468438 -0.28474448 0.18529504 0.44163736
0.28209479 0.33426748 0.10905072 -0.23505551 0.28434489 0.37169535
0.28209479 0.35755997 0.16748355 -0.17144515 0.35485177 0.29440495
0.28209479 0.062720264 -0.024920024 -0.18688408 -0.37347129 0.46789535
0.28209479 0.13514518 -0.039204177 -0.24318873 -0.28740337 0.48615298
0.28209479 0.21257258 -0.037837537 -0.28751721 -0.18082503 0.48570026
0.28209479 0.28740775 -0.017448116 -0.31217812 -0.061120905 0.46237297
0.28209479 0.35092895 0.021810144 -0.31217812 0.059703596 0.41622211
0.28209479 0.39623985 0.075675074 -0.28751721 0.16853087 0.35225817
0.28209479 0.4205968 0.13721462 -0.24318873 0.25555785 0.27876023
0.28209479 0.42561329 0.19936019 -0.18688408 0.31679224 0.20423813
0.28209479 0.32576375 -0.34749159 -0.18688408 -0.13910933 -0.34166924
0.28209479 0.3950883 -0.26122209 -0.24318873 -0.12609791 -0.31386968
0.28209479 0.45746228 -0.16028238 -0.28751721 -0.091863643 -0.26799273
0.28209479 0.50429376 -0.05273767 -0.31217812 -0.035481542 -0.20513356
0.28209479 0.5285567 0.050041788 -0.31217812 0.039192106 -0.1304599
0.28209479 0.52761693 0.1368975 -0.28751721 0.12405017 -0.052078905
0.28209479 0.50412111 0.20064831 -0.24318873 0.20947058 0.021698829
0.28209479 0.46437655 0.23968164 -0.18688408 0.28749699 0.084937098
0.28209479 0.46231898 0.28572883 -0.17144515 0.26894154 -0.028010129
0.28209479 0.48890512 0.23672953 -0.23505551 0.1915808 -0.10423036
0.28209479 0.43038236 0.33142135 -0.1579329 0.23610757 -0.14875713
0.28209479 0.49455602 0.15908537 -0.28474448 0.11001294 -0.18657782
0.28209479 0.4377174 0.27052422 -0.22853277 0.16228218 -0.23354817
0.28209479 0.36346246 0.37119919 -0.14853523 0.18865339 -0.26521829
0.28209479 0.47475888 0.057019613 -0.31191721 0.033403501 -0.26614278
0.28209479 0.42138559 0.1782971 -0.28279926 0.08894465 -0.31724613
0.28209479 0.34792315 0.29716183 -0.22485739 0.12239741 -0.3506989
0.28209479 0.26331853 0.39913729 -0.14514833 0.12968757 -0.36242686
0.28209479 0.43035802 -0.058742018 -0.31198633 -0.028806933 -0.33326175
0.28209479 0.38045581 0.062470472 -0.3117702 0.025466622 -0.38908735
0.28209479 0.3097924 0.19146222 -0.2820948 0.062209848 -0.42639266
0.28209479 0.2260203 0.31235236 -0.22485739 0.075645758 -0.4392665
0.28209479 0.1399215 0.41119414 -0.14853523 0.065561611 -0.4276303
0.28209479 0.36774065 -0.1743883 -0.28647059 -0.070421721 -0.38107515
0.28209479 0.31991288 -0.062849152 -0.31191721 -0.020420927 -0.4403223
0.28209479 0.25247675 0.065508578 -0.3117702 0.016116292 -0.48206958
0.28209479 0.17150369 0.19652574 -0.28279926 0.032842671 -0.49879596
0.28209479 0.086855396 0.31424576 -0.22853277 0.027721105 -0.48846434
0.28209479 0.0084809708 0.40690605 -0.1579329 0.0037895474 -0.45528643
0.28209479 0.29616878 -0.2780281 -0.24194952 -0.090336807 -0.40764136
0.28209479 0.2487859 -0.18247595 -0.28647059 -0.045530505 -0.46750084
0.28209479 0.18396281 -0.064455582 -0.31198633 -0.011222394 -0.51227835
0.28209479 0.10640826 0.065763921 -0.31191721 0.0064912871 -0.53376517
0.28209479 0.024619843 0.19336675 -0.28474448 0.004505697 -0.52800644
0.28209479 -0.051951026 0.30412659 -0.23505551 -0.015845998 -0.49718536
0.28209479 -0.1162252 0.38923935 -0.17144515 -0.04963109 -0.44834708
0.28209479 0.22428023 -0.36289301 -0.18688408 -0.091708623 -0.41540134
0.28209479 0.1764188 -0.28545161 -0.24318873 -0.051527139 -0.47274236
0.28209479 0.11351262 -0.18366726 -0.28751721 -0.01989237 -0.51788679
0.28209479 0.039258262 -0.063521199 -0.31217812 -0.0022932543 -0.54300162
0.28209479 -0.039258262 0.063521199 -0.31217812 -0.0022932543 -0.54300162
0.28209479 -0.11351262 0.18366726 -0.28751721 -0.01989237 -0.51788679
0.28209479 -0.1764188 0.28545161 -0.24318873 -0.051527139 -0.47274236
0.28209479 -0.22428023 0.36289301 -0.18688408 -0.091708623 -0.41540134
0.28209479 -0.46437655 -0.23968164 -0.18688408 0.28749699 0.084937098
0.28209479 -0.50412111 -0.20064831 -0.24318873 0.20947058 0.021698829
0.28209479 -0.52761693 -0.1368975 -0.28751721 0.12405017 -0.052078905
0.28209479 -0.5285567 -0.050041788 -0.31217812 0.039192106 -0.1304599
0.28209479 -0.50429376 0.05273767 -0.31217812 -0.035481542 -0.20513356
0.28209479 -0.45746228 0.16028238 -0.28751721 -0.091863643 -0.26799273
0.28209479 -0.3950883 0.26122209 -0.24318873 -0.12609791 -0.31386968
0.28209479 -0.32576375 0.34749159 -0.18688408 -0.13910933 -0.34166924
0.28209479 -0.39048785 0.34407367 -0.17144515 -0.18863675 -0.24908361
0.28209479 -0.45679762 0.25535762 -0.23505551 -0.16594144 -0.20304709
0.28209479 -0.43562389 0.32696647 -0.1579329 -0.24223918 -0.13262536
0.28209479 -0.50977192 0.1537886 -0.28474448 -0.11730331 -0.1397481
0.28209479 -0.49139699 0.2379361 -0.22853277 -0.20713587 -0.068339392
0.28209479 -0.44993871 0.2941269 -0.14853523 -0.29473431 0.00092822469
0.28209479 -0.54052281 0.049388647 -0.31191721 -0.043906624 -0.063742236
0.28209479 -0.52738071 0.13968822 -0.28279926 -0.14208521 0.0089732762
0.28209479 -0.48761138 0.20823491 -0.22485739 -0.24479482 0.079217271
0.28209479 -0.42605833 0.24668041 -0.14514833 -0.33952646 0.13843474
0.28209479 -0.5440533 -0.045549304 -0.31198633 0.046965147 0.016656316
0.28209479 -0.53649502 0.043524634 -0.3117702 -0.05154333 0.091151968
0.28209479 -0.50125464 0.11833016 -0.2820948 -0.1628675 0.1628675
0.28209479 -0.44104864 0.16846558 -0.22485739 -0.27368892 0.22252266
0.28209479 -0.36455366 0.18941877 -0.14853523 -0.37080921 0.26371639
0.28209479 -0.52149879 -0.12086399 -0.28647059 0.14409162 0.092143742
0.28209479 -0.51762991 -0.038842912 -0.31191721 0.053462682 0.16818815
0.28209479 -0.48761137 0.035570769 -0.3117702 -0.057322152 0.24160037
0.28209479 -0.43193431 0.091965028 -0.28279926 -0.17675814 0.30272707
0.28209479 -0.35737963 0.12347162 -0.22853277 -0.29029919 0.34412363
0.28209479 -0.2744719 0.12934496 -0.1579329 -0.38581962 0.36334947
0.28209479 -0.47921116 -0.17183082 -0.24194952 0.23650483 0.15570514
0.28209479 -0.47606212 -0.099690253 -0.28647059 0.15947524 0.23198345
0.28209479 -0.4499387 -0.030591001 -0.31198633 0.057832991 0.30631126
0.28209479 -0.39982539 0.02649575 -0.31191721 -0.060539288 0.36927989
0.28209479 -0.33027227 0.064038783 -0.28474448 -0.18251037 0.412695
0.28209479 -0.25020896 0.078909844 -0.23505551 -0.29413825 0.43276745
0.28209479 -0.16950364 0.073079602 -0.17144515 -0.38552547 0.43103587
0.28209479 -0.42561329 -0.19936019 -0.18688408 0.31679224 0.20423813
0.28209479 -0.4205968 -0.13721462 -0.24318873 0.25555785 0.27876023
0.28209479 -0.39623985 -0.075675074 -0.28751721 0.16853087 0.35225817
0.28209479 -0.35092895 -0.021810144 -0.31217812 0.059703596 0.41622211
0.28209479 -0.28740775 0.017448116 -0.31217812 -0.061120905 0.46237297
0.28209479 -0.21257258 0.037837537 -0.28751721 -0.18082503 0.48570026
0.28209479 -0.13514518 0.039204177 -0.24318873 -0.28740337 0.48615298
0.28209479 -0.062720264 0.024920024 -0.18688408 -0.37347129 0.46789535
0.28209479 0.46231898 0.28572883 -0.17144515 0.26894154 -0.028010129
0.28209479 0.43038236 0.33142135 -0.1579329 0.23610757 -0.14875713
0.28209479 0.48890512 0.23672953 -0.23505551 0.1915808 -0.10423036
0.28209479 0.36346246 0.37119919 -0.14853523 0.18865339 -0.26521829
0.28209479 0.4377174 0.27052422 -0.22853277 0.16228218 -0.23354817
0.28209479 0.49455602 0.15908537 -0.28474448 0.11001294 -0.18657782
0.28209479 0.26331853 0.39913729 -0.14514833 0.12968757 -0.36242686
0.28209479 0.34792315 0.29716183 -0.22485739 0.12239741 -0.3506989
0.28209479 0.42138559 0.1782971 -0.28279926 0.08894465 -0.31724613
0.28209479 0.47475888 0.057019613 -0.31191721 0.033403501 -0.26614278
0.28209479 0.1399215 0.41119414 -0.14853523 0.065561611 -0.4276303
0.28209479 0.2260203 0.31235236 -0.22485739 0.075645758 -0.4392665
0.28209479 0.3097924 0.19146222 -0.2820948 0.062209848 -0.42639266
0.28209479 0.38045581 0.062470472 -0.3117702 0.025466622 -0.38908735
0.28209479 0.43035802 -0.058742018 -0.31198633 -0.028806933 -0.33326175
0.28209479 0.0084809708 0.40690605 -0.1579329 0.0037895474 -0.45528643
0.28209479 0.086855396 0.31424576 -0.22853277 0.027721105 -0.48846434
0.28209479 0.17150369 0.19652574 -0.28279926 0.032842671 -0.49879596
0.28209479 0.25247675 0.065508578 -0.3117702 0.016116292 -0.48206958
0.28209479 0.31991288 -0.062849152 -0.31191721 -0.020420927 -0.4403223
0.28209479 0.36774065 -0.1743883 -0.28647059 -0.070421721 -0.38107515
0.28209479 -0.1162252 0.38923935 -0.17144515 -0.04963109 -0.44834708
0.28209479 -0.051951026 0.30412659 -0.23505551 -0.015845998 -0.49718536
0.28209479 0.024619843 0.19336675 -0.28474448 0.004505697 -0.52800644
0.28209479 0.10640826 0.065763921 -0.31191721 0.0064912871 -0.53376517
0.28209479 0.18396281 -0.064455582 -0.31198633 -0.011222394 -0.51227835
0.28209479 0.2487859 -0.18247595 -0.28647059 -0.045530505 -0.46750084
0.28209479 0.29616878 -0.2780281 -0.24194952 -0.090336807 -0.40764136
0.28209479 -0.39048785 0.34407367 -0.17144515 -0.18863675 -0.24908361
0.28209479 -0.43562389 0.32696647 -0.1579329 -0.24223918 -0.13262536
0.28209479 -0.45679762 0.25535762 -0.23505551 -0.16594144 -0.20304709
0.28209479 -0.44993871 0.2941269 -0.14853523 -0.29473431 0.00092822469
0.28209479 -0.49139699 0.2379361 -0.22853277 -0.20713587 -0.068339392
0.28209479 -0.50977192 0.1537886 -0.28474448 -0.11730331 -0.1397481
0.28209479 -0.42605833 0.24668041 -0.14514833 -0.33952646 0.13843474
0.28209479 -0.48761138 0.20823491 -0.22485739 -0.24479482 0.079217271
0.28209479 -0.52738071 0.13968822 -0.28279926 -0.14208521 0.0089732762
0.28209479 -0.54052281 0.049388647 -0.31191721 -0.043906624 -0.063742236
0.28209479 -0.36455366 0.18941877 -0.14853523 -0.37080921 0.26371639
0.28209479 -0.44104864 0.16846558 -0.22485739 -0.27368892 0.22252266
0.28209479 -0.50125464 0.11833016 -0.2820948 -0.1628675 0.1628675
0.28209479 -0.53649502 0.043524634 -0.3117702 -0.05154333 0.091151968
0.28209479 -0.5440533 -0.045549304 -0.31198633 0.046965147 0.016656316
0.28209479 -0.2744719 0.12934496 -0.1579329 -0.38581962 0.36334947
0.28209479 -0.35737963 0.12347162 -0.22853277 -0.29029919 0.34412363
0.28209479 -0.43193431 0.091965028 -0.28279926 -0.17675814 0.30272707
0.28209479 -0.48761137 0.035570769 -0.3117702 -0.057322152 0.24160037
0.28209479 -0.51762991 -0.038842912 -0.31191721 0.053462682 0.16818815
0.28209479 -0.52149879 -0.12086399 -0.28647059 0.14409162 0.092143742
0.28209479 -0.16950364 0.073079602 -0.17144515 -0.38552547 0.43103587
0.28209479 -0.25020896 0.078909844 -0.23505551 -0.29413825 0.43276745
0.28209479 -0.33027227 0.064038783 -0.28474448 -0.18251037 0.412695
0.28209479 -0.39982539 0.02649575 -0.31191721 -0.060539288 0.36927989
0.28209479 -0.4499387 -0.030591001 -0.31198633 0.057832991 0.30631126
0.28209479 -0.47606212 -0.099690253 -0.28647059 0.15947524 0.23198345
0.28209479 -0.47921116 -0.17183082 -0.24194952 0.23650483 0.15570514
0.28209479 0.16950364 -0.073079602 -0.17144515 -0.38552547 0.43103587
0.28209479 0.2744719 -0.12934496 -0.1579329 -0.38581962 0.36334947
0.28209479 0.25020896 -0.078909844 -0.23505551 -0.29413825 0.43276745
0.28209479 0.36455366 -0.18941877 -0.14853523 -0.37080921 0.26371639
0.28209479 0.35737963 -0.12347162 -0.22853277 -0.29029919 0.34412363
0.28209479 0.33027227 -0.064038783 -0.28474448 -0.18251037 0.412695
0.28209479 0.42605833 -0.24668041 -0.14514833 -0.33952646 0.13843474
0.28209479 0.44104864 -0.16846558 -0.22485739 -0.27368892 0.22252266
0.28209479 0.43193431 -0.091965028 -0.28279926 -0.17675814 0.30272707
0.28209479 0.39982539 -0.02649575 -0.31191721 -0.060539288 0.36927989
0.28209479 0.44993871 -0.2941269 -0.14853523 -0.29473431 0.00092822469
0.28209479 0.48761138 -0.20823491 -0.22485739 -0.24479482 0.079217271
0.28209479 0.50125464 -0.11833016 -0.2820948 -0.1628675 0.1628675
0.28209479 0.48761137 -0.035570769 -0.3117702 -0.057322152 0.24160037
0.28209479 0.4499387 0.030591001 -0.31198633 0.057832991 0.30631126
0.28209479 0.43562389 -0.32696647 -0.1579329 -0.24223918 -0.13262536
0.28209479 0.49139699 -0.2379361 -0.22853277 -0.20713587 -0.068339392
0.28209479 0.52738071 -0.13968822 -0.28279926 -0.14208521 0.0089732762
0.28209479 0.53649502 -0.043524634 -0.3117702 -0.05154333 0.091151968
0.28209479 0.51762991 0.038842912 -0.31191721 0.053462682 0.16818815
0.28209479 0.47606212 0.099690253 -0.28647059 0.15947524 0.23198345
0.28209479 0.39048785 -0.34407367 -0.17144515 -0.18863675 -0.24908361
0.28209479 0.45679762 -0.25535762 -0.23505551 -0.16594144 -0.20304709
0.28209479 0.50977192 -0.1537886 -0.28474448 -0.11730331 -0.1397481
0.28209479 0.54052281 -0.049388647 -0.31191721 -0.043906624 -0.063742236
0.28209479 0.5440533 0.045549304 -0.31198633 0.046965147 0.016656316
0.28209479 0.52149879 0.12086399 -0.28647059 0.14409162 0.092143742
0.28209479 0.47921116 0.17183082 -0.24194952 0.23650483 0.15570514
0.28209479 0.1162252 -0.38923935 -0.17144515 -0.04963109 -0.44834708
0.28209479 -0.0084809708 -0.40690605 -0.1579329 0.0037895474 -0.45528643
0.28209479 0.051951026 -0.30412659 -0.23505551 -0.015845998 -0.49718536
0.28209479 -0.1399215 -0.41119414 -0.14853523 0.065561611 -0.4276303
0.28209479 -0.086855396 -0.31424576 -0.22853277 0.027721105 -0.48846434
0.28209479 -0.024619843 -0.19336675 -0.28474448 0.004505697 -0.52800644
0.28209479 -0.26331853 -0.39913729 -0.14514833 0.12968757 -0.36242686
0.28209479 -0.2260203 -0.31235236 -0.22485739 0.075645758 -0.4392665
0.28209479 -0.17150369 -0.19652574 -0.28279926 0.032842671 -0.49879596
0.28209479 -0.10640826 -0.065763921 -0.31191721 0.0064912871 -0.53376517
0.28209479 -0.36346246 -0.37119919 -0.14853523 0.18865339 -0.26521829
0.28209479 -0.34792315 -0.29716183 -0.22485739 0.12239741 -0.3506989
0.28209479 -0.3097924 -0.19146222 -0.2820948 0.062209848 -0.42639266
0.28209479 -0.25247675 -0.065508578 -0.3117702 0.016116292 -0.48206958
0.28209479 -0.18396281 0.064455582 -0.31198633 -0.011222394 -0.51227835
0.28209479 -0.43038236 -0.33142135 -0.1579329 0.23610757 -0.14875713
0.28209479 -0.4377174 -0.27052422 -0.22853277 0.16228218 -0.23354817
0.28209479 -0.42138559 -0.1782971 -0.28279926 0.08894465 -0.31724613
0.28209479 -0.38045581 -0.062470472 -0.3117702 0.025466622 -0.38908735
0.28209479 -0.31991288 0.062849152 -0.31191721 -0.020420927 -0.4403223
0.28209479 -0.2487859 0.18247595 -0.28647059 -0.045530505 -0.46750084
0.28209479 -0.46231898 -0.28572883 -0.17144515 0.26894154 -0.028010129
0.28209479 -0.48890512 -0.23672953 -0.23505551 0.1915808 -0.10423036
0.28209479 -0.49455602 -0.15908537 -0.28474448 0.11001294 -0.18657782
0.28209479 -0.47475888 -0.057019613 -0.31191721 0.033403501 -0.26614278
0.28209479 -0.43035802 0.058742018 -0.31198633 -0.028806933 -0.33326175
0.28209479 -0.36774065 0.1743883 -0.28647059 -0.070421721 -0.38107515
0.28209479 -0.29616878 0.2780281 -0.24194952 -0.090336807 -0.40764136
0.28209479 -0.35755997 -0.16748355 -0.17144515 0.35485177 0.29440495
0.28209479 -0.2607494 -0.12213681 -0.1579329 0.38816168 0.37331945
0.28209479 -0.33426748 -0.10905072 -0.23505551 0.28434489 0.37169535
0.28209479 -0.13815591 -0.064713179 -0.14853523 0.41132851 0.42820398
0.28209479 -0.21684464 -0.070742942 -0.22853277 0.30743177 0.44622827
0.28209479 -0.29043653 -0.055468438 -0.28474448 0.18529504 0.44163736
0.28209479 2.5116376e-17 1.1764683e-17 -0.14514833 0.41967779 0.44798424
0.28209479 -0.075340101 -0.024578797 -0.22485739 0.32044057 0.48822546
0.28209479 -0.15443551 -0.029494556 -0.28279926 0.19705602 0.50434175
0.28209479 -0.2276532 -0.014148588 -0.31191721 0.064551124 0.49437031
0.28209479 0.13815591 0.064713179 -0.14853523 0.41132851 0.42820398
0.28209479 0.075340101 0.024578797 -0.22485739 0.32044057 0.48822546
0.28209479 3.7482909e-17 7.1585983e-18 -0.2820948 0.2013153 0.52705032
0.28209479 -0.079095407 -0.0049157593 -0.3117702 0.067282568 0.5384046
0.28209479 -0.15228062 0.0092447397 -0.31198633 -0.064768811 0.52257252
0.28209479 0.2607494 0.12213681 -0.1579329 0.38816168 0.37331945
0.28209479 0.21684464 0.070742942 -0.22853277 0.30743177 0.44622827
0.28209479 0.15443551 0.029494556 -0.28279926 0.19705602 0.50434175
0.28209479 0.079095407 0.0049157593 -0.3117702 0.067282568 0.5384046
0.28209479 5.5368419e-17 -3.361338e-18 -0.31191721 -0.066083509 0.5442683
0.28209479 -0.073518084 0.013086087 -0.28647059 -0.18761464 0.52444881
0.28209479 0.35755997 0.16748355 -0.17144515 0.35485177 0.29440495
0.28209479 0.33426748 0.10905072 -0.23505551 0.28434489 0.37169535
0.28209479 0.29043653 0.055468438 -0.28474448 0.18529504 0.44163736
0.28209479 0.2276532 0.014148588 -0.31191721 0.064551124 0.49437031
0.28209479 0.15228062 -0.0092447397 -0.31198633 -0.064768811 0.52257252
0.28209479 0.073518084 -0.013086087 -0.28647059 -0.18761464 0.52444881
0.28209479 3.2658042e-17 -9.47375e-18 -0.24194952 -0.29233605 0.50387243
