0.28209479 0 0 0.63078313 0 0
0.28209479 0 0 -0.12615664 -0.43701936 0.43701938
0.28209479 0.25687355 -0.41563011 -0.12615664 -0.13504641 -0.35355611
0.28209479 -0.41563013 -0.25687353 -0.12615664 0.35355609 0.13504642
0.28209479 0.41563013 0.25687353 -0.12615664 0.35355609 0.13504642
0.28209479 -0.25687355 0.41563011 -0.12615664 -0.13504641 -0.35355611
0.28209479 0.41563013 0.25687353 -0.12615664 0.35355609 0.13504642
0.28209479 -0.25687355 0.41563011 -0.12615664 -0.13504641 -0.35355611
0.28209479 -1.0703888e-16 5.3519436e-17 -0.12615664 -0.43701936 0.43701938
0.28209479 0.25687355 -0.41563011 -0.12615664 -0.13504641 -0.35355611
0.28209479 -0.41563013 -0.25687353 -0.12615664 0.35355609 0.13504642
0.28209479 0 0 0.63078313 0 0
0.28209479 0 0 -0.050085581 -0.49076613 0.39309973
0.28209479 0.23105823 -0.46674632 -0.050085581 -0.15165507 -0.31802437
0.28209479 0 0 0.04223187 -0.52975431 0.33980023
0.28209479 0.19972956 -0.50382629 0.04223187 -0.16370309 -0.27490416
0.28209479 0 0 0.14773267 -0.54615306 0.27888931
0.28209479 0.16392702 -0.51942243 0.14773267 -0.16877058 -0.22562619
0.28209479 0 0 0.25986681 -0.53338256 0.21414864
0.28209479 0.12587341 -0.50727696 0.25986681 -0.16482428 -0.17324989
0.28209479 0 0 0.36926687 -0.48860252 0.15098648
0.28209479 0.088747629 -0.46468861 0.36926687 -0.15098648 -0.12215063
0.28209479 0 0 0.46593143 -0.41441111 0.095177172
0.28209479 0.055943738 -0.39412838 0.46593143 -0.12806007 -0.07699995
0.28209479 0 0 0.54205958 -0.31848833 0.051224567
0.28209479 0.030109045 -0.3029004 0.54205958 -0.098418306 -0.041441546
0.28209479 0 0 0.59399868 -0.21119161 0.021237514
0.28209479 0.012483098 -0.20085516 0.59399868 -0.065261798 -0.01718151
0.28209479 0 0 0.62237734 -0.1025195 0.0048530831
0.28209479 0.013399794 -0.10179486 0.60637961 -0.1401086 0.0043538571
0.28209479 0.0028525707 -0.097501835 0.62237734 -0.031680267 -0.0039262267
0.28209479 0.025738864 -0.10396059 0.56748405 -0.25240011 0.02594421
0.28209479 0.036072803 -0.20792118 0.56748405 -0.17686832 -0.005860382
0.28209479 0.039211299 -0.10319076 0.50287292 -0.35903227 0.062579131
0.28209479 0.063040057 -0.20968623 0.51597546 -0.28860833 0.020482956
0.28209479 0.068505698 -0.30957228 0.50287292 -0.20908732 -0.027579757
0.28209479 0.052722985 -0.098987286 0.41383312 -0.44848849 0.1136195
0.28209479 0.091515414 -0.20463468 0.43836514 -0.3892383 0.062980081
0.28209479 0.11105629 -0.30695202 0.43836514 -0.3149004 0.0028394552
0.28209479 0.10943765 -0.39594915 0.41383312 -0.23273307 -0.06093031
0.28209479 0.064958487 -0.09142533 0.30667319 -0.5103573 0.17548831
0.28209479 0.11880808 -0.1922355 0.33860077 -0.46671784 0.11975593
0.28209479 0.15418461 -0.29337238 0.34998429 -0.40379244 0.050097615
0.28209479 0.16650853 -0.38447101 0.33860077 -0.32705057 -0.02705095
0.28209479 0.15570196 -0.45712665 0.30667319 -0.24465973 -0.10379138
0.28209479 0.074760798 -0.081219962 0.19152634 -0.5387883 0.24233516
0.28209479 0.14210389 -0.17336928 0.22563303 -0.51205923 0.18580102
0.28209479 0.19344679 -0.26910702 0.24446738 -0.46471265 0.11101783
0.28209479 0.22175638 -0.35880936 0.24446738 -0.39954009 0.023889861
0.28209479 0.22417556 -0.43342321 0.22563303 -0.32311899 -0.066789609
0.28209479 0.20292379 -0.48731977 0.19152634 -0.24373951 -0.15210997
0.28209479 0.081474409 -0.069514127 0.07934577 -0.53422686 0.30777098
0.28209479 0.15935669 -0.15015927 0.11094961 -0.5224501 0.25432474
0.28209479 0.22488036 -0.23660488 0.13246358 -0.49151273 0.1794518
0.28209479 0.26941645 -0.32087041 0.14012566 -0.44164023 0.087538712
0.28209479 0.28741116 -0.39434146 0.13246358 -0.3769104 -0.012998199
0.28209479 0.27841061 -0.45047781 0.11094961 -0.30425591 -0.11208552
0.28209479 0.24681742 -0.48659889 0.07934577 -0.23119704 -0.2011025
0.28209479 0.085055518 -0.057509182 -0.021189416 -0.50243573 0.366681
0.28209479 0.16983811 -0.12524967 0.0049809435 -0.50162962 0.31890094
0.28209479 0.24625319 -0.19971829 0.025177522 -0.48488487 0.24821781
0.28209479 0.30520568 -0.27495785 0.036261798 -0.45072396 0.15706059
0.28209479 0.33923448 -0.34369731 0.036261798 -0.40078181 0.05233071
0.28209479 0.34512179 -0.39943657 0.025177522 -0.33978104 -0.056068433
0.28209479 0.32484719 -0.43837384 0.0049809435 -0.27413159 -0.15816794
0.28209479 0.28434105 -0.46007346 -0.021189416 -0.20995566 -0.24665678
0.28209479 0.085932585 -0.046155561 -0.10524692 -0.45177431 0.41616784
0.28209479 0.17406771 -0.10099038 -0.085488753 -0.45756403 0.37512074
0.28209479 0.25745718 -0.16239152 -0.068937277 -0.45117748 0.31131765
0.28209479 0.32750035 -0.22629716 -0.057810814 -0.43044278 0.22538278
0.28209479 0.37594099 -0.28719334 -0.053875331 -0.39528773 0.12215063
0.28209479 0.39743002 -0.33944574 -0.057810814 -0.34823553 0.010161376
0.28209479 0.39127516 -0.37891355 -0.068937277 -0.29386502 -0.10053174
0.28209479 0.36131417 -0.40396151 -0.085488753 -0.23744262 -0.20116462
0.28209479 0.31413824 -0.41540005 -0.10524692 -0.18350249 -0.28617695
0.28209479 -0.37386006 -0.28846509 -0.050085581 0.39703814 0.1214745
0.28209479 -0.32316922 -0.31138177 0.04223187 0.42858024 0.10500405
0.28209479 -0.2652395 -0.32102072 0.14773267 0.44184711 0.086181537
0.28209479 -0.20366746 -0.31351441 0.25986681 0.43151556 0.066175568
0.28209479 -0.14359668 -0.28719335 0.36926687 0.39528774 0.04665739
0.28209479 -0.09051887 -0.24358474 0.46593143 0.33526563 0.029411364
0.28209479 -0.048717459 -0.18720274 0.54205958 0.25766247 0.015829262
0.28209479 -0.020198076 -0.12413532 0.59399868 0.1708576 0.0065627528
0.28209479 -0.0082815284 -0.16470754 0.60637961 0.053516723 -0.011398546
0.28209479 -0.0046155563 -0.060259448 0.62237734 0.082940015 0.0014996852
0.28209479 -0.0055735545 -0.27217236 0.56748405 0.020876473 -0.036118232
0.28209479 -0.032628156 -0.23246294 0.56748405 0.14308948 -0.016461913
0.28209479 0.0050604829 -0.37334768 0.50287292 -0.012806828 -0.073675404
0.28209479 -0.038960898 -0.33927944 0.51597546 0.11023857 -0.053625076
0.28209479 -0.071633248 -0.29451695 0.50287292 0.2298092 -0.017954147
0.28209479 0.024130073 -0.45712665 0.41383312 -0.044448061 -0.1229099
0.28209479 -0.037018763 -0.43342321 0.43836514 0.0743379 -0.10474337
0.28209479 -0.088177434 -0.39434147 0.43836514 0.19461915 -0.067574416
0.28209479 -0.12435086 -0.34369732 0.41383312 0.30465154 -0.015032183
0.28209479 0.050596919 -0.51363061 0.30667319 -0.070758422 -0.18015466
0.28209479 -0.025726982 -0.50327908 0.33860077 0.038603083 -0.16671822
0.28209479 -0.095291327 -0.47468649 0.34998429 0.15423499 -0.13115726
0.28209479 -0.15060838 -0.42985165 0.33860077 0.26458947 -0.075986578
0.28209479 -0.18697257 -0.37394514 0.30667319 0.35914926 -0.0075503231
0.28209479 0.081958279 -0.53751647 0.19152634 -0.089249966 -0.23999656
0.28209479 -0.0057533646 -0.54057132 0.22563303 0.0066489838 -0.23384275
0.28209479 -0.091247099 -0.52512664 0.24446738 0.11233187 -0.20352048
0.28209479 -0.16536258 -0.4908634 0.24446738 0.2177833 -0.14967244
0.28209479 -0.22061979 -0.44123956 0.22563303 0.31236071 -0.077733159
0.28209479 -0.25357679 -0.38240014 0.19152634 0.38814899 0.0037839394
0.28209479 0.11498906 -0.52956098 0.07934577 -0.098973315 -0.29688141
0.28209479 0.020566057 -0.54328134 0.11094961 -0.018636009 -0.29942055
0.28209479 -0.07645291 -0.54057131 0.13246358 0.073138821 -0.27736092
0.28209479 -0.16650853 -0.51917922 0.14012566 0.16869156 -0.22917932
0.28209479 -0.24016066 -0.4803213 0.13246358 0.2585693 -0.15842028
0.28209479 -0.29112113 -0.42856986 0.11094961 0.33440961 -0.072966556
0.28209479 -0.31788457 -0.37024878 0.07934577 0.39133923 0.017619695
0.28209479 0.14671833 -0.49561609 -0.021189416 -0.1005667 -0.34664554
0.28209479 0.050043351 -0.5157824 0.0049809435 -0.035892563 -0.35782462
0.28209479 -0.053324249 -0.52286926 0.025177522 0.040105712 -0.34555642
0.28209479 -0.15459868 -0.5136306 0.036261798 0.12221909 -0.30646009
0.28209479 -0.24368724 -0.48737446 0.036261798 0.20302717 -0.24173346
0.28209479 -0.31216559 -0.44658366 0.025177522 0.27488864 -0.15749718
0.28209479 -0.35577568 -0.3961796 0.0049809435 0.33220698 -0.062979833
0.28209479 -0.37501796 -0.34185022 -0.021189416 0.37267599 0.032418057
0.28209479 0.1750964 -0.44392575 -0.10524692 -0.095709392 -0.38719676
0.28209479 0.079666705 -0.46637699 -0.085488753 -0.045347504 -0.40579349
0.28209479 -0.025299312 -0.47927702 -0.068937277 0.015022003 -0.40319081
0.28209479 -0.13247667 -0.47930508 -0.057810814 0.082207256 -0.37483837
0.28209479 -0.23234431 -0.46468859 -0.053875331 0.15098648 -0.3197945
0.28209479 -0.31555493 -0.43608617 -0.057810814 0.21522139 -0.24182423
0.28209479 -0.37563933 -0.39657297 -0.068937277 0.26955891 -0.14865389
0.28209479 -0.4105509 -0.35065232 -0.085488753 0.31081642 -0.049629544
0.28209479 -0.42235376 -0.30288691 -0.10524692 0.33836354 0.04687619
0.28209479 0.37386006 0.28846509 -0.050085581 0.39703814 0.1214745
0.28209479 0.32316922 0.31138177 0.04223187 0.42858024 0.10500405
0.28209479 0.2652395 0.32102072 0.14773267 0.44184711 0.086181537
0.28209479 0.20366746 0.31351441 0.25986681 0.43151556 0.066175568
0.28209479 0.14359668 0.28719335 0.36926687 0.39528774 0.04665739
0.28209479 0.09051887 0.24358474 0.46593143 0.33526563 0.029411364
0.28209479 0.048717459 0.18720274 0.54205958 0.25766247 0.015829262
0.28209479 0.020198076 0.12413532 0.59399868 0.1708576 0.0065627528
0.28209479 -3.4509022e-18 -2.1208893e-17 0.60637961 0.17318375 0.014089378
0.28209479 0.0046155563 0.060259448 0.62237734 0.082940015 0.0014996852
0.28209479 -0.016720664 -0.064251178 0.56748405 0.26530248 0.032496316
0.28209479 0.016720664 0.064251178 0.56748405 0.26530248 0.032496316
0.28209479 -0.047399332 -0.1275508 0.50287292 0.35111722 0.056630176
0.28209479 -1.6234956e-17 -4.368799e-17 0.51597546 0.35673951 0.066284239
0.28209479 0.047399332 0.1275508 0.50287292 0.35111722 0.056630176
0.28209479 -0.091766263 -0.18353252 0.41383312 0.42101808 0.085252893
0.28209479 -0.031617798 -0.063235594 0.43836514 0.43518164 0.10649825
0.28209479 0.031617798 0.063235594 0.43836514 0.43518164 0.10649825
0.28209479 0.091766263 0.18353252 0.41383312 0.42101808 0.085252893
0.28209479 -0.14682602 -0.22601585 0.30667319 0.46662619 0.11600806
0.28209479 -0.077180946 -0.11880807 0.33860077 0.49057586 0.14999982
0.28209479 -3.9707774e-17 -6.1123948e-17 0.34998429 0.49911491 0.16211929
0.28209479 0.077180946 0.11880807 0.33860077 0.49057586 0.14999982
0.28209479 0.14682602 0.22601585 0.30667319 0.46662619 0.11600806
0.28209479 -0.20737208 -0.25098348 0.19152634 0.48362878 0.14598743
0.28209479 -0.13279475 -0.16072216 0.22563303 0.51616852 0.1925645
0.28209479 -0.045805884 -0.055439094 0.24446738 0.53413757 0.21828523
0.28209479 0.045805884 0.055439094 0.24446738 0.53413757 0.21828523
0.28209479 0.13279475 0.16072216 0.22563303 0.51616852 0.1925645
0.28209479 0.20737208 0.25098348 0.19152634 0.48362878 0.14598743
0.28209479 -0.26753062 -0.25777256 0.07934577 0.47305799 0.17259323
0.28209479 -0.19263327 -0.18560706 0.11094961 0.51093241 0.23014789
0.28209479 -0.10117695 -0.09748657 0.13246358 0.53671501 0.26932759
0.28209479 -6.9383889e-17 -6.6853143e-17 0.14012566 0.54589734 0.28328122
0.28209479 0.10117695 0.09748657 0.13246358 0.53671501 0.26932759
0.28209479 0.19263327 0.18560706 0.11094961 0.51093241 0.23014789
0.28209479 0.26753062 0.25777256 0.07934577 0.47305799 0.17259323
0.28209479 -0.32245076 -0.2487984 -0.021189416 0.44028209 0.19420327
0.28209479 -0.25080995 -0.19352138 0.0049809435 0.4794468 0.26007145
0.28209479 -0.15997275 -0.12343269 0.025177522 0.50967156 0.31090423
0.28209479 -0.055059758 -0.042483324 0.036261798 0.52625951 0.33880224
0.28209479 0.055059758 0.042483324 0.036261798 0.52625951 0.33880224
0.28209479 0.15997275 0.12343269 0.025177522 0.50967156 0.31090423
0.28209479 0.25080995 0.19352138 0.0049809435 0.4794468 0.26007145
0.28209479 0.32245076 0.2487984 -0.021189416 0.44028209 0.19420327
0.28209479 -0.36924451 -0.22820564 -0.10524692 0.39262265 0.21032968
0.28209479 -0.30297114 -0.18724646 -0.085488753 0.42953773 0.28146691
0.28209479 -0.21652204 -0.13381797 -0.068937277 0.46046159 0.34105878
0.28209479 -0.11314859 -0.069929669 -0.057810814 0.48124966 0.38111845
0.28209479 -9.6817575e-17 -5.9836549e-17 -0.053875331 0.4886025 0.39528775
0.28209479 0.11314859 0.069929669 -0.057810814 0.48124966 0.38111845
0.28209479 0.21652204 0.13381797 -0.068937277 0.46046159 0.34105878
0.28209479 0.30297114 0.18724646 -0.085488753 0.42953773 0.28146691
0.28209479 0.36924451 0.22820564 -0.10524692 0.39262265 0.21032968
0.28209479 -0.23105823 0.46674632 -0.050085581 -0.15165507 -0.31802437
0.28209479 -0.19972956 0.50382629 0.04223187 -0.16370309 -0.27490416
0.28209479 -0.16392702 0.51942243 0.14773267 -0.16877058 -0.22562619
0.28209479 -0.12587341 0.50727696 0.25986681 -0.16482428 -0.17324989
0.28209479 -0.088747629 0.46468861 0.36926687 -0.15098648 -0.12215063
0.28209479 -0.055943738 0.39412838 0.46593143 -0.12806007 -0.07699995
0.28209479 -0.030109045 0.3029004 0.54205958 -0.098418306 -0.041441546
0.28209479 -0.012483098 0.20085516 0.59399868 -0.065261798 -0.01718151
0.28209479 0.0082815284 0.16470754 0.60637961 0.053516723 -0.011398546
0.28209479 -0.0028525707 0.097501835 0.62237734 -0.031680267 -0.0039262267
0.28209479 0.032628156 0.23246294 0.56748405 0.14308948 -0.016461913
0.28209479 0.0055735545 0.27217236 0.56748405 0.020876473 -0.036118232
0.28209479 0.071633248 0.29451695 0.50287292 0.2298092 -0.017954147
0.28209479 0.038960898 0.33927944 0.51597546 0.11023857 -0.053625076
0.28209479 -0.0050604829 0.37334768 0.50287292 -0.012806828 -0.073675404
0.28209479 0.12435086 0.34369732 0.41383312 0.30465154 -0.015032183
0.28209479 0.088177434 0.39434147 0.43836514 0.19461915 -0.067574416
0.28209479 0.037018763 0.43342321 0.43836514 0.0743379 -0.10474337
0.28209479 -0.024130073 0.45712665 0.41383312 -0.044448061 -0.1229099
0.28209479 0.18697257 0.37394514 0.30667319 0.35914926 -0.0075503231
0.28209479 0.15060838 0.42985165 0.33860077 0.26458947 -0.075986578
0.28209479 0.095291327 0.47468649 0.34998429 0.15423499 -0.13115726
0.28209479 0.025726982 0.50327908 0.33860077 0.038603083 -0.16671822
0.28209479 -0.050596919 0.51363061 0.30667319 -0.070758422 -0.18015466
0.28209479 0.25357679 0.38240014 0.19152634 0.38814899 0.0037839394
0.28209479 0.22061979 0.44123956 0.22563303 0.31236071 -0.077733159
0.28209479 0.16536258 0.4908634 0.24446738 0.2177833 -0.14967244
0.28209479 0.091247099 0.52512664 0.24446738 0.11233187 -0.20352048
0.28209479 0.0057533646 0.54057132 0.22563303 0.0066489838 -0.23384275
0.28209479 -0.081958279 0.53751647 0.19152634 -0.089249966 -0.23999656
0.28209479 0.31788457 0.37024878 0.07934577 0.39133923 0.017619695
0.28209479 0.29112113 0.42856986 0.11094961 0.33440961 -0.072966556
0.28209479 0.24016066 0.4803213 0.13246358 0.2585693 -0.15842028
0.28209479 0.16650853 0.51917922 0.14012566 0.16869156 -0.22917932
0.28209479 0.07645291 0.54057131 0.13246358 0.073138821 -0.27736092
0.28209479 -0.020566057 0.54328134 0.11094961 -0.018636009 -0.29942055
0.28209479 -0.11498906 0.52956098 0.07934577 -0.098973315 -0.29688141
0.28209479 0.37501796 0.34185022 -0.021189416 0.37267599 0.032418057
0.28209479 0.35577568 0.3961796 0.0049809435 0.33220698 -0.062979833
0.28209479 0.31216559 0.44658366 0.025177522 0.27488864 -0.15749718
0.28209479 0.24368724 0.48737446 0.036261798 0.20302717 -0.24173346
0.28209479 0.15459868 0.5136306 0.036261798 0.12221909 -0.30646009
0.28209479 0.053324249 0.52286926 0.025177522 0.040105712 -0.34555642
0.28209479 -0.050043351 0.5157824 0.0049809435 -0.035892563 -0.35782462
0.28209479 -0.14671833 0.49561609 -0.021189416 -0.1005667 -0.34664554
0.28209479 0.42235376 0.30288691 -0.10524692 0.33836354 0.04687619
0.28209479 0.4105509 0.35065232 -0.085488753 0.31081642 -0.049629544
0.28209479 0.37563933 0.39657297 -0.068937277 0.26955891 -0.14865389
0.28209479 0.31555493 0.43608617 -0.057810814 0.21522139 -0.24182423
0.28209479 0.23234431 0.46468859 -0.053875331 0.15098648 -0.3197945
0.28209479 0.13247667 0.47930508 -0.057810814 0.082207256 -0.37483837
0.28209479 0.025299312 0.47927702 -0.068937277 0.015022003 -0.40319081
0.28209479 -0.079666705 0.46637699 -0.085488753 -0.045347504 -0.40579349
0.28209479 -0.1750964 0.44392575 -0.10524692 -0.095709392 -0.38719676
0.28209479 -0.013399794 0.10179486 0.60637961 -0.1401086 0.0043538571
0.28209479 -0.036072803 0.20792118 0.56748405 -0.17686832 -0.005860382
0.28209479 -0.025738864 0.10396059 0.56748405 -0.25240011 0.02594421
0.28209479 -0.068505698 0.30957228 0.50287292 -0.20908732 -0.027579757
0.28209479 -0.063040057 0.20968623 0.51597546 -0.28860833 0.020482956
0.28209479 -0.039211299 0.10319076 0.50287292 -0.35903227 0.062579131
0.28209479 -0.10943765 0.39594915 0.41383312 -0.23273307 -0.06093031
0.28209479 -0.11105629 0.30695202 0.43836514 -0.3149004 0.0028394552
0.28209479 -0.091515414 0.20463468 0.43836514 -0.3892383 0.062980081
0.28209479 -0.052722985 0.098987286 0.41383312 -0.44848849 0.1136195
0.28209479 -0.15570196 0.45712665 0.30667319 -0.24465973 -0.10379138
0.28209479 -0.16650853 0.38447101 0.33860077 -0.32705057 -0.02705095
0.28209479 -0.15418461 0.29337238 0.34998429 -0.40379244 0.050097615
0.28209479 -0.11880808 0.1922355 0.33860077 -0.46671784 0.11975593
0.28209479 -0.064958487 0.09142533 0.30667319 -0.5103573 0.17548831
0.28209479 -0.20292379 0.48731977 0.19152634 -0.24373951 -0.15210997
0.28209479 -0.22417556 0.43342321 0.22563303 -0.32311899 -0.066789609
0.28209479 -0.22175638 0.35880936 0.24446738 -0.39954009 0.023889861
0.28209479 -0.19344679 0.26910702 0.24446738 -0.46471265 0.11101783
0.28209479 -0.14210389 0.17336928 0.22563303 -0.51205923 0.18580102
0.28209479 -0.074760798 0.081219962 0.19152634 -0.5387883 0.24233516
0.28209479 -0.24681742 0.48659889 0.07934577 -0.23119704 -0.2011025
0.28209479 -0.27841061 0.45047781 0.11094961 -0.30425591 -0.11208552
0.28209479 -0.28741116 0.39434146 0.13246358 -0.3769104 -0.012998199
0.28209479 -0.26941645 0.32087041 0.14012566 -0.44164023 0.087538712
0.28209479 -0.22488036 0.23660488 0.13246358 -0.49151273 0.1794518
0.28209479 -0.15935669 0.15015927 0.11094961 -0.5224501 0.25432474
0.28209479 -0.081474409 0.069514127 0.07934577 -0.53422686 0.30777098
0.28209479 -0.28434105 0.46007346 -0.021189416 -0.20995566 -0.24665678
0.28209479 -0.32484719 0.43837384 0.0049809435 -0.27413159 -0.15816794
0.28209479 -0.34512179 0.39943657 0.025177522 -0.33978104 -0.056068433
0.28209479 -0.33923448 0.34369731 0.036261798 -0.40078181 0.05233071
0.28209479 -0.30520568 0.27495785 0.036261798 -0.45072396 0.15706059
0.28209479 -0.24625319 0.19971829 0.025177522 -0.48488487 0.24821781
0.28209479 -0.16983811 0.12524967 0.0049809435 -0.50162962 0.31890094
0.28209479 -0.085055518 0.057509182 -0.021189416 -0.50243573 0.366681
0.28209479 -0.31413824 0.41540005 -0.10524692 -0.18350249 -0.28617695
0.28209479 -0.36131417 0.40396151 -0.085488753 -0.23744262 -0.20116462
0.28209479 -0.39127516 0.37891355 -0.068937277 -0.29386502 -0.10053174
0.28209479 -0.39743002 0.33944574 -0.057810814 -0.34823553 0.010161376
0.28209479 -0.37594099 0.28719334 -0.053875331 -0.39528773 0.12215063
0.28209479 -0.32750035 0.22629716 -0.057810814 -0.43044278 0.22538278
0.28209479 -0.25745718 0.16239152 -0.068937277 -0.45117748 0.31131765
0.28209479 -0.17406771 0.10099038 -0.085488753 -0.45756403 0.37512074
0.28209479 -0.085932585 0.046155561 -0.10524692 -0.45177431 0.41616784
0.28209479 -0.23105823 0.46674632 -0.050085581 -0.15165507 -0.31802437
0.28209479 0.37386006 0.28846509 -0.050085581 0.39703814 0.1214745
0.28209479 -0.19972956 0.50382629 0.04223187 -0.16370309 -0.27490416
0.28209479 0.32316922 0.31138177 0.04223187 0.42858024 0.10500405
0.28209479 -0.16392702 0.51942243 0.14773267 -0.16877058 -0.22562619
0.28209479 0.2652395 0.32102072 0.14773267 0.44184711 0.086181537
0.28209479 -0.12587341 0.50727696 0.25986681 -0.16482428 -0.17324989
0.28209479 0.20366746 0.31351441 0.25986681 0.43151556 0.066175568
0.28209479 -0.088747629 0.46468861 0.36926687 -0.15098648 -0.12215063
0.28209479 0.14359668 0.28719335 0.36926687 0.39528774 0.04665739
0.28209479 -0.055943738 0.39412838 0.46593143 -0.12806007 -0.07699995
0.28209479 0.09051887 0.24358474 0.46593143 0.33526563 0.029411364
0.28209479 -0.030109045 0.3029004 0.54205958 -0.098418306 -0.041441546
0.28209479 0.048717459 0.18720274 0.54205958 0.25766247 0.015829262
0.28209479 -0.012483098 0.20085516 0.59399868 -0.065261798 -0.01718151
0.28209479 0.020198076 0.12413532 0.59399868 0.1708576 0.0065627528
0.28209479 -0.0028525707 0.097501835 0.62237734 -0.031680267 -0.0039262267
0.28209479 0.0082815284 0.16470754 0.60637961 0.053516723 -0.011398546
0.28209479 0.0046155563 0.060259448 0.62237734 0.082940015 0.0014996852
0.28209479 0.0055735545 0.27217236 0.56748405 0.020876473 -0.036118232
0.28209479 0.032628156 0.23246294 0.56748405 0.14308948 -0.016461913
0.28209479 -0.0050604829 0.37334768 0.50287292 -0.012806828 -0.073675404
0.28209479 0.038960898 0.33927944 0.51597546 0.11023857 -0.053625076
0.28209479 0.071633248 0.29451695 0.50287292 0.2298092 -0.017954147
0.28209479 -0.024130073 0.45712665 0.41383312 -0.044448061 -0.1229099
0.28209479 0.037018763 0.43342321 0.43836514 0.0743379 -0.10474337
0.28209479 0.088177434 0.39434147 0.43836514 0.19461915 -0.067574416
0.28209479 0.12435086 0.34369732 0.41383312 0.30465154 -0.015032183
0.28209479 -0.050596919 0.51363061 0.30667319 -0.070758422 -0.18015466
0.28209479 0.025726982 0.50327908 0.33860077 0.038603083 -0.16671822
0.28209479 0.095291327 0.47468649 0.34998429 0.15423499 -0.13115726
0.28209479 0.15060838 0.42985165 0.33860077 0.26458947 -0.075986578
0.28209479 0.18697257 0.37394514 0.30667319 0.35914926 -0.0075503231
0.28209479 -0.081958279 0.53751647 0.19152634 -0.089249966 -0.23999656
0.28209479 0.0057533646 0.54057132 0.22563303 0.0066489838 -0.23384275
0.28209479 0.091247099 0.52512664 0.24446738 0.11233187 -0.20352048
0.28209479 0.16536258 0.4908634 0.24446738 0.2177833 -0.14967244
0.28209479 0.22061979 0.44123956 0.22563303 0.31236071 -0.077733159
0.28209479 0.25357679 0.38240014 0.19152634 0.38814899 0.0037839394
0.28209479 -0.11498906 0.52956098 0.07934577 -0.098973315 -0.29688141
0.28209479 -0.020566057 0.54328134 0.11094961 -0.018636009 -0.29942055
0.28209479 0.07645291 0.54057131 0.13246358 0.073138821 -0.27736092
0.28209479 0.16650853 0.51917922 0.14012566 0.16869156 -0.22917932
0.28209479 0.24016066 0.4803213 0.13246358 0.2585693 -0.15842028
0.28209479 0.29112113 0.42856986 0.11094961 0.33440961 -0.072966556
0.28209479 0.31788457 0.37024878 0.07934577 0.39133923 0.017619695
0.28209479 -0.14671833 0.49561609 -0.021189416 -0.1005667 -0.34664554
0.28209479 -0.050043351 0.5157824 0.0049809435 -0.035892563 -0.35782462
0.28209479 0.053324249 0.52286926 0.025177522 0.040105712 -0.34555642
0.28209479 0.15459868 0.5136306 0.036261798 0.12221909 -0.30646009
0.28209479 0.24368724 0.48737446 0.036261798 0.20302717 -0.24173346
0.28209479 0.31216559 0.44658366 0.025177522 0.27488864 -0.15749718
0.28209479 0.35577568 0.3961796 0.0049809435 0.33220698 -0.062979833
0.28209479 0.37501796 0.34185022 -0.021189416 0.37267599 0.032418057
0.28209479 -0.1750964 0.44392575 -0.10524692 -0.095709392 -0.38719676
0.28209479 -0.079666705 0.46637699 -0.085488753 -0.045347504 -0.40579349
0.28209479 0.025299312 0.47927702 -0.068937277 0.015022003 -0.40319081
0.28209479 0.13247667 0.47930508 -0.057810814 0.082207256 -0.37483837
0.28209479 0.23234431 0.46468859 -0.053875331 0.15098648 -0.3197945
0.28209479 0.31555493 0.43608617 -0.057810814 0.21522139 -0.24182423
0.28209479 0.37563933 0.39657297 -0.068937277 0.26955891 -0.14865389
0.28209479 0.4105509 0.35065232 -0.085488753 0.31081642 -0.049629544
0.28209479 0.42235376 0.30288691 -0.10524692 0.33836354 0.04687619
0.28209479 -9.6281666e-17 6.0101517e-17 -0.050085581 -0.49076613 0.39309973
0.28209479 -8.3227053e-17 6.4876192e-17 0.04223187 -0.52975431 0.33980023
0.28209479 -6.830818e-17 6.688446e-17 0.14773267 -0.54615306 0.27888931
0.28209479 -5.2451289e-17 6.5320525e-17 0.25986681 -0.53338256 0.21414864
0.28209479 -3.6981023e-17 5.9836551e-17 0.36926687 -0.48860252 0.15098648
0.28209479 -2.3311684e-17 5.0750723e-17 0.46593143 -0.41441111 0.095177172
0.28209479 -1.25464e-17 3.9003571e-17 0.54205958 -0.31848833 0.051224567
0.28209479 -5.2016908e-18 2.5863513e-17 0.59399868 -0.21119161 0.021237514
0.28209479 -1.1886625e-18 1.2555017e-17 0.62237734 -0.1025195 0.0048530831
0.28209479 -0.013399794 0.10179486 0.60637961 -0.1401086 0.0043538571
0.28209479 -0.025738864 0.10396059 0.56748405 -0.25240011 0.02594421
0.28209479 -0.036072803 0.20792118 0.56748405 -0.17686832 -0.005860382
0.28209479 -0.039211299 0.10319076 0.50287292 -0.35903227 0.062579131
0.28209479 -0.063040057 0.20968623 0.51597546 -0.28860833 0.020482956
0.28209479 -0.068505698 0.30957228 0.50287292 -0.20908732 -0.027579757
0.28209479 -0.052722985 0.098987286 0.41383312 -0.44848849 0.1136195
0.28209479 -0.091515414 0.20463468 0.43836514 -0.3892383 0.062980081
0.28209479 -0.11105629 0.30695202 0.43836514 -0.3149004 0.0028394552
0.28209479 -0.10943765 0.39594915 0.41383312 -0.23273307 -0.06093031
0.28209479 -0.064958487 0.09142533 0.30667319 -0.5103573 0.17548831
0.28209479 -0.11880808 0.1922355 0.33860077 -0.46671784 0.11975593
0.28209479 -0.15418461 0.29337238 0.34998429 -0.40379244 0.050097615
0.28209479 -0.16650853 0.38447101 0.33860077 -0.32705057 -0.02705095
0.28209479 -0.15570196 0.45712665 0.30667319 -0.24465973 -0.10379138
0.28209479 -0.074760798 0.081219962 0.19152634 -0.5387883 0.24233516
0.28209479 -0.14210389 0.17336928 0.22563303 -0.51205923 0.18580102
0.28209479 -0.19344679 0.26910702 0.24446738 -0.46471265 0.11101783
0.28209479 -0.22175638 0.35880936 0.24446738 -0.39954009 0.023889861
0.28209479 -0.22417556 0.43342321 0.22563303 -0.32311899 -0.066789609
0.28209479 -0.20292379 0.48731977 0.19152634 -0.24373951 -0.15210997
0.28209479 -0.081474409 0.069514127 0.07934577 -0.53422686 0.30777098
0.28209479 -0.15935669 0.15015927 0.11094961 -0.5224501 0.25432474
0.28209479 -0.22488036 0.23660488 0.13246358 -0.49151273 0.1794518
0.28209479 -0.26941645 0.32087041 0.14012566 -0.44164023 0.087538712
0.28209479 -0.28741116 0.39434146 0.13246358 -0.3769104 -0.012998199
0.28209479 -0.27841061 0.45047781 0.11094961 -0.30425591 -0.11208552
0.28209479 -0.24681742 0.48659889 0.07934577 -0.23119704 -0.2011025
0.28209479 -0.085055518 0.057509182 -0.021189416 -0.50243573 0.366681
0.28209479 -0.16983811 0.12524967 0.0049809435 -0.50162962 0.31890094
0.28209479 -0.24625319 0.19971829 0.025177522 -0.48488487 0.24821781
0.28209479 -0.30520568 0.27495785 0.036261798 -0.45072396 0.15706059
0.28209479 -0.33923448 0.34369731 0.036261798 -0.40078181 0.05233071
0.28209479 -0.34512179 0.39943657 0.025177522 -0.33978104 -0.056068433
0.28209479 -0.32484719 0.43837384 0.0049809435 -0.27413159 -0.15816794
0.28209479 -0.28434105 0.46007346 -0.021189416 -0.20995566 -0.24665678
0.28209479 -0.085932585 0.046155561 -0.10524692 -0.45177431 0.41616784
0.28209479 -0.17406771 0.10099038 -0.085488753 -0.45756403 0.37512074
0.28209479 -0.25745718 0.16239152 -0.068937277 -0.45117748 0.31131765
0.28209479 -0.32750035 0.22629716 -0.057810814 -0.43044278 0.22538278
0.28209479 -0.37594099 0.28719334 -0.053875331 -0.39528773 0.12215063
0.28209479 -0.39743002 0.33944574 -0.057810814 -0.34823553 0.010161376
0.28209479 -0.39127516 0.37891355 -0.068937277 -0.29386502 -0.10053174
0.28209479 -0.36131417 0.40396151 -0.085488753 -0.23744262 -0.20116462
0.28209479 -0.31413824 0.41540005 -0.10524692 -0.18350249 -0.28617695
0.28209479 0.23105823 -0.46674632 -0.050085581 -0.15165507 -0.31802437
0.28209479 0.19972956 -0.50382629 0.04223187 -0.16370309 -0.27490416
0.28209479 0.16392702 -0.51942243 0.14773267 -0.16877058 -0.22562619
0.28209479 0.12587341 -0.50727696 0.25986681 -0.16482428 -0.17324989
0.28209479 0.088747629 -0.46468861 0.36926687 -0.15098648 -0.12215063
0.28209479 0.055943738 -0.39412838 0.46593143 -0.12806007 -0.07699995
0.28209479 0.030109045 -0.3029004 0.54205958 -0.098418306 -0.041441546
0.28209479 0.012483098 -0.20085516 0.59399868 -0.065261798 -0.01718151
0.28209479 0.0028525707 -0.097501835 0.62237734 -0.031680267 -0.0039262267
0.28209479 0.013399794 -0.10179486 0.60637961 -0.1401086 0.0043538571
0.28209479 0.036072803 -0.20792118 0.56748405 -0.17686832 -0.005860382
0.28209479 0.025738864 -0.10396059 0.56748405 -0.25240011 0.02594421
0.28209479 0.068505698 -0.30957228 0.50287292 -0.20908732 -0.027579757
0.28209479 0.063040057 -0.20968623 0.51597546 -0.28860833 0.020482956
0.28209479 0.039211299 -0.10319076 0.50287292 -0.35903227 0.062579131
0.28209479 0.10943765 -0.39594915 0.41383312 -0.23273307 -0.06093031
0.28209479 0.11105629 -0.30695202 0.43836514 -0.3149004 0.0028394552
0.28209479 0.091515414 -0.20463468 0.43836514 -0.3892383 0.062980081
0.28209479 0.052722985 -0.098987286 0.41383312 -0.44848849 0.1136195
0.28209479 0.15570196 -0.45712665 0.30667319 -0.24465973 -0.10379138
0.28209479 0.16650853 -0.38447101 0.33860077 -0.32705057 -0.02705095
0.28209479 0.15418461 -0.29337238 0.34998429 -0.40379244 0.050097615
0.28209479 0.11880808 -0.1922355 0.33860077 -0.46671784 0.11975593
0.28209479 0.064958487 -0.09142533 0.30667319 -0.5103573 0.17548831
0.28209479 0.20292379 -0.48731977 0.19152634 -0.24373951 -0.15210997
0.28209479 0.22417556 -0.43342321 0.22563303 -0.32311899 -0.066789609
0.28209479 0.22175638 -0.35880936 0.24446738 -0.39954009 0.023889861
0.28209479 0.19344679 -0.26910702 0.24446738 -0.46471265 0.11101783
0.28209479 0.14210389 -0.17336928 0.22563303 -0.51205923 0.18580102
0.28209479 0.074760798 -0.081219962 0.19152634 -0.5387883 0.24233516
0.28209479 0.24681742 -0.48659889 0.07934577 -0.23119704 -0.2011025
0.28209479 0.27841061 -0.45047781 0.11094961 -0.30425591 -0.11208552
0.28209479 0.28741116 -0.39434146 0.13246358 -0.3769104 -0.012998199
0.28209479 0.26941645 -0.32087041 0.14012566 -0.44164023 0.087538712
0.28209479 0.22488036 -0.23660488 0.13246358 -0.49151273 0.1794518
0.28209479 0.15935669 -0.15015927 0.11094961 -0.5224501 0.25432474
0.28209479 0.081474409 -0.069514127 0.07934577 -0.53422686 0.30777098
0.28209479 0.28434105 -0.46007346 -0.021189416 -0.20995566 -0.24665678
0.28209479 0.32484719 -0.43837384 0.0049809435 -0.27413159 -0.15816794
0.28209479 0.34512179 -0.39943657 0.025177522 -0.33978104 -0.056068433
0.28209479 0.33923448 -0.34369731 0.036261798 -0.40078181 0.05233071
0.28209479 0.30520568 -0.27495785 0.036261798 -0.45072396 0.15706059
0.28209479 0.24625319 -0.19971829 0.025177522 -0.48488487 0.24821781
0.28209479 0.16983811 -0.12524967 0.0049809435 -0.50162962 0.31890094
0.28209479 0.085055518 -0.057509182 -0.021189416 -0.50243573 0.366681
0.28209479 0.31413824 -0.41540005 -0.10524692 -0.18350249 -0.28617695
0.28209479 0.36131417 -0.40396151 -0.085488753 -0.23744262 -0.20116462
0.28209479 0.39127516 -0.37891355 -0.068937277 -0.29386502 -0.10053174
0.28209479 0.39743002 -0.33944574 -0.057810814 -0.34823553 0.010161376
0.28209479 0.37594099 -0.28719334 -0.053875331 -0.39528773 0.12215063
0.28209479 0.32750035 -0.22629716 -0.057810814 -0.43044278 0.22538278
0.28209479 0.25745718 -0.16239152 -0.068937277 -0.45117748 0.31131765
0.28209479 0.17406771 -0.10099038 -0.085488753 -0.45756403 0.37512074
0.28209479 0.085932585 -0.046155561 -0.10524692 -0.45177431 0.41616784
0.28209479 -0.37386006 -0.28846509 -0.050085581 0.39703814 0.1214745
0.28209479 -0.32316922 -0.31138177 0.04223187 0.42858024 0.10500405
0.28209479 -0.2652395 -0.32102072 0.14773267 0.44184711 0.086181537
0.28209479 -0.20366746 -0.31351441 0.25986681 0.43151556 0.066175568
0.28209479 -0.14359668 -0.28719335 0.36926687 0.39528774 0.04665739
0.28209479 -0.09051887 -0.24358474 0.46593143 0.33526563 0.029411364
0.28209479 -0.048717459 -0.18720274 0.54205958 0.25766247 0.015829262
0.28209479 -0.020198076 -0.12413532 0.59399868 0.1708576 0.0065627528
0.28209479 -0.0046155563 -0.060259448 0.62237734 0.082940015 0.0014996852
0.28209479 -0.0082815284 -0.16470754 0.60637961 0.053516723 -0.011398546
0.28209479 -0.032628156 -0.23246294 0.56748405 0.14308948 -0.016461913
0.28209479 -0.0055735545 -0.27217236 0.56748405 0.020876473 -0.036118232
0.28209479 -0.071633248 -0.29451695 0.50287292 0.2298092 -0.017954147
0.28209479 -0.038960898 -0.33927944 0.51597546 0.11023857 -0.053625076
0.28209479 0.0050604829 -0.37334768 0.50287292 -0.012806828 -0.073675404
0.28209479 -0.12435086 -0.34369732 0.41383312 0.30465154 -0.015032183
0.28209479 -0.088177434 -0.39434147 0.43836514 0.19461915 -0.067574416
0.28209479 -0.037018763 -0.43342321 0.43836514 0.0743379 -0.10474337
0.28209479 0.024130073 -0.45712665 0.41383312 -0.044448061 -0.1229099
0.28209479 -0.18697257 -0.37394514 0.30667319 0.35914926 -0.0075503231
0.28209479 -0.15060838 -0.42985165 0.33860077 0.26458947 -0.075986578
0.28209479 -0.095291327 -0.47468649 0.34998429 0.15423499 -0.13115726
0.28209479 -0.025726982 -0.50327908 0.33860077 0.038603083 -0.16671822
0.28209479 0.050596919 -0.51363061 0.30667319 -0.070758422 -0.18015466
0.28209479 -0.25357679 -0.38240014 0.19152634 0.38814899 0.0037839394
0.28209479 -0.22061979 -0.44123956 0.22563303 0.31236071 -0.077733159
0.28209479 -0.16536258 -0.4908634 0.24446738 0.2177833 -0.14967244
0.28209479 -0.091247099 -0.52512664 0.24446738 0.11233187 -0.20352048
0.28209479 -0.0057533646 -0.54057132 0.22563303 0.0066489838 -0.23384275
0.28209479 0.081958279 -0.53751647 0.19152634 -0.089249966 -0.23999656
0.28209479 -0.31788457 -0.37024878 0.07934577 0.39133923 0.017619695
0.28209479 -0.29112113 -0.42856986 0.11094961 0.33440961 -0.072966556
0.28209479 -0.24016066 -0.4803213 0.13246358 0.2585693 -0.15842028
0.28209479 -0.16650853 -0.51917922 0.14012566 0.16869156 -0.22917932
0.28209479 -0.07645291 -0.54057131 0.13246358 0.073138821 -0.27736092
0.28209479 0.020566057 -0.54328134 0.11094961 -0.018636009 -0.29942055
0.28209479 0.11498906 -0.52956098 0.07934577 -0.098973315 -0.29688141
0.28209479 -0.37501796 -0.34185022 -0.021189416 0.37267599 0.032418057
0.28209479 -0.35577568 -0.3961796 0.0049809435 0.33220698 -0.062979833
0.28209479 -0.31216559 -0.44658366 0.025177522 0.27488864 -0.15749718
0.28209479 -0.24368724 -0.48737446 0.036261798 0.20302717 -0.24173346
0.28209479 -0.15459868 -0.5136306 0.036261798 0.12221909 -0.30646009
0.28209479 -0.053324249 -0.52286926 0.025177522 0.040105712 -0.34555642
0.28209479 0.050043351 -0.5157824 0.0049809435 -0.035892563 -0.35782462
0.28209479 0.14671833 -0.49561609 -0.021189416 -0.1005667 -0.34664554
0.28209479 -0.42235376 -0.30288691 -0.10524692 0.33836354 0.04687619
0.28209479 -0.4105509 -0.35065232 -0.085488753 0.31081642 -0.049629544
0.28209479 -0.37563933 -0.39657297 -0.068937277 0.26955891 -0.14865389
0.28209479 -0.31555493 -0.43608617 -0.057810814 0.21522139 -0.24182423
0.28209479 -0.23234431 -0.46468859 -0.053875331 0.15098648 -0.3197945
0.28209479 -0.13247667 -0.47930508 -0.057810814 0.082207256 -0.37483837
0.28209479 -0.025299312 -0.47927702 -0.068937277 0.015022003 -0.40319081
0.28209479 0.079666705 -0.46637699 -0.085488753 -0.045347504 -0.40579349
0.28209479 0.1750964 -0.44392575 -0.10524692 -0.095709392 -0.38719676
0.28209479 -6.9018045e-18 -4.2417786e-17 0.60637961 0.17318375 0.014089378
0.28209479 0.016720664 0.064251178 0.56748405 0.26530248 0.032496316
0.28209479 -0.016720664 -0.064251178 0.56748405 0.26530248 0.032496316
0.28209479 0.047399332 0.1275508 0.50287292 0.35111722 0.056630176
0.28209479 0 0 0.51597546 0.35673951 0.066284239
0.28209479 -0.047399332 -0.1275508 0.50287292 0.35111722 0.056630176
0.28209479 0.091766263 0.18353252 0.41383312 0.42101808 0.085252893
0.28209479 0.031617798 0.063235594 0.43836514 0.43518164 0.10649825
0.28209479 -0.031617798 -0.063235594 0.43836514 0.43518164 0.10649825
0.28209479 -0.091766263 -0.18353252 0.41383312 0.42101808 0.085252893
0.28209479 0.14682602 0.22601585 0.30667319 0.46662619 0.11600806
0.28209479 0.077180946 0.11880807 0.33860077 0.49057586 0.14999982
0.28209479 -7.9415547e-17 -1.222479e-16 0.34998429 0.49911491 0.16211929
0.28209479 -0.077180946 -0.11880807 0.33860077 0.49057586 0.14999982
0.28209479 -0.14682602 -0.22601585 0.30667319 0.46662619 0.11600806
0.28209479 0.20737208 0.25098348 0.19152634 0.48362878 0.14598743
0.28209479 0.13279475 0.16072216 0.22563303 0.51616852 0.1925645
0.28209479 0.045805884 0.055439094 0.24446738 0.53413757 0.21828523
0.28209479 -0.045805884 -0.055439094 0.24446738 0.53413757 0.21828523
0.28209479 -0.13279475 -0.16072216 0.22563303 0.51616852 0.1925645
0.28209479 -0.20737208 -0.25098348 0.19152634 0.48362878 0.14598743
0.28209479 0.26753062 0.25777256 0.07934577 0.47305799 0.17259323
0.28209479 0.19263327 0.18560706 0.11094961 0.51093241 0.23014789
0.28209479 0.10117695 0.09748657 0.13246358 0.53671501 0.26932759
0.28209479 -1.3876778e-16 -1.3370629e-16 0.14012566 0.54589734 0.28328122
0.28209479 -0.10117695 -0.09748657 0.13246358 0.53671501 0.26932759
0.28209479 -0.19263327 -0.18560706 0.11094961 0.51093241 0.23014789
0.28209479 -0.26753062 -0.25777256 0.07934577 0.47305799 0.17259323
0.28209479 0.32245076 0.2487984 -0.021189416 0.44028209 0.19420327
0.28209479 0.25080995 0.19352138 0.0049809435 0.4794468 0.26007145
0.28209479 0.15997275 0.12343269 0.025177522 0.50967156 0.31090423
0.28209479 0.055059758 0.042483324 0.036261798 0.52625951 0.33880224
0.28209479 -0.055059758 -0.042483324 0.036261798 0.52625951 0.33880224
0.28209479 -0.15997275 -0.12343269 0.025177522 0.50967156 0.31090423
0.28209479 -0.25080995 -0.19352138 0.0049809435 0.4794468 0.26007145
0.28209479 -0.32245076 -0.2487984 -0.021189416 0.44028209 0.19420327
0.28209479 0.36924451 0.22820564 -0.10524692 0.39262265 0.21032968
0.28209479 0.30297114 0.18724646 -0.085488753 0.42953773 0.28146691
0.28209479 0.21652204 0.13381797 -0.068937277 0.46046159 0.34105878
0.28209479 0.11314859 0.069929669 -0.057810814 0.48124966 0.38111845
0.28209479 -1.9363515e-16 -1.196731e-16 -0.053875331 0.4886025 0.39528775
0.28209479 -0.11314859 -0.069929669 -0.057810814 0.48124966 0.38111845
0.28209479 -0.21652204 -0.13381797 -0.068937277 0.46046159 0.34105878
0.28209479 -0.30297114 -0.18724646 -0.085488753 0.42953773 0.28146691
0.28209479 -0.36924451 -0.22820564 -0.10524692 0.39262265 0.21032968
0.28209479 0.42520633 0.20538508 -0.180899 0.32151297 0.19699966
0.28209479 0.423034 0.14979716 -0.23262655 0.26989064 0.26369363
0.28209479 0.40574836 0.093672578 -0.27595888 0.19722866 0.33079997
0.28209479 0.37149866 0.0419578 -0.30508834 0.10533854 0.39235258
0.28209479 0.32109193 -2.067302e-17 -0.31539157 -6.3625012e-17 0.44194512
0.28209479 0.25835008 -0.027971867 -0.30508834 -0.10988285 0.47455984
0.28209479 0.18922633 -0.040145391 -0.27595888 -0.2146207 0.48811244
0.28209479 0.12006286 -0.03744929 -0.23262655 -0.30639468 0.48381505
0.28209479 0.055961828 -0.022820564 -0.180899 -0.38083178 0.4652715
0.28209479 0.15102251 -0.066252223 -0.16625055 -0.39256149 0.43467969
0.28209479 0.22251293 -0.074777075 -0.22403726 -0.31389555 0.44052313
0.28209479 0.24593093 -0.11673403 -0.15298391 -0.39508588 0.37984414
0.28209479 0.29545933 -0.067641258 -0.27223007 -0.21769671 0.42955178
0.28209479 0.3208846 -0.11688269 -0.21672317 -0.31278516 0.36939868
0.28209479 0.3316692 -0.17149238 -0.14274559 -0.38555483 0.29907262
0.28209479 0.36302361 -0.042483322 -0.30425 -0.10993394 0.3995533
0.28209479 0.39214387 -0.097486566 -0.26932606 -0.21396655 0.34101129
0.28209479 0.4042208 -0.16072216 -0.21174418 -0.30100287 0.27059742
0.28209479 0.39807521 -0.22601584 -0.13712659 -0.36254478 0.19518684
0.28209479 0.41808337 -2.8239474e-17 -0.31539157 -6.0646913e-17 0.35159894
0.28209479 0.45182511 -0.057527276 -0.30367816 -0.10623045 0.29483335
0.28209479 0.46718808 -0.12705509 -0.26772241 -0.20239813 0.22547588
0.28209479 0.46165195 -0.20206232 -0.20997094 -0.27811493 0.14999981
0.28209479 0.43677756 -0.27495784 -0.13712659 -0.32698633 0.076073267
0.28209479 0.45543207 0.055791426 -0.30460119 0.10170961 0.29022331
0.28209479 0.49332082 -3.5729953e-17 -0.31539157 -5.6558698e-17 0.23462755
0.28209479 0.51299396 -0.071616 -0.30347428 -0.098570968 0.16668184
0.28209479 0.51049449 -0.15322988 -0.26772241 -0.18338104 0.092192445
0.28209479 0.48607467 -0.23660487 -0.21174418 -0.24587086 0.018677109
0.28209479 0.4441165 -0.31369037 -0.14274559 -0.28224194 -0.047004565
0.28209479 0.47332288 0.1187443 -0.27478965 0.18687903 0.22207988
0.28209479 0.51351786 0.06872437 -0.30442841 0.09459098 0.16685207
0.28209479 0.53701554 -4.2749356e-17 -0.31539157 -5.1458804e-17 0.10014903
0.28209479 0.53883289 -0.083254256 -0.30367816 -0.087538705 0.027050949
0.28209479 0.51769246 -0.17336927 -0.26932606 -0.15883453 -0.045387545
0.28209479 0.47672819 -0.26135763 -0.21672317 -0.20781797 -0.11023857
0.28209479 0.42222908 -0.3396762 -0.15298391 -0.23310891 -0.16274579
0.28209479 0.47347326 0.18254618 -0.23149975 0.25125326 0.15384079
0.28209479 0.51346153 0.14103852 -0.27478965 0.17068134 0.098545807
0.28209479 0.53904127 0.07949109 -0.30460119 0.084490798 0.032900663
0.28209479 0.54490122 -4.8952164e-17 -0.31539157 -4.5598263e-17 -0.038706277
0.28209479 0.52854381 -0.091425325 -0.30425 -0.074375497 -0.10986549
0.28209479 0.49151582 -0.18613958 -0.27223007 -0.13160264 -0.17384805
0.28209479 0.43894974 -0.27542502 -0.22403726 -0.16811628 -0.22560088
0.28209479 0.37767809 -0.3528751 -0.16625055 -0.18431778 -0.26289445
0.28209479 0.45979264 0.24230953 -0.180899 0.29468579 0.090553938
0.28209479 0.49723692 0.21039139 -0.23262655 0.22586636 0.035320512
0.28209479 0.52269667 0.15862918 -0.27595888 0.15003492 -0.029129897
0.28209479 0.53116779 0.087217231 -0.30508834 0.072455638 -0.09905847
0.28209479 0.51953765 -5.4122668e-17 -0.31539157 -3.932242e-17 -0.16880802
0.28209479 0.48794888 -0.095861014 -0.30508834 -0.060558493 -0.23207261
0.28209479 0.43999261 -0.19171081 -0.27595888 -0.10450198 -0.28366681
0.28209479 0.38151224 -0.27982619 -0.23262655 -0.13029755 -0.32084342
0.28209479 0.31875379 -0.3551406 -0.180899 -0.13938714 -0.34351901
0.28209479 -0.22820565 0.36924448 -0.180899 -0.095979845 -0.40930608
0.28209479 -0.18724646 0.30297112 -0.23262655 -0.059064771 -0.46198578
0.28209479 -0.13381798 0.21652202 -0.27595888 -0.028140908 -0.50611571
0.28209479 -0.069929671 0.11314858 -0.30508834 -0.0073528403 -0.53578134
0.28209479 6.6899297e-17 -6.6899297e-17 -0.31539157 -4.0964005e-33 -0.54627422
0.28209479 0.069929671 -0.11314858 -0.30508834 -0.0073528403 -0.53578134
0.28209479 0.13381798 -0.21652202 -0.27595888 -0.028140908 -0.50611571
0.28209479 0.18724646 -0.30297112 -0.23262655 -0.059064771 -0.46198578
0.28209479 0.22820565 -0.36924448 -0.180899 -0.095979845 -0.40930608
0.28209479 0.13331853 -0.39382123 -0.16625055 -0.058298564 -0.44043206
0.28209479 0.078916256 -0.3216398 -0.22403726 -0.025881835 -0.48718052
0.28209479 0.024304486 -0.4118218 -0.15298391 -0.011067588 -0.45185494
0.28209479 0.013452581 -0.22794418 -0.27223007 -0.0029413246 -0.52118133
0.28209479 -0.042473999 -0.3335951 -0.21672317 0.014506109 -0.48746104
0.28209479 -0.092535547 -0.41967849 -0.14274559 0.043955955 -0.4369051
0.28209479 -0.058840734 -0.11768146 -0.30425 0.0064325834 -0.53662534
0.28209479 -0.11680965 -0.23361929 -0.26932606 0.026595934 -0.50638032
0.28209479 -0.16796832 -0.33593662 -0.21174418 0.059840852 -0.45651294
0.28209479 -0.20732167 -0.41464331 -0.13712659 0.10292134 -0.39189221
0.28209479 -0.13157188 -6.6405119e-17 -0.31539157 8.1164092e-18 -0.53019276
0.28209479 -0.1922355 -0.11880807 -0.30367816 0.021884676 -0.50410133
0.28209479 -0.2454317 -0.23175425 -0.26772241 0.058292111 -0.45702008
0.28209479 -0.2853166 -0.32694371 -0.20997094 0.10623045 -0.3927046
0.28209479 -0.30864573 -0.39594913 -0.13712659 0.16045611 -0.31827597
0.28209479 -0.1978633 0.11397209 -0.30460119 -0.021630801 -0.50249185
0.28209479 -0.26119431 -6.4831681e-17 -0.31539157 1.6503606e-17 -0.47978438
0.28209479 -0.3170477 -0.11587712 -0.30347428 0.037650759 -0.43637872
0.28209479 -0.35880936 -0.22175637 -0.26772241 0.08906242 -0.37464639
0.28209479 -0.38226454 -0.30695201 -0.21174418 0.14904633 -0.30081762
0.28209479 -0.38692638 -0.3653637 -0.14274559 0.21111972 -0.22301763
0.28209479 -0.25239097 0.21442653 -0.27478965 -0.055183743 -0.45787861
0.28209479 -0.31737149 0.11119837 -0.30442841 -0.03613054 -0.43682439
0.28209479 -0.37558858 -6.2150508e-17 -0.31539157 2.4755409e-17 -0.39667208
0.28209479 -0.42002482 -0.10898124 -0.30367816 0.052128555 -0.3386027
0.28209479 -0.44550013 -0.20463467 -0.26932606 0.11580141 -0.2675727
0.28209479 -0.45047781 -0.27841058 -0.21672317 0.18434659 -0.19102892
0.28209479 -0.43725008 -0.32666547 -0.15298391 0.25101665 -0.11651591
0.28209479 -0.29262257 0.29536592 -0.23149975 -0.095970204 -0.40276041
0.28209479 -0.35747533 0.2059109 -0.27478965 -0.081392166 -0.38153035
0.28209479 -0.41675502 0.10491962 -0.30460119 -0.049491427 -0.3434577
0.28209479 -0.46358533 -5.8493575e-17 -0.31539157 3.2465637e-17 -0.28897087
0.28209479 -0.49217824 -0.09898728 -0.30425 0.063967358 -0.22178721
0.28209479 -0.49982997 -0.18268185 -0.27223007 0.13636181 -0.14825972
0.28209479 -0.48772267 -0.2449991 -0.22403726 0.20999397 -0.075493241
0.28209479 -0.46007347 -0.28434103 -0.16625055 0.27864684 -0.0093075338
0.28209479 -0.31875379 0.3551406 -0.180899 -0.13938714 -0.34351901
0.28209479 -0.38151224 0.27982619 -0.23262655 -0.13029755 -0.32084342
0.28209479 -0.43999261 0.19171081 -0.27595888 -0.10450198 -0.28366681
0.28209479 -0.48794888 0.095861014 -0.30508834 -0.060558493 -0.23207261
0.28209479 -0.51953765 -5.4122668e-17 -0.31539157 3.932242e-17 -0.16880802
0.28209479 -0.53116779 -0.087217231 -0.30508834 0.072455638 -0.09905847
0.28209479 -0.52269667 -0.15862918 -0.27595888 0.15003492 -0.029129897
0.28209479 -0.49723692 -0.21039139 -0.23262655 0.22586636 0.035320512
0.28209479 -0.45979264 -0.24230953 -0.180899 0.29468579 0.090553938
0.28209479 -0.055961828 0.022820564 -0.180899 -0.38083178 0.4652715
0.28209479 -0.12006286 0.03744929 -0.23262655 -0.30639468 0.48381505
0.28209479 -0.18922633 0.040145391 -0.27595888 -0.2146207 0.48811244
0.28209479 -0.25835008 0.027971867 -0.30508834 -0.10988285 0.47455984
0.28209479 -0.32109193 -2.067302e-17 -0.31539157 6.3625012e-17 0.44194512
0.28209479 -0.37149866 -0.0419578 -0.30508834 0.10533854 0.39235258
0.28209479 -0.40574836 -0.093672578 -0.27595888 0.19722866 0.33079997
0.28209479 -0.423034 -0.14979716 -0.23262655 0.26989064 0.26369363
0.28209479 -0.42520633 -0.20538508 -0.180899 0.32151297 0.19699966
0.28209479 -0.36673643 -0.17714268 -0.16625055 0.356531 0.27795436
0.28209479 -0.35020212 -0.12400725 -0.22403726 0.2978997 0.34775151
0.28209479 -0.28525641 -0.13778584 -0.15298391 0.38824573 0.35127251
0.28209479 -0.31722606 -0.07323599 -0.27223007 0.21587888 0.41373732
0.28209479 -0.25216022 -0.089290427 -0.21672317 0.32175043 0.41932986
0.28209479 -0.18194354 -0.08788319 -0.14274559 0.4127211 0.40785468
0.28209479 -0.26781731 -0.030247821 -0.30425 0.1139095 0.46872474
0.28209479 -0.20314189 -0.046898093 -0.26932606 0.23040374 0.47832927
0.28209479 -0.13244235 -0.046898093 -0.21174418 0.33798655 0.46805603
0.28209479 -0.062621713 -0.030247822 -0.13712659 0.42615366 0.43890808
0.28209479 -0.2051956 -1.2801146e-17 -0.31539157 6.566313e-17 0.50627096
0.28209479 -0.14078154 -0.015900148 -0.30367816 0.11975592 0.52081973
0.28209479 -0.070071247 -0.016176909 -0.26772241 0.23842464 0.51399814
0.28209479 -1.1889106e-16 -4.2099556e-17 -0.20997094 0.34376896 0.48540959
0.28209479 0.062621713 0.030247822 -0.13712659 0.42615366 0.43890808
0.28209479 -0.13528252 0.014647198 -0.30460119 -0.11507818 0.52282558
0.28209479 -0.070699543 -4.3382295e-18 -0.31539157 6.6758488e-17 0.54167988
0.28209479 -1.3211337e-16 -1.4921148e-17 -0.30347428 0.12184042 0.53939377
0.28209479 0.070071247 0.016176909 -0.26772241 0.23842464 0.51399814
0.28209479 0.13244235 0.046898093 -0.21174418 0.33798655 0.46805603
0.28209479 0.18194354 0.08788319 -0.14274559 0.4127211 0.40785468
0.28209479 -0.064945708 0.013778583 -0.27478965 -0.22098446 0.51878327
0.28209479 -1.3224829e-16 1.4318678e-17 -0.30442841 -0.11692088 0.53994463
0.28209479 0.070699543 4.3382295e-18 -0.31539157 6.6758488e-17 0.54167988
0.28209479 0.14078154 0.015900148 -0.30367816 0.11975592 0.52081973
0.28209479 0.20314189 0.046898093 -0.26932606 0.23040374 0.47832927
0.28209479 0.25216022 0.089290427 -0.21672317 0.32175043 0.41932986
0.28209479 0.28525641 0.13778584 -0.15298391 0.38824573 0.35127251
0.28209479 -1.2193545e-16 3.8033379e-17 -0.23149975 -0.3105661 0.49783925
0.28209479 0.064945708 -0.013778583 -0.27478965 -0.22098446 0.51878327
0.28209479 0.13528252 -0.014647198 -0.30460119 -0.11507818 0.52282558
0.28209479 0.2051956 1.2801146e-17 -0.31539157 6.566313e-17 0.50627096
0.28209479 0.26781731 0.030247821 -0.30425 0.1139095 0.46872474
0.28209479 0.31722606 0.07323599 -0.27223007 0.21587888 0.41373732
0.28209479 0.35020212 0.12400725 -0.22403726 0.2978997 0.34775151
0.28209479 0.36673643 0.17714268 -0.16625055 0.356531 0.27795436
0.28209479 0.055961828 -0.022820564 -0.180899 -0.38083178 0.4652715
0.28209479 0.12006286 -0.03744929 -0.23262655 -0.30639468 0.48381505
0.28209479 0.18922633 -0.040145391 -0.27595888 -0.2146207 0.48811244
0.28209479 0.25835008 -0.027971867 -0.30508834 -0.10988285 0.47455984
0.28209479 0.32109193 2.067302e-17 -0.31539157 6.3625012e-17 0.44194512
0.28209479 0.37149866 0.0419578 -0.30508834 0.10533854 0.39235258
0.28209479 0.40574836 0.093672578 -0.27595888 0.19722866 0.33079997
0.28209479 0.423034 0.14979716 -0.23262655 0.26989064 0.26369363
0.28209479 0.42520633 0.20538508 -0.180899 0.32151297 0.19699966
0.28209479 0.31875379 -0.3551406 -0.180899 -0.13938714 -0.34351901
0.28209479 0.38151224 -0.27982619 -0.23262655 -0.13029755 -0.32084342
0.28209479 0.43999261 -0.19171081 -0.27595888 -0.10450198 -0.28366681
0.28209479 0.48794888 -0.095861014 -0.30508834 -0.060558493 -0.23207261
0.28209479 0.51953765 5.4122668e-17 -0.31539157 3.932242e-17 -0.16880802
0.28209479 0.53116779 0.087217231 -0.30508834 0.072455638 -0.09905847
0.28209479 0.52269667 0.15862918 -0.27595888 0.15003492 -0.029129897
0.28209479 0.49723692 0.21039139 -0.23262655 0.22586636 0.035320512
0.28209479 0.45979264 0.24230953 -0.180899 0.29468579 0.090553938
0.28209479 0.46007347 0.28434103 -0.16625055 0.27864684 -0.0093075338
0.28209479 0.48772267 0.2449991 -0.22403726 0.20999397 -0.075493241
0.28209479 0.43725008 0.32666547 -0.15298391 0.25101665 -0.11651591
0.28209479 0.49982997 0.18268185 -0.27223007 0.13636181 -0.14825972
0.28209479 0.45047781 0.27841058 -0.21672317 0.18434659 -0.19102892
0.28209479 0.38692638 0.3653637 -0.14274559 0.21111972 -0.22301763
0.28209479 0.49217824 0.09898728 -0.30425 0.063967358 -0.22178721
0.28209479 0.44550013 0.20463467 -0.26932606 0.11580141 -0.2675727
0.28209479 0.38226454 0.30695201 -0.21174418 0.14904633 -0.30081762
0.28209479 0.30864573 0.39594913 -0.13712659 0.16045611 -0.31827597
0.28209479 0.46358533 5.8493575e-17 -0.31539157 3.2465637e-17 -0.28897087
0.28209479 0.42002482 0.10898124 -0.30367816 0.052128555 -0.3386027
0.28209479 0.35880936 0.22175637 -0.26772241 0.08906242 -0.37464639
0.28209479 0.2853166 0.32694371 -0.20997094 0.10623045 -0.3927046
0.28209479 0.20732167 0.41464331 -0.13712659 0.10292134 -0.39189221
0.28209479 0.41675502 -0.10491962 -0.30460119 -0.049491427 -0.3434577
0.28209479 0.37558858 6.2150508e-17 -0.31539157 2.4755409e-17 -0.39667208
0.28209479 0.3170477 0.11587712 -0.30347428 0.037650759 -0.43637872
0.28209479 0.2454317 0.23175425 -0.26772241 0.058292111 -0.45702008
0.28209479 0.16796832 0.33593662 -0.21174418 0.059840852 -0.45651294
0.28209479 0.092535547 0.41967849 -0.14274559 0.043955955 -0.4369051
0.28209479 0.35747533 -0.2059109 -0.27478965 -0.081392166 -0.38153035
0.28209479 0.31737149 -0.11119837 -0.30442841 -0.03613054 -0.43682439
0.28209479 0.26119431 6.4831681e-17 -0.31539157 1.6503606e-17 -0.47978438
0.28209479 0.1922355 0.11880807 -0.30367816 0.021884676 -0.50410133
0.28209479 0.11680965 0.23361929 -0.26932606 0.026595934 -0.50638032
0.28209479 0.042473999 0.3335951 -0.21672317 0.014506109 -0.48746104
0.28209479 -0.024304486 0.4118218 -0.15298391 -0.011067588 -0.45185494
0.28209479 0.29262257 -0.29536592 -0.23149975 -0.095970204 -0.40276041
0.28209479 0.25239097 -0.21442653 -0.27478965 -0.055183743 -0.45787861
0.28209479 0.1978633 -0.11397209 -0.30460119 -0.021630801 -0.50249185
0.28209479 0.13157188 6.6405119e-17 -0.31539157 8.1164092e-18 -0.53019276
0.28209479 0.058840734 0.11768146 -0.30425 0.0064325834 -0.53662534
0.28209479 -0.013452581 0.22794418 -0.27223007 -0.0029413246 -0.52118133
0.28209479 -0.078916256 0.3216398 -0.22403726 -0.025881835 -0.48718052
0.28209479 -0.13331853 0.39382123 -0.16625055 -0.058298564 -0.44043206
0.28209479 0.22820565 -0.36924448 -0.180899 -0.095979845 -0.40930608
0.28209479 0.18724646 -0.30297112 -0.23262655 -0.059064771 -0.46198578
0.28209479 0.13381798 -0.21652202 -0.27595888 -0.028140908 -0.50611571
0.28209479 0.069929671 -0.11314858 -0.30508834 -0.0073528403 -0.53578134
0.28209479 2.0069789e-16 6.6899297e-17 -0.31539157 1.2289201e-32 -0.54627422
0.28209479 -0.069929671 0.11314858 -0.30508834 -0.0073528403 -0.53578134
0.28209479 -0.13381798 0.21652202 -0.27595888 -0.028140908 -0.50611571
0.28209479 -0.18724646 0.30297112 -0.23262655 -0.059064771 -0.46198578
0.28209479 -0.22820565 0.36924448 -0.180899 -0.095979845 -0.40930608
0.28209479 -0.45979264 -0.24230953 -0.180899 0.29468579 0.090553938
0.28209479 -0.49723692 -0.21039139 -0.23262655 0.22586636 0.035320512
0.28209479 -0.52269667 -0.15862918 -0.27595888 0.15003492 -0.029129897
0.28209479 -0.53116779 -0.087217231 -0.30508834 0.072455638 -0.09905847
0.28209479 -0.51953765 5.4122668e-17 -0.31539157 -3.932242e-17 -0.16880802
0.28209479 -0.48794888 0.095861014 -0.30508834 -0.060558493 -0.23207261
0.28209479 -0.43999261 0.19171081 -0.27595888 -0.10450198 -0.28366681
0.28209479 -0.38151224 0.27982619 -0.23262655 -0.13029755 -0.32084342
0.28209479 -0.31875379 0.3551406 -0.180899 -0.13938714 -0.34351901
0.28209479 -0.37767809 0.3528751 -0.16625055 -0.18431778 -0.26289445
0.28209479 -0.43894974 0.27542502 -0.22403726 -0.16811628 -0.22560088
0.28209479 -0.42222908 0.3396762 -0.15298391 -0.23310891 -0.16274579
0.28209479 -0.49151582 0.18613958 -0.27223007 -0.13160264 -0.17384805
0.28209479 -0.47672819 0.26135763 -0.21672317 -0.20781797 -0.11023857
0.28209479 -0.4441165 0.31369037 -0.14274559 -0.28224194 -0.047004565
0.28209479 -0.52854381 0.091425325 -0.30425 -0.074375497 -0.10986549
0.28209479 -0.51769246 0.17336927 -0.26932606 -0.15883453 -0.045387545
0.28209479 -0.48607467 0.23660487 -0.21174418 -0.24587086 0.018677109
0.28209479 -0.43677756 0.27495784 -0.13712659 -0.32698633 0.076073267
0.28209479 -0.54490122 4.8952164e-17 -0.31539157 -4.5598263e-17 -0.038706277
0.28209479 -0.53883289 0.083254256 -0.30367816 -0.087538705 0.027050949
0.28209479 -0.51049449 0.15322988 -0.26772241 -0.18338104 0.092192445
0.28209479 -0.46165195 0.20206232 -0.20997094 -0.27811493 0.14999981
0.28209479 -0.39807521 0.22601584 -0.13712659 -0.36254478 0.19518684
0.28209479 -0.53904127 -0.07949109 -0.30460119 0.084490798 0.032900663
0.28209479 -0.53701554 4.2749356e-17 -0.31539157 -5.1458804e-17 0.10014903
0.28209479 -0.51299396 0.071616 -0.30347428 -0.098570968 0.16668184
0.28209479 -0.46718808 0.12705509 -0.26772241 -0.20239813 0.22547588
0.28209479 -0.4042208 0.16072216 -0.21174418 -0.30100287 0.27059742
0.28209479 -0.3316692 0.17149238 -0.14274559 -0.38555483 0.29907262
0.28209479 -0.51346153 -0.14103852 -0.27478965 0.17068134 0.098545807
0.28209479 -0.51351786 -0.06872437 -0.30442841 0.09459098 0.16685207
0.28209479 -0.49332082 3.5729953e-17 -0.31539157 -5.6558698e-17 0.23462755
0.28209479 -0.45182511 0.057527276 -0.30367816 -0.10623045 0.29483335
0.28209479 -0.39214387 0.097486566 -0.26932606 -0.21396655 0.34101129
0.28209479 -0.3208846 0.11688269 -0.21672317 -0.31278516 0.36939868
0.28209479 -0.24593093 0.11673403 -0.15298391 -0.39508588 0.37984414
0.28209479 -0.47347326 -0.18254618 -0.23149975 0.25125326 0.15384079
0.28209479 -0.47332288 -0.1187443 -0.27478965 0.18687903 0.22207988
0.28209479 -0.45543207 -0.055791426 -0.30460119 0.10170961 0.29022331
0.28209479 -0.41808337 2.8239474e-17 -0.31539157 -6.0646913e-17 0.35159894
0.28209479 -0.36302361 0.042483322 -0.30425 -0.10993394 0.3995533
0.28209479 -0.29545933 0.067641258 -0.27223007 -0.21769671 0.42955178
0.28209479 -0.22251293 0.074777075 -0.22403726 -0.31389555 0.44052313
0.28209479 -0.15102251 0.066252223 -0.16625055 -0.39256149 0.43467969
0.28209479 -0.42520633 -0.20538508 -0.180899 0.32151297 0.19699966
0.28209479 -0.423034 -0.14979716 -0.23262655 0.26989064 0.26369363
0.28209479 -0.40574836 -0.093672578 -0.27595888 0.19722866 0.33079997
0.28209479 -0.37149866 -0.0419578 -0.30508834 0.10533854 0.39235258
0.28209479 -0.32109193 2.067302e-17 -0.31539157 -6.3625012e-17 0.44194512
0.28209479 -0.25835008 0.027971867 -0.30508834 -0.10988285 0.47455984
0.28209479 -0.18922633 0.040145391 -0.27595888 -0.2146207 0.48811244
0.28209479 -0.12006286 0.03744929 -0.23262655 -0.30639468 0.48381505
0.28209479 -0.055961828 0.022820564 -0.180899 -0.38083178 0.4652715
0.28209479 0.46007347 0.28434103 -0.16625055 0.27864684 -0.0093075338
0.28209479 0.43725008 0.32666547 -0.15298391 0.25101665 -0.11651591
0.28209479 0.48772267 0.2449991 -0.22403726 0.20999397 -0.075493241
0.28209479 0.38692638 0.3653637 -0.14274559 0.21111972 -0.22301763
0.28209479 0.45047781 0.27841058 -0.21672317 0.18434659 -0.19102892
0.28209479 0.49982997 0.18268185 -0.27223007 0.13636181 -0.14825972
0.28209479 0.30864573 0.39594913 -0.13712659 0.16045611 -0.31827597
0.28209479 0.38226454 0.30695201 -0.21174418 0.14904633 -0.30081762
0.28209479 0.44550013 0.20463467 -0.26932606 0.11580141 -0.2675727
0.28209479 0.49217824 0.09898728 -0.30425 0.063967358 -0.22178721
0.28209479 0.20732167 0.41464331 -0.13712659 0.10292134 -0.39189221
0.28209479 0.2853166 0.32694371 -0.20997094 0.10623045 -0.3927046
0.28209479 0.35880936 0.22175637 -0.26772241 0.08906242 -0.37464639
0.28209479 0.42002482 0.10898124 -0.30367816 0.052128555 -0.3386027
0.28209479 0.46358533 -5.8493575e-17 -0.31539157 -3.2465637e-17 -0.28897087
0.28209479 0.092535547 0.41967849 -0.14274559 0.043955955 -0.4369051
0.28209479 0.16796832 0.33593662 -0.21174418 0.059840852 -0.45651294
0.28209479 0.2454317 0.23175425 -0.26772241 0.058292111 -0.45702008
0.28209479 0.3170477 0.11587712 -0.30347428 0.037650759 -0.43637872
0.28209479 0.37558858 -6.2150508e-17 -0.31539157 -2.4755409e-17 -0.39667208
0.28209479 0.41675502 -0.10491962 -0.30460119 -0.049491427 -0.3434577
0.28209479 -0.024304486 0.4118218 -0.15298391 -0.011067588 -0.45185494
0.28209479 0.042473999 0.3335951 -0.21672317 0.014506109 -0.48746104
0.28209479 0.11680965 0.23361929 -0.26932606 0.026595934 -0.50638032
0.28209479 0.1922355 0.11880807 -0.30367816 0.021884676 -0.50410133
0.28209479 0.26119431 -6.4831681e-17 -0.31539157 -1.6503606e-17 -0.47978438
0.28209479 0.31737149 -0.11119837 -0.30442841 -0.03613054 -0.43682439
0.28209479 0.35747533 -0.2059109 -0.27478965 -0.081392166 -0.38153035
0.28209479 -0.13331853 0.39382123 -0.16625055 -0.058298564 -0.44043206
0.28209479 -0.078916256 0.3216398 -0.22403726 -0.025881835 -0.48718052
0.28209479 -0.013452581 0.22794418 -0.27223007 -0.0029413246 -0.52118133
0.28209479 0.058840734 0.11768146 -0.30425 0.0064325834 -0.53662534
0.28209479 0.13157188 -6.6405119e-17 -0.31539157 -8.1164092e-18 -0.53019276
0.28209479 0.1978633 -0.11397209 -0.30460119 -0.021630801 -0.50249185
0.28209479 0.25239097 -0.21442653 -0.27478965 -0.055183743 -0.45787861
0.28209479 0.29262257 -0.29536592 -0.23149975 -0.095970204 -0.40276041
0.28209479 -0.37767809 0.3528751 -0.16625055 -0.18431778 -0.26289445
0.28209479 -0.42222908 0.3396762 -0.15298391 -0.23310891 -0.16274579
0.28209479 -0.43894974 0.27542502 -0.22403726 -0.16811628 -0.22560088
0.28209479 -0.4441165 0.31369037 -0.14274559 -0.28224194 -0.047004565
0.28209479 -0.47672819 0.26135763 -0.21672317 -0.20781797 -0.11023857
0.28209479 -0.49151582 0.18613958 -0.27223007 -0.13160264 -0.17384805
0.28209479 -0.43677756 0.27495784 -0.13712659 -0.32698633 0.076073267
0.28209479 -0.48607467 0.23660487 -0.21174418 -0.24587086 0.018677109
0.28209479 -0.51769246 0.17336927 -0.26932606 -0.15883453 -0.045387545
0.28209479 -0.52854381 0.091425325 -0.30425 -0.074375497 -0.10986549
0.28209479 -0.39807521 0.22601584 -0.13712659 -0.36254478 0.19518684
0.28209479 -0.46165195 0.20206232 -0.20997094 -0.27811493 0.14999981
0.28209479 -0.51049449 0.15322988 -0.26772241 -0.18338104 0.092192445
0.28209479 -0.53883289 0.083254256 -0.30367816 -0.087538705 0.027050949
0.28209479 -0.54490122 -4.8952164e-17 -0.31539157 4.5598263e-17 -0.038706277
0.28209479 -0.3316692 0.17149238 -0.14274559 -0.38555483 0.29907262
0.28209479 -0.4042208 0.16072216 -0.21174418 -0.30100287 0.27059742
0.28209479 -0.46718808 0.12705509 -0.26772241 -0.20239813 0.22547588
0.28209479 -0.51299396 0.071616 -0.30347428 -0.098570968 0.16668184
0.28209479 -0.53701554 -4.2749356e-17 -0.31539157 5.1458804e-17 0.10014903
0.28209479 -0.53904127 -0.07949109 -0.30460119 0.084490798 0.032900663
0.28209479 -0.24593093 0.11673403 -0.15298391 -0.39508588 0.37984414
0.28209479 -0.3208846 0.11688269 -0.21672317 -0.31278516 0.36939868
0.28209479 -0.39214387 0.097486566 -0.26932606 -0.21396655 0.34101129
0.28209479 -0.45182511 0.057527276 -0.30367816 -0.10623045 0.29483335
0.28209479 -0.49332082 -3.5729953e-17 -0.31539157 5.6558698e-17 0.23462755
0.28209479 -0.51351786 -0.06872437 -0.30442841 0.09459098 0.16685207
0.28209479 -0.51346153 -0.14103852 -0.27478965 0.17068134 0.098545807
0.28209479 -0.15102251 0.066252223 -0.16625055 -0.39256149 0.43467969
0.28209479 -0.22251293 0.074777075 -0.22403726 -0.31389555 0.44052313
0.28209479 -0.29545933 0.067641258 -0.27223007 -0.21769671 0.42955178
0.28209479 -0.36302361 0.042483322 -0.30425 -0.10993394 0.3995533
0.28209479 -0.41808337 -2.8239474e-17 -0.31539157 6.0646913e-17 0.35159894
0.28209479 -0.45543207 -0.055791426 -0.30460119 0.10170961 0.29022331
0.28209479 -0.47332288 -0.1187443 -0.27478965 0.18687903 0.22207988
0.28209479 -0.47347326 -0.18254618 -0.23149975 0.25125326 0.15384079
0.28209479 0.15102251 -0.066252223 -0.16625055 -0.39256149 0.43467969
0.28209479 0.24593093 -0.11673403 -0.15298391 -0.39508588 0.37984414
0.28209479 0.22251293 -0.074777075 -0.22403726 -0.31389555 0.44052313
0.28209479 0.3316692 -0.17149238 -0.14274559 -0.38555483 0.29907262
0.28209479 0.3208846 -0.11688269 -0.21672317 -0.31278516 0.36939868
0.28209479 0.29545933 -0.067641258 -0.27223007 -0.21769671 0.42955178
0.28209479 0.39807521 -0.22601584 -0.13712659 -0.36254478 0.19518684
0.28209479 0.4042208 -0.16072216 -0.21174418 -0.30100287 0.27059742
0.28209479 0.39214387 -0.097486566 -0.26932606 -0.21396655 0.34101129
0.28209479 0.36302361 -0.042483322 -0.30425 -0.10993394 0.3995533
0.28209479 0.43677756 -0.27495784 -0.13712659 -0.32698633 0.076073267
0.28209479 0.46165195 -0.20206232 -0.20997094 -0.27811493 0.14999981
0.28209479 0.46718808 -0.12705509 -0.26772241 -0.20239813 0.22547588
0.28209479 0.45182511 -0.057527276 -0.30367816 -0.10623045 0.29483335
0.28209479 0.41808337 2.8239474e-17 -0.31539157 6.0646913e-17 0.35159894
0.28209479 0.4441165 -0.31369037 -0.14274559 -0.28224194 -0.047004565
0.28209479 0.48607467 -0.23660487 -0.21174418 -0.24587086 0.018677109
0.28209479 0.51049449 -0.15322988 -0.26772241 -0.18338104 0.092192445
0.28209479 0.51299396 -0.071616 -0.30347428 -0.098570968 0.16668184
0.28209479 0.49332082 3.5729953e-17 -0.31539157 5.6558698e-17 0.23462755
0.28209479 0.45543207 0.055791426 -0.30460119 0.10170961 0.29022331
0.28209479 0.42222908 -0.3396762 -0.15298391 -0.23310891 -0.16274579
0.28209479 0.47672819 -0.26135763 -0.21672317 -0.20781797 -0.11023857
0.28209479 0.51769246 -0.17336927 -0.26932606 -0.15883453 -0.045387545
0.28209479 0.53883289 -0.083254256 -0.30367816 -0.087538705 0.027050949
0.28209479 0.53701554 4.2749356e-17 -0.31539157 5.1458804e-17 0.10014903
0.28209479 0.51351786 0.06872437 -0.30442841 0.09459098 0.16685207
0.28209479 0.47332288 0.1187443 -0.27478965 0.18687903 0.22207988
0.28209479 0.37767809 -0.3528751 -0.16625055 -0.18431778 -0.26289445
0.28209479 0.43894974 -0.27542502 -0.22403726 -0.16811628 -0.22560088
0.28209479 0.49151582 -0.18613958 -0.27223007 -0.13160264 -0.17384805
0.28209479 0.52854381 -0.091425325 -0.30425 -0.074375497 -0.10986549
0.28209479 0.54490122 4.8952164e-17 -0.31539157 4.5598263e-17 -0.038706277
0.28209479 0.53904127 0.07949109 -0.30460119 0.084490798 0.032900663
0.28209479 0.51346153 0.14103852 -0.27478965 0.17068134 0.098545807
0.28209479 0.47347326 0.18254618 -0.23149975 0.25125326 0.15384079
0.28209479 0.13331853 -0.39382123 -0.16625055 -0.058298564 -0.44043206
0.28209479 0.024304486 -0.4118218 -0.15298391 -0.011067588 -0.45185494
0.28209479 0.078916256 -0.3216398 -0.22403726 -0.025881835 -0.48718052
0.28209479 -0.092535547 -0.41967849 -0.14274559 0.043955955 -0.4369051
0.28209479 -0.042473999 -0.3335951 -0.21672317 0.014506109 -0.48746104
0.28209479 0.013452581 -0.22794418 -0.27223007 -0.0029413246 -0.52118133
0.28209479 -0.20732167 -0.41464331 -0.13712659 0.10292134 -0.39189221
0.28209479 -0.16796832 -0.33593662 -0.21174418 0.059840852 -0.45651294
0.28209479 -0.11680965 -0.23361929 -0.26932606 0.026595934 -0.50638032
0.28209479 -0.058840734 -0.11768146 -0.30425 0.0064325834 -0.53662534
0.28209479 -0.30864573 -0.39594913 -0.13712659 0.16045611 -0.31827597
0.28209479 -0.2853166 -0.32694371 -0.20997094 0.10623045 -0.3927046
0.28209479 -0.2454317 -0.23175425 -0.26772241 0.058292111 -0.45702008
0.28209479 -0.1922355 -0.11880807 -0.30367816 0.021884676 -0.50410133
0.28209479 -0.13157188 6.6405119e-17 -0.31539157 -8.1164092e-18 -0.53019276
0.28209479 -0.38692638 -0.3653637 -0.14274559 0.21111972 -0.22301763
0.28209479 -0.38226454 -0.30695201 -0.21174418 0.14904633 -0.30081762
0.28209479 -0.35880936 -0.22175637 -0.26772241 0.08906242 -0.37464639
0.28209479 -0.3170477 -0.11587712 -0.30347428 0.037650759 -0.43637872
0.28209479 -0.26119431 6.4831681e-17 -0.31539157 -1.6503606e-17 -0.47978438
0.28209479 -0.1978633 0.11397209 -0.30460119 -0.021630801 -0.50249185
0.28209479 -0.43725008 -0.32666547 -0.15298391 0.25101665 -0.11651591
0.28209479 -0.45047781 -0.27841058 -0.21672317 0.18434659 -0.19102892
0.28209479 -0.44550013 -0.20463467 -0.26932606 0.11580141 -0.2675727
0.28209479 -0.42002482 -0.10898124 -0.30367816 0.052128555 -0.3386027
0.28209479 -0.37558858 6.2150508e-17 -0.31539157 -2.4755409e-17 -0.39667208
0.28209479 -0.31737149 0.11119837 -0.30442841 -0.03613054 -0.43682439
0.28209479 -0.25239097 0.21442653 -0.27478965 -0.055183743 -0.45787861
0.28209479 -0.46007347 -0.28434103 -0.16625055 0.27864684 -0.0093075338
0.28209479 -0.48772267 -0.2449991 -0.22403726 0.20999397 -0.075493241
0.28209479 -0.49982997 -0.18268185 -0.27223007 0.13636181 -0.14825972
0.28209479 -0.49217824 -0.09898728 -0.30425 0.063967358 -0.22178721
0.28209479 -0.46358533 5.8493575e-17 -0.31539157 -3.2465637e-17 -0.28897087
0.28209479 -0.41675502 0.10491962 -0.30460119 -0.049491427 -0.3434577
0.28209479 -0.35747533 0.2059109 -0.27478965 -0.081392166 -0.38153035
0.28209479 -0.29262257 0.29536592 -0.23149975 -0.095970204 -0.40276041
0.28209479 -0.36673643 -0.17714268 -0.16625055 0.356531 0.27795436
0.28209479 -0.28525641 -0.13778584 -0.15298391 0.38824573 0.35127251
0.28209479 -0.35020212 -0.12400725 -0.22403726 0.2978997 0.34775151
0.28209479 -0.18194354 -0.08788319 -0.14274559 0.4127211 0.40785468
0.28209479 -0.25216022 -0.089290427 -0.21672317 0.32175043 0.41932986
0.28209479 -0.31722606 -0.07323599 -0.27223007 0.21587888 0.41373732
0.28209479 -0.062621713 -0.030247822 -0.13712659 0.42615366 0.43890808
0.28209479 -0.13244235 -0.046898093 -0.21174418 0.33798655 0.46805603
0.28209479 -0.20314189 -0.046898093 -0.26932606 0.23040374 0.47832927
0.28209479 -0.26781731 -0.030247821 -0.30425 0.1139095 0.46872474
0.28209479 0.062621713 0.030247822 -0.13712659 0.42615366 0.43890808
0.28209479 0 0 -0.20997094 0.34376896 0.48540959
0.28209479 -0.070071247 -0.016176909 -0.26772241 0.23842464 0.51399814
0.28209479 -0.14078154 -0.015900148 -0.30367816 0.11975592 0.52081973
0.28209479 -0.2051956 1.2801146e-17 -0.31539157 -6.566313e-17 0.50627096
0.28209479 0.18194354 0.08788319 -0.14274559 0.4127211 0.40785468
0.28209479 0.13244235 0.046898093 -0.21174418 0.33798655 0.46805603
0.28209479 0.070071247 0.016176909 -0.26772241 0.23842464 0.51399814
0.28209479 5.6713689e-17 6.4053573e-18 -0.30347428 0.12184042 0.53939377
0.28209479 -0.070699543 4.3382295e-18 -0.31539157 -6.6758488e-17 0.54167988
0.28209479 -0.13528252 0.014647198 -0.30460119 -0.11507818 0.52282558
0.28209479 0.28525641 0.13778584 -0.15298391 0.38824573 0.35127251
0.28209479 0.25216022 0.089290427 -0.21672317 0.32175043 0.41932986
0.28209479 0.20314189 0.046898093 -0.26932606 0.23040374 0.47832927
0.28209479 0.14078154 0.015900148 -0.30367816 0.11975592 0.52081973
0.28209479 0.070699543 -4.3382295e-18 -0.31539157 -6.6758488e-17 0.54167988
0.28209479 9.070628e-17 -9.8208756e-18 -0.30442841 -0.11692088 0.53994463
0.28209479 -0.064945708 0.013778583 -0.27478965 -0.22098446 0.51878327
0.28209479 0.36673643 0.17714268 -0.16625055 0.356531 0.27795436
0.28209479 0.35020212 0.12400725 -0.22403726 0.2978997 0.34775151
0.28209479 0.31722606 0.07323599 -0.27223007 0.21587888 0.41373732
0.28209479 0.26781731 0.030247821 -0.30425 0.1139095 0.46872474
0.28209479 0.2051956 -1.2801146e-17 -0.31539157 -6.566313e-17 0.50627096
0.28209479 0.13528252 -0.014647198 -0.30460119 -0.11507818 0.52282558
0.28209479 0.064945708 -0.013778583 -0.27478965 -0.22098446 0.51878327
0.28209479 1.4456081e-16 -4.5090547e-17 -0.23149975 -0.3105661 0.49783925
