0.28209479 0 0 0.63078313 0 0 0 0 0 0 0.84628438 0 0 0 0 0 0 0 0 0 0 1.0171072 0 0 0 0 0 0 0 0 0 0 0 0 0 0 1.1631066 0 0 0 0 0 0 0 0
0.28209479 0 0 -0.12615664 -0.43701936 0.43701938 0 0 0 0 -0.16925685 0.42818981 0.15138791 -0.56644184 0.40053489 0 0 0 0 0 0 0.33361117 -0.074575596 -0.47165707 0.2358286 0.3875058 -0.60585451 0.34979028 0 0 0 0 0 0 0 0 -0.23262137 -0.33497465 0.37367998 0.25298244 -0.48989854 7.2575562e-08 0.54510872 -0.59713674 0.29856838
0.28209479 0.25687355 -0.41563011 -0.12615664 -0.13504641 -0.35355611 -0.38093131 0.33294616 0.088983581 0.4072327 -0.16925685 0.13231793 -0.12247539 0.45826108 0.12377209 0.33267033 1.4839156e-16 -0.36853992 -0.13861657 -0.27723307 -0.070925607 0.33361117 -0.023045127 0.38157859 -0.19078934 0.11974588 -0.60585451 0.10809114 -0.17549409 -0.35098817 0.5184292 -1.7775886e-23 0.4659212 -0.14869935 0.21964358 -0.31857982 -0.23262137 -0.10351286 -0.30231345 -0.20466709 -0.15138697 7.2575562e-08 0.16844786 0.48309377 -0.2415469
0.28209479 -0.41563013 -0.25687353 -0.12615664 0.35355609 0.13504642 -0.2354285 -0.5387182 -0.14397846 0.25168365 -0.16925685 -0.34641283 0.046781437 -0.17504016 -0.32403953 0.20560157 2.9678312e-16 -0.2277702 0.22428632 0.44857253 -0.043834436 0.33361117 0.060332925 -0.14575005 0.072875044 -0.31349878 -0.60585451 -0.28298628 0.28395541 0.56791079 0.32040687 -3.5551772e-23 0.28795514 0.2406006 -0.35539078 -0.19689316 -0.23262137 0.27100018 0.11547346 0.078175873 0.39633625 7.2575562e-08 -0.44100222 -0.1845254 0.092262705
0.28209479 0.41563013 0.25687353 -0.12615664 0.35355609 0.13504642 0.2354285 0.5387182 0.14397846 -0.25168365 -0.16925685 -0.34641283 0.046781437 -0.17504016 -0.32403953 -0.20560157 4.4517467e-16 0.2277702 -0.22428632 -0.44857253 0.043834436 0.33361117 0.060332925 -0.14575005 0.072875044 -0.31349878 -0.60585451 -0.28298628 -0.28395541 -0.56791079 -0.32040687 -5.3327658e-23 -0.28795514 -0.2406006 0.35539078 0.19689316 -0.23262137 0.27100018 0.11547346 0.078175873 0.39633625 7.2575562e-08 -0.44100222 -0.1845254 0.092262705
0.28209479 -0.25687355 0.41563011 -0.12615664 -0.13504641 -0.35355611 0.38093131 -0.33294616 -0.088983581 -0.4072327 -0.16925685 0.13231793 -0.12247539 0.45826108 0.12377209 -0.33267033 5.9356623e-16 0.36853992 0.13861657 0.27723307 0.070925607 0.33361117 -0.023045127 0.38157859 -0.19078934 0.11974588 -0.60585451 0.10809114 0.17549409 0.35098817 -0.5184292 -7.1103544e-23 -0.4659212 0.14869935 -0.21964358 0.31857982 -0.23262137 -0.10351286 -0.30231345 -0.20466709 -0.15138697 7.2575562e-08 0.16844786 0.48309377 -0.2415469
0.28209479 0.41563013 0.25687353 -0.12615664 0.35355609 0.13504642 0.2354285 0.5387182 0.14397846 -0.25168365 -0.16925685 -0.34641283 0.046781437 -0.17504016 -0.32403953 -0.20560157 7.4195779e-17 0.2277702 -0.22428632 -0.44857253 0.043834436 0.33361117 0.060332925 -0.14575005 0.072875044 -0.31349878 -0.60585451 -0.28298628 -0.28395541 -0.56791079 -0.32040687 -8.887943e-24 -0.28795514 -0.2406006 0.35539078 0.19689316 -0.23262137 0.27100018 0.11547346 0.078175873 0.39633625 7.2575562e-08 -0.44100222 -0.1845254 0.092262705
0.28209479 -0.25687355 0.41563011 -0.12615664 -0.13504641 -0.35355611 0.38093131 -0.33294616 -0.088983581 -0.4072327 -0.16925685 0.13231793 -0.12247539 0.45826108 0.12377209 -0.33267033 2.2258734e-16 0.36853992 0.13861657 0.27723307 0.070925607 0.33361117 -0.023045127 0.38157859 -0.19078934 0.11974588 -0.60585451 0.10809114 0.17549409 0.35098817 -0.5184292 -2.6663829e-23 -0.4659212 0.14869935 -0.21964358 0.31857982 -0.23262137 -0.10351286 -0.30231345 -0.20466709 -0.15138697 7.2575562e-08 0.16844786 0.48309377 -0.2415469
0.28209479 -1.0703888e-16 5.3519436e-17 -0.12615664 -0.43701936 0.43701938 -1.9620551e-16 2.0810736e-16 -3.7079344e-17 -5.2438127e-17 -0.16925685 0.42818981 0.15138791 -0.56644184 0.40053489 -2.5702173e-16 3.7097889e-16 -1.898231e-16 -8.6642021e-17 1.1552267e-16 9.1328765e-18 0.33361117 -0.074575596 -0.47165707 0.2358286 0.3875058 -0.60585451 0.34979028 -2.9251265e-16 5.1189712e-16 -4.0053939e-16 -4.4439715e-23 2.3998107e-16 -9.294424e-17 -9.1525198e-17 4.1022563e-17 -0.23262137 -0.33497465 0.37367998 0.25298244 -0.48989854 7.2575562e-08 0.54510872 -0.59713674 0.29856838
0.28209479 0.25687355 -0.41563011 -0.12615664 -0.13504641 -0.35355611 -0.38093131 0.33294616 0.088983581 0.4072327 -0.16925685 0.13231793 -0.12247539 0.45826108 0.12377209 0.33267033 5.1937045e-16 -0.36853992 -0.13861657 -0.27723307 -0.070925607 0.33361117 -0.023045127 0.38157859 -0.19078934 0.11974588 -0.60585451 0.10809114 -0.17549409 -0.35098817 0.5184292 -6.2215601e-23 0.4659212 -0.14869935 0.21964358 -0.31857982 -0.23262137 -0.10351286 -0.30231345 -0.20466709 -0.15138697 7.2575562e-08 0.16844786 0.48309377 -0.2415469
0.28209479 -0.41563013 -0.25687353 -0.12615664 0.35355609 0.13504642 -0.2354285 -0.5387182 -0.14397846 0.25168365 -0.16925685 -0.34641283 0.046781437 -0.17504016 -0.32403953 0.20560157 6.6776201e-16 -0.2277702 0.22428632 0.44857253 -0.043834436 0.33361117 0.060332925 -0.14575005 0.072875044 -0.31349878 -0.60585451 -0.28298628 0.28395541 0.56791079 0.32040687 -7.9991487e-23 0.28795514 0.2406006 -0.35539078 -0.19689316 -0.23262137 0.27100018 0.11547346 0.078175873 0.39633625 7.2575562e-08 -0.44100222 -0.1845254 0.092262705
0.28209479 0 0 0.63078313 0 0 0 0 0 0 0.84628438 0 0 0 0 0 0 0 0 0 0 1.0171072 0 0 0 0 0 0 0 0 0 0 0 0 0 0 1.1631066 0 0 0 0 0 0 0 0
0.28209479 0 0 0.18479343 -0.54537737 0.25749227 0 0 0 0 -0.32561819 -0.23394019 0.60219182 -0.41650025 0.13904884 0 0 0 0 0 0 -0.21589542 0.47609729 0.15342169 -0.61016806 0.53978784 -0.26247732 0.071548124 0 0 0 0 0 0 0 0 0.30490591 0.30391794 -0.51425661 -0.044846421 0.57614489 -0.62872477 0.38632345 -0.15242659 0.035983038
0.28209479 0.15135016 -0.5186847 0.18479343 -0.16853088 -0.20831562 -0.1322433 0.2448127 0.35395947 -0.22249034 -0.32561819 -0.072291495 -0.48718342 0.33695578 0.042968453 0.068046309 6.4288403e-17 -0.51336875 0.35864779 0.090179008 0.45279543 -0.21589542 0.14712215 -0.12412076 0.49363633 0.16680362 -0.26247732 0.022109586 -0.021150299 -0.089594102 0.36741544 1.5399316e-16 -0.54794635 0.026360065 -0.30227245 0.28904314 0.30490591 0.093915808 0.41604233 0.036281517 0.17803856 -0.62872477 0.11938051 0.1233157 -0.029110889
0.28209479 0 0 0.51928571 -0.35225817 0.064373068 0 0 0 0 0.39906673 -0.68491497 0.28850619 -0.067254174 0.0086905522 0 0 0 0 0 0 0.068265137 -0.79196771 0.58630124 -0.23463274 0.060983289 -0.010595849 0.0011179394 0 0 0 0 0 0 0 0 -0.2976052 -0.57996 0.80616763 -0.48875004 0.19031622 -0.052683105 0.010655536 -0.0015383131 0.00014055874
0.28209479 0.19146224 -0.3097924 0.28209478 -0.42639266 0.062209853 0.049958716 -0.29928791 0.5671289 -0.26944843 -0.21026106 -0.37086395 0.18427135 0.097244536 -0.068762273 -0.020098089 -1.8988158e-17 0.23950239 -0.614643 0.45081961 0.12970694 -0.3901395 0.17852629 0.14648017 0.19970962 -0.32964676 0.15505007 -0.027662647 -0.012786586 0.066951431 -0.13267623 -5.9715718e-17 0.40104516 -0.44555674 -0.1879541 0.34008344 0.011559096 0.4680847 -0.061069988 0.14477016 -0.55199131 0.48761585 -0.18261316 0.021753839 0.0041546136
0.28209479 0.03783754 -0.33501743 0.51928571 -0.10885376 -0.052078906 -0.0082652063 0.039531011 0.16957969 -0.65139284 0.39906673 -0.21165036 -0.23340641 0.054409769 0.0026855283 0.0010632236 2.5952346e-18 -0.057998554 0.13791366 0.34461922 -0.75320605 0.068265137 -0.24473148 -0.47432766 0.18982187 0.018844873 -0.010595849 0.00034546228 -8.2618356e-05 -0.00090419774 0.010134017 1.2903639e-17 -0.18100148 0.28728007 0.47385345 -0.55157474 -0.2976052 -0.1792175 -0.65220332 0.39540709 0.058810946 -0.052683105 0.0032927416 0.0012445214 -0.00011371441
0.28209479 0.28272724 -0.18366727 -0.064522386 -0.4459155 0.28498285 0.33795225 -0.5291564 0.20958659 0.12867075 -0.26380084 0.31239253 0.21125868 -0.22288765 0.0026855283 0.1939774 -0.52330439 0.52219296 0.022982014 -0.34629255 0.062128893 0.31791467 0.15083927 -0.34905529 0.0096803273 0.0041495921 0.21069479 -0.18940744 0.0033781442 -0.20199304 0.44997768 -0.2484589 -0.34209794 0.42538431 0.085514932 -0.18397479 -0.036295245 -0.44666212 0.086197175 0.17917748 -0.002718472 0.10003546 -0.43937656 0.46909567 -0.21254279
0.28209479 0.39623986 -0.36733454 -0.064522386 -0.31247342 -0.064373068 -0.10698708 -0.29708645 0.29373384 0.2573415 -0.26380084 0.21890776 -0.047719956 0.49135023 -0.32058181 -0.2400795 0.52330439 -0.165313 0.012902886 -0.48532612 0.12425779 0.31791467 0.10569999 0.078846007 -0.021340038 -0.49535272 0.21069479 0.12595335 0.12766249 0.11231171 -0.55692269 0.2484589 0.1082995 0.23882526 0.11984846 -0.36794958 -0.036295245 -0.31299661 -0.019470563 -0.39499225 0.32451442 0.10003546 0.29217938 -0.49823489 0.1699651
0.28209479 -0.2448897 -0.32056477 0.18479343 0.44121956 0.079569488 -0.081730855 -0.39611528 -0.57271846 -0.1375066 -0.32561819 0.18926159 0.18608751 -0.12870566 -0.11249287 0.042054932 1.2857681e-16 -0.31727933 -0.58030431 -0.1459127 0.27984297 -0.21589542 -0.3851708 0.04740991 -0.1885523 -0.43669754 -0.26247732 -0.057883648 0.034221903 0.1449663 0.22707523 3.0798631e-16 -0.33864947 -0.042651481 0.4890871 0.17863848 0.30490591 -0.24587478 -0.15891403 -0.013858306 -0.46611101 -0.62872477 -0.31254224 -0.047102407 0.01111937
0.28209479 -0.11833017 -0.50125464 0.28209478 0.16286751 -0.16286751 0.0808349 0.1849701 -0.35050494 -0.43597672 -0.21026106 0.14165742 -0.48242866 -0.2545895 0.026264851 -0.032519392 2.1845979e-16 0.38752301 0.37987026 -0.27862184 0.20987024 -0.3901395 -0.068190973 -0.38349007 -0.52284656 0.12591386 0.15505007 0.010566191 0.0079025447 -0.04137826 -0.21467465 6.8703259e-16 0.64890471 0.27536921 0.11616202 0.55026657 0.011559096 -0.17879245 0.1598833 -0.3790132 0.21084192 0.48761585 0.069752022 -0.056952289 -0.01087692
0.28209479 -0.061222426 -0.20705216 0.51928571 0.28498285 0.019892372 -0.0051081784 -0.06396252 -0.2743857 -0.40258292 0.39906673 0.55410785 0.089153317 -0.020782683 -0.0070308044 0.00065710831 5.1904692e-18 -0.035845078 -0.22314899 -0.55760561 -0.46550694 0.068265137 0.64071534 0.18117705 -0.072505503 -0.049336517 -0.010595849 -0.000904432 0.00013367931 0.0014630227 0.0062631667 2.5807278e-17 -0.11186507 -0.46482891 -0.76671098 -0.34089194 -0.2976052 0.4691975 0.2491195 -0.15103207 -0.15396906 -0.052683105 -0.0086205094 -0.00047536488 4.343504e-05
0.28209479 -0.061222426 -0.48084715 -0.064522386 0.036882484 -0.39673888 0.1018789 0.5591066 -0.045384375 0.3368644 -0.26380084 -0.025838556 -0.29410376 -0.13071043 0.32224156 -0.12019487 -0.52330439 0.15742 -0.024282794 0.074987009 0.16265555 0.31791467 -0.012476191 0.48593732 0.0056769397 0.49791731 0.21069479 -0.24301359 0.12219654 0.43914331 -0.27882119 -0.2484589 -0.10312866 -0.44946102 -0.018517606 -0.48165226 -0.036295245 0.036944238 -0.1199994 0.105077 -0.32619453 0.10003546 -0.56372903 -0.26077784 0.17393635
0.28209479 -0.35840232 -0.4106925 -0.064522386 0.25279631 -0.18082504 0.2718306 -0.048460433 -0.26568476 0.28771655 -0.26380084 -0.1771001 -0.13404617 -0.57213372 -0.20081598 0.045600111 0.52330439 0.42002391 0.0021047054 0.43898159 0.13892443 0.31791467 -0.085513085 0.22147977 0.02484858 -0.31029441 0.21069479 0.26725089 -0.20318411 -0.38371721 0.10578053 0.2484589 -0.27516517 0.038956928 -0.10840395 -0.41138014 -0.036295245 0.25321958 -0.054693142 0.45993341 0.20327942 0.10003546 0.61995334 0.33706533 -0.062466527
0.28209479 0.2448897 0.32056477 0.18479343 0.44121956 0.079569488 0.081730855 0.39611528 0.57271846 0.1375066 -0.32561819 0.18926159 0.18608751 -0.12870566 -0.11249287 -0.042054932 1.9286521e-16 0.31727933 0.58030431 0.1459127 -0.27984297 -0.21589542 -0.3851708 0.04740991 -0.1885523 -0.43669754 -0.26247732 -0.057883648 -0.034221903 -0.1449663 -0.22707523 4.6197947e-16 0.33864947 0.042651481 -0.4890871 -0.17863848 0.30490591 -0.24587478 -0.15891403 -0.013858306 -0.46611101 -0.62872477 -0.31254224 -0.047102407 0.01111937
0.28209479 -4.9308031e-17 -6.4545049e-17 0.28209478 0.52705032 0.20131531 -4.1635465e-17 -1.156152e-16 -1.4605496e-16 -5.6139408e-17 -0.21026106 0.45841306 0.59631462 0.31468993 0.084994844 -2.5124544e-17 -9.4940789e-17 -1.9960068e-16 -2.3743718e-16 -1.1610136e-16 2.7024357e-17 -0.3901395 -0.22067062 0.47401979 0.64627389 0.40746581 0.15505007 0.034192912 -1.3171921e-17 -6.0347937e-17 -1.6585804e-16 -2.9857859e-16 -3.3423001e-16 -1.7211899e-16 4.8404564e-17 7.0856167e-17 0.011559096 -0.57858451 -0.19762663 0.46848608 0.68229878 0.48761585 0.22572228 0.070396901 0.013444612
0.28209479 0.061222426 0.20705216 0.51928571 0.28498285 0.019892372 0.0051081784 0.06396252 0.2743857 0.40258292 0.39906673 0.55410785 0.089153317 -0.020782683 -0.0070308044 -0.00065710831 7.7857038e-18 0.035845078 0.22314899 0.55760561 0.46550694 0.068265137 0.64071534 0.18117705 -0.072505503 -0.049336517 -0.010595849 -0.000904432 -0.00013367931 -0.0014630227 -0.0062631667 3.8710917e-17 0.11186507 0.46482891 0.76671098 0.34089194 -0.2976052 0.4691975 0.2491195 -0.15103207 -0.15396906 -0.052683105 -0.0086205094 -0.00047536488 4.343504e-05
0.28209479 -0.18366728 -0.11351261 -0.064522386 0.46871013 0.35695413 -0.27498763 -0.37549707 -0.13615312 0.079522898 -0.26380084 -0.32836164 0.26461121 0.43438157 0.19647071 -0.26826191 -0.52330439 -0.42490205 0.016308371 0.22496103 0.038397768 0.31791467 -0.15854998 -0.43720781 -0.018865809 0.30358023 0.21069479 0.039216786 -0.2010963 -0.50855577 -0.62229865 -0.2484589 0.27836093 0.30185889 -0.055552817 -0.11370267 -0.036295245 0.46949491 0.10796593 -0.34919564 -0.19888084 0.10003546 0.090972857 -0.047148261 -0.068892139
0.28209479 0.18366728 0.11351261 -0.064522386 0.46871013 0.35695413 0.27498763 0.37549707 0.13615312 -0.079522898 -0.26380084 -0.32836164 0.26461121 0.43438157 0.19647071 0.26826191 0.52330439 0.42490205 -0.016308371 -0.22496103 -0.038397768 0.31791467 -0.15854998 -0.43720781 -0.018865809 0.30358023 0.21069479 0.039216786 0.2010963 0.50855577 0.62229865 0.2484589 -0.27836093 -0.30185889 0.055552817 0.11370267 -0.036295245 0.46949491 0.10796593 -0.34919564 -0.19888084 0.10003546 0.090972857 -0.047148261 -0.068892139
0.28209479 -0.15135016 0.5186847 0.18479343 -0.16853088 -0.20831562 0.1322433 -0.2448127 -0.35395947 0.22249034 -0.32561819 -0.072291495 -0.48718342 0.33695578 0.042968453 -0.068046309 2.5715361e-16 0.51336875 -0.35864779 -0.090179008 -0.45279543 -0.21589542 0.14712215 -0.12412076 0.49363633 0.16680362 -0.26247732 0.022109586 0.021150299 0.089594102 -0.36741544 6.1597263e-16 0.54794635 -0.026360065 0.30227245 -0.28904314 0.30490591 0.093915808 0.41604233 0.036281517 0.17803856 -0.62872477 0.11938051 0.1233157 -0.029110889
0.28209479 0.11833017 0.50125464 0.28209478 0.16286751 -0.16286751 -0.0808349 -0.1849701 0.35050494 0.43597672 -0.21026106 0.14165742 -0.48242866 -0.2545895 0.026264851 0.032519392 -1.329171e-16 -0.38752301 -0.37987026 0.27862184 -0.20987024 -0.3901395 -0.068190973 -0.38349007 -0.52284656 0.12591386 0.15505007 0.010566191 -0.0079025447 0.04137826 0.21467465 -4.1801003e-16 -0.64890471 -0.27536921 -0.11616202 -0.55026657 0.011559096 -0.17879245 0.1598833 -0.3790132 0.21084192 0.48761585 0.069752022 -0.056952289 -0.01087692
0.28209479 -0.03783754 0.33501743 0.51928571 -0.10885376 -0.052078906 0.0082652063 -0.039531011 -0.16957969 0.65139284 0.39906673 -0.21165036 -0.23340641 0.054409769 0.0026855283 -0.0010632236 1.0380938e-17 0.057998554 -0.13791366 -0.34461922 0.75320605 0.068265137 -0.24473148 -0.47432766 0.18982187 0.018844873 -0.010595849 0.00034546228 8.2618356e-05 0.00090419774 -0.010134017 5.1614557e-17 0.18100148 -0.28728007 -0.47385345 0.55157474 -0.2976052 -0.1792175 -0.65220332 0.39540709 0.058810946 -0.052683105 0.0032927416 0.0012445214 -0.00011371441
0.28209479 0.35840232 0.4106925 -0.064522386 0.25279631 -0.18082504 -0.2718306 0.048460433 0.26568476 -0.28771655 -0.26380084 -0.1771001 -0.13404617 -0.57213372 -0.20081598 -0.045600111 -0.52330439 -0.42002391 -0.0021047054 -0.43898159 -0.13892443 0.31791467 -0.085513085 0.22147977 0.02484858 -0.31029441 0.21069479 0.26725089 0.20318411 0.38371721 -0.10578053 -0.2484589 0.27516517 -0.038956928 0.10840395 0.41138014 -0.036295245 0.25321958 -0.054693142 0.45993341 0.20327942 0.10003546 0.61995334 0.33706533 -0.062466527
0.28209479 0.061222426 0.48084715 -0.064522386 0.036882484 -0.39673888 -0.1018789 -0.5591066 0.045384375 -0.3368644 -0.26380084 -0.025838556 -0.29410376 -0.13071043 0.32224156 0.12019487 0.52330439 -0.15742 0.024282794 -0.074987009 -0.16265555 0.31791467 -0.012476191 0.48593732 0.0056769397 0.49791731 0.21069479 -0.24301359 -0.12219654 -0.43914331 0.27882119 0.2484589 0.10312866 0.44946102 0.018517606 0.48165226 -0.036295245 0.036944238 -0.1199994 0.105077 -0.32619453 0.10003546 -0.56372903 -0.26077784 0.17393635
0.28209479 -0.19146224 0.3097924 0.28209478 -0.42639266 0.062209853 -0.049958716 0.29928791 -0.5671289 0.26944843 -0.21026106 -0.37086395 0.18427135 0.097244536 -0.068762273 0.020098089 -1.7089342e-16 -0.23950239 0.614643 -0.45081961 -0.12970694 -0.3901395 0.17852629 0.14648017 0.19970962 -0.32964676 0.15505007 -0.027662647 0.012786586 -0.066951431 0.13267623 -5.3744147e-16 -0.40104516 0.44555674 0.1879541 -0.34008344 0.011559096 0.4680847 -0.061069988 0.14477016 -0.55199131 0.48761585 -0.18261316 0.021753839 0.0041546136
0.28209479 -0.39623986 0.36733454 -0.064522386 -0.31247342 -0.064373068 0.10698708 0.29708645 -0.29373384 -0.2573415 -0.26380084 0.21890776 -0.047719956 0.49135023 -0.32058181 0.2400795 -0.52330439 0.165313 -0.012902886 0.48532612 -0.12425779 0.31791467 0.10569999 0.078846007 -0.021340038 -0.49535272 0.21069479 0.12595335 -0.12766249 -0.11231171 0.55692269 -0.2484589 -0.1082995 -0.23882526 -0.11984846 0.36794958 -0.036295245 -0.31299661 -0.019470563 -0.39499225 0.32451442 0.10003546 0.29217938 -0.49823489 0.1699651
0.28209479 -0.28272724 0.18366727 -0.064522386 -0.4459155 0.28498285 -0.33795225 0.5291564 -0.20958659 -0.12867075 -0.26380084 0.31239253 0.21125868 -0.22288765 0.0026855283 -0.1939774 0.52330439 -0.52219296 -0.022982014 0.34629255 -0.062128893 0.31791467 0.15083927 -0.34905529 0.0096803273 0.0041495921 0.21069479 -0.18940744 -0.0033781442 0.20199304 -0.44997768 0.2484589 0.34209794 -0.42538431 -0.085514932 0.18397479 -0.036295245 -0.44666212 0.086197175 0.17917748 -0.002718472 0.10003546 -0.43937656 0.46909567 -0.21254279
0.28209479 -0.15135016 0.5186847 0.18479343 -0.16853088 -0.20831562 0.1322433 -0.2448127 -0.35395947 0.22249034 -0.32561819 -0.072291495 -0.48718342 0.33695578 0.042968453 -0.068046309 9.6432604e-17 0.51336875 -0.35864779 -0.090179008 -0.45279543 -0.21589542 0.14712215 -0.12412076 0.49363633 0.16680362 -0.26247732 0.022109586 0.021150299 0.089594102 -0.36741544 2.3098973e-16 0.54794635 -0.026360065 0.30227245 -0.28904314 0.30490591 0.093915808 0.41604233 0.036281517 0.17803856 -0.62872477 0.11938051 0.1233157 -0.029110889
0.28209479 0.2448897 0.32056477 0.18479343 0.44121956 0.079569488 0.081730855 0.39611528 0.57271846 0.1375066 -0.32561819 0.18926159 0.18608751 -0.12870566 -0.11249287 -0.042054932 3.2144201e-17 0.31727933 0.58030431 0.1459127 -0.27984297 -0.21589542 -0.3851708 0.04740991 -0.1885523 -0.43669754 -0.26247732 -0.057883648 -0.034221903 -0.1449663 -0.22707523 7.6996578e-17 0.33864947 0.042651481 -0.4890871 -0.17863848 0.30490591 -0.24587478 -0.15891403 -0.013858306 -0.46611101 -0.62872477 -0.31254224 -0.047102407 0.01111937
0.28209479 -0.03783754 0.33501743 0.51928571 -0.10885376 -0.052078906 0.0082652063 -0.039531011 -0.16957969 0.65139284 0.39906673 -0.21165036 -0.23340641 0.054409769 0.0026855283 -0.0010632236 3.8928519e-18 0.057998554 -0.13791366 -0.34461922 0.75320605 0.068265137 -0.24473148 -0.47432766 0.18982187 0.018844873 -0.010595849 0.00034546228 8.2618356e-05 0.00090419774 -0.010134017 1.9355459e-17 0.18100148 -0.28728007 -0.47385345 0.55157474 -0.2976052 -0.1792175 -0.65220332 0.39540709 0.058810946 -0.052683105 0.0032927416 0.0012445214 -0.00011371441
0.28209479 0.11833017 0.50125464 0.28209478 0.16286751 -0.16286751 -0.0808349 -0.1849701 0.35050494 0.43597672 -0.21026106 0.14165742 -0.48242866 -0.2545895 0.026264851 0.032519392 -3.7976316e-17 -0.38752301 -0.37987026 0.27862184 -0.20987024 -0.3901395 -0.068190973 -0.38349007 -0.52284656 0.12591386 0.15505007 0.010566191 -0.0079025447 0.04137826 0.21467465 -1.1943144e-16 -0.64890471 -0.27536921 -0.11616202 -0.55026657 0.011559096 -0.17879245 0.1598833 -0.3790132 0.21084192 0.48761585 0.069752022 -0.056952289 -0.01087692
0.28209479 0.061222426 0.20705216 0.51928571 0.28498285 0.019892372 0.0051081784 0.06396252 0.2743857 0.40258292 0.39906673 0.55410785 0.089153317 -0.020782683 -0.0070308044 -0.00065710831 1.2976173e-18 0.035845078 0.22314899 0.55760561 0.46550694 0.068265137 0.64071534 0.18117705 -0.072505503 -0.049336517 -0.010595849 -0.000904432 -0.00013367931 -0.0014630227 -0.0062631667 6.4518196e-18 0.11186507 0.46482891 0.76671098 0.34089194 -0.2976052 0.4691975 0.2491195 -0.15103207 -0.15396906 -0.052683105 -0.0086205094 -0.00047536488 4.343504e-05
0.28209479 0.061222426 0.48084715 -0.064522386 0.036882484 -0.39673888 -0.1018789 -0.5591066 0.045384375 -0.3368644 -0.26380084 -0.025838556 -0.29410376 -0.13071043 0.32224156 0.12019487 0.52330439 -0.15742 0.024282794 -0.074987009 -0.16265555 0.31791467 -0.012476191 0.48593732 0.0056769397 0.49791731 0.21069479 -0.24301359 -0.12219654 -0.43914331 0.27882119 0.2484589 0.10312866 0.44946102 0.018517606 0.48165226 -0.036295245 0.036944238 -0.1199994 0.105077 -0.32619453 0.10003546 -0.56372903 -0.26077784 0.17393635
0.28209479 0.35840232 0.4106925 -0.064522386 0.25279631 -0.18082504 -0.2718306 0.048460433 0.26568476 -0.28771655 -0.26380084 -0.1771001 -0.13404617 -0.57213372 -0.20081598 -0.045600111 -0.52330439 -0.42002391 -0.0021047054 -0.43898159 -0.13892443 0.31791467 -0.085513085 0.22147977 0.02484858 -0.31029441 0.21069479 0.26725089 0.20318411 0.38371721 -0.10578053 -0.2484589 0.27516517 -0.038956928 0.10840395 0.41138014 -0.036295245 0.25321958 -0.054693142 0.45993341 0.20327942 0.10003546 0.61995334 0.33706533 -0.062466527
0.28209479 -6.3067418e-17 6.6789465e-17 0.18479343 -0.54537737 0.25749227 -6.8114284e-17 1.5301971e-16 -1.4749446e-16 2.8649411e-17 -0.32561819 -0.23394019 0.60219182 -0.41650025 0.13904884 -5.2572708e-17 1.6072101e-16 -2.6441978e-16 2.2417211e-16 -3.7577477e-17 -5.8305102e-17 -0.21589542 0.47609729 0.15342169 -0.61016806 0.53978784 -0.26247732 0.071548124 -3.525321e-17 1.3066812e-16 -2.8386587e-16 3.8498289e-16 -2.822296e-16 1.6476308e-17 1.2595654e-16 -3.7219213e-17 0.30490591 0.30391794 -0.51425661 -0.044846421 0.57614489 -0.62872477 0.38632345 -0.15242659 0.035983038
0.28209479 -1.5766854e-17 4.3139185e-17 0.51928571 -0.35225817 0.064373068 -4.2571428e-18 2.4708783e-17 -7.0663638e-17 8.3877892e-17 0.39906673 -0.68491497 0.28850619 -0.067254174 0.0086905522 -8.2144857e-19 6.4880865e-18 -2.9873196e-17 8.6202669e-17 -1.4360239e-16 9.6988072e-17 0.068265137 -0.79196771 0.58630124 -0.23463274 0.060983289 -0.010595849 0.0011179394 -1.3770785e-19 1.3187231e-18 -7.8295605e-18 3.2259098e-17 -9.3228059e-17 1.7956385e-16 -1.9745412e-16 7.1024616e-17 -0.2976052 -0.57996 0.80616763 -0.48875004 0.19031622 -0.052683105 0.010655536 -0.0015383131 0.00014055874
0.28209479 -0.19146224 0.3097924 0.28209478 -0.42639266 0.062209853 -0.049958716 0.29928791 -0.5671289 0.26944843 -0.21026106 -0.37086395 0.18427135 0.097244536 -0.068762273 0.020098089 -7.5952631e-17 -0.23950239 0.614643 -0.45081961 -0.12970694 -0.3901395 0.17852629 0.14648017 0.19970962 -0.32964676 0.15505007 -0.027662647 0.012786586 -0.066951431 0.13267623 -2.3886287e-16 -0.40104516 0.44555674 0.1879541 -0.34008344 0.011559096 0.4680847 -0.061069988 0.14477016 -0.55199131 0.48761585 -0.18261316 0.021753839 0.0041546136
0.28209479 -0.28272724 0.18366727 -0.064522386 -0.4459155 0.28498285 -0.33795225 0.5291564 -0.20958659 -0.12867075 -0.26380084 0.31239253 0.21125868 -0.22288765 0.0026855283 -0.1939774 0.52330439 -0.52219296 -0.022982014 0.34629255 -0.062128893 0.31791467 0.15083927 -0.34905529 0.0096803273 0.0041495921 0.21069479 -0.18940744 -0.0033781442 0.20199304 -0.44997768 0.2484589 0.34209794 -0.42538431 -0.085514932 0.18397479 -0.036295245 -0.44666212 0.086197175 0.17917748 -0.002718472 0.10003546 -0.43937656 0.46909567 -0.21254279
0.28209479 -0.39623986 0.36733454 -0.064522386 -0.31247342 -0.064373068 0.10698708 0.29708645 -0.29373384 -0.2573415 -0.26380084 0.21890776 -0.047719956 0.49135023 -0.32058181 0.2400795 -0.52330439 0.165313 -0.012902886 0.48532612 -0.12425779 0.31791467 0.10569999 0.078846007 -0.021340038 -0.49535272 0.21069479 0.12595335 -0.12766249 -0.11231171 0.55692269 -0.2484589 -0.1082995 -0.23882526 -0.11984846 0.36794958 -0.036295245 -0.31299661 -0.019470563 -0.39499225 0.32451442 0.10003546 0.29217938 -0.49823489 0.1699651
0.28209479 0.15135016 -0.5186847 0.18479343 -0.16853088 -0.20831562 -0.1322433 0.2448127 0.35395947 -0.22249034 -0.32561819 -0.072291495 -0.48718342 0.33695578 0.042968453 0.068046309 2.2500941e-16 -0.51336875 0.35864779 0.090179008 0.45279543 -0.21589542 0.14712215 -0.12412076 0.49363633 0.16680362 -0.26247732 0.022109586 -0.021150299 -0.089594102 0.36741544 5.3897605e-16 -0.54794635 0.026360065 -0.30227245 0.28904314 0.30490591 0.093915808 0.41604233 0.036281517 0.17803856 -0.62872477 0.11938051 0.1233157 -0.029110889
0.28209479 0.03783754 -0.33501743 0.51928571 -0.10885376 -0.052078906 -0.0082652063 0.039531011 0.16957969 -0.65139284 0.39906673 -0.21165036 -0.23340641 0.054409769 0.0026855283 0.0010632236 9.0833211e-18 -0.057998554 0.13791366 0.34461922 -0.75320605 0.068265137 -0.24473148 -0.47432766 0.18982187 0.018844873 -0.010595849 0.00034546228 -8.2618356e-05 -0.00090419774 0.010134017 4.5162737e-17 -0.18100148 0.28728007 0.47385345 -0.55157474 -0.2976052 -0.1792175 -0.65220332 0.39540709 0.058810946 -0.052683105 0.0032927416 0.0012445214 -0.00011371441
0.28209479 0.19146224 -0.3097924 0.28209478 -0.42639266 0.062209853 0.049958716 -0.29928791 0.5671289 -0.26944843 -0.21026106 -0.37086395 0.18427135 0.097244536 -0.068762273 -0.020098089 -6.6477747e-16 0.23950239 -0.614643 0.45081961 0.12970694 -0.3901395 0.17852629 0.14648017 0.19970962 -0.32964676 0.15505007 -0.027662647 -0.012786586 0.066951431 -0.13267623 -2.0906538e-15 0.40104516 -0.44555674 -0.1879541 0.34008344 0.011559096 0.4680847 -0.061069988 0.14477016 -0.55199131 0.48761585 -0.18261316 0.021753839 0.0041546136
0.28209479 0.39623986 -0.36733454 -0.064522386 -0.31247342 -0.064373068 -0.10698708 -0.29708645 0.29373384 0.2573415 -0.26380084 0.21890776 -0.047719956 0.49135023 -0.32058181 -0.2400795 0.52330439 -0.165313 0.012902886 -0.48532612 0.12425779 0.31791467 0.10569999 0.078846007 -0.021340038 -0.49535272 0.21069479 0.12595335 0.12766249 0.11231171 -0.55692269 0.2484589 0.1082995 0.23882526 0.11984846 -0.36794958 -0.036295245 -0.31299661 -0.019470563 -0.39499225 0.32451442 0.10003546 0.29217938 -0.49823489 0.1699651
0.28209479 0.28272724 -0.18366727 -0.064522386 -0.4459155 0.28498285 0.33795225 -0.5291564 0.20958659 0.12867075 -0.26380084 0.31239253 0.21125868 -0.22288765 0.0026855283 0.1939774 -0.52330439 0.52219296 0.022982014 -0.34629255 0.062128893 0.31791467 0.15083927 -0.34905529 0.0096803273 0.0041495921 0.21069479 -0.18940744 0.0033781442 -0.20199304 0.44997768 -0.2484589 -0.34209794 0.42538431 0.085514932 -0.18397479 -0.036295245 -0.44666212 0.086197175 0.17917748 -0.002718472 0.10003546 -0.43937656 0.46909567 -0.21254279
0.28209479 -0.2448897 -0.32056477 0.18479343 0.44121956 0.079569488 -0.081730855 -0.39611528 -0.57271846 -0.1375066 -0.32561819 0.18926159 0.18608751 -0.12870566 -0.11249287 0.042054932 2.8929781e-16 -0.31727933 -0.58030431 -0.1459127 0.27984297 -0.21589542 -0.3851708 0.04740991 -0.1885523 -0.43669754 -0.26247732 -0.057883648 0.034221903 0.1449663 0.22707523 6.929692e-16 -0.33864947 -0.042651481 0.4890871 0.17863848 0.30490591 -0.24587478 -0.15891403 -0.013858306 -0.46611101 -0.62872477 -0.31254224 -0.047102407 0.01111937
0.28209479 -0.061222426 -0.20705216 0.51928571 0.28498285 0.019892372 -0.0051081784 -0.06396252 -0.2743857 -0.40258292 0.39906673 0.55410785 0.089153317 -0.020782683 -0.0070308044 0.00065710831 1.1678556e-17 -0.035845078 -0.22314899 -0.55760561 -0.46550694 0.068265137 0.64071534 0.18117705 -0.072505503 -0.049336517 -0.010595849 -0.000904432 0.00013367931 0.0014630227 0.0062631667 5.8066376e-17 -0.11186507 -0.46482891 -0.76671098 -0.34089194 -0.2976052 0.4691975 0.2491195 -0.15103207 -0.15396906 -0.052683105 -0.0086205094 -0.00047536488 4.343504e-05
0.28209479 -0.11833017 -0.50125464 0.28209478 0.16286751 -0.16286751 0.0808349 0.1849701 -0.35050494 -0.43597672 -0.21026106 0.14165742 -0.48242866 -0.2545895 0.026264851 -0.032519392 -1.5190526e-16 0.38752301 0.37987026 -0.27862184 0.20987024 -0.3901395 -0.068190973 -0.38349007 -0.52284656 0.12591386 0.15505007 0.010566191 0.0079025447 -0.04137826 -0.21467465 -4.7772575e-16 0.64890471 0.27536921 0.11616202 0.55026657 0.011559096 -0.17879245 0.1598833 -0.3790132 0.21084192 0.48761585 0.069752022 -0.056952289 -0.01087692
0.28209479 -0.35840232 -0.4106925 -0.064522386 0.25279631 -0.18082504 0.2718306 -0.048460433 -0.26568476 0.28771655 -0.26380084 -0.1771001 -0.13404617 -0.57213372 -0.20081598 0.045600111 0.52330439 0.42002391 0.0021047054 0.43898159 0.13892443 0.31791467 -0.085513085 0.22147977 0.02484858 -0.31029441 0.21069479 0.26725089 -0.20318411 -0.38371721 0.10578053 0.2484589 -0.27516517 0.038956928 -0.10840395 -0.41138014 -0.036295245 0.25321958 -0.054693142 0.45993341 0.20327942 0.10003546 0.61995334 0.33706533 -0.062466527
0.28209479 -0.061222426 -0.48084715 -0.064522386 0.036882484 -0.39673888 0.1018789 0.5591066 -0.045384375 0.3368644 -0.26380084 -0.025838556 -0.29410376 -0.13071043 0.32224156 -0.12019487 -0.52330439 0.15742 -0.024282794 0.074987009 0.16265555 0.31791467 -0.012476191 0.48593732 0.0056769397 0.49791731 0.21069479 -0.24301359 0.12219654 0.43914331 -0.27882119 -0.2484589 -0.10312866 -0.44946102 -0.018517606 -0.48165226 -0.036295245 0.036944238 -0.1199994 0.105077 -0.32619453 0.10003546 -0.56372903 -0.26077784 0.17393635
0.28209479 -9.8616062e-17 -1.290901e-16 0.28209478 0.52705032 0.20131531 -8.327093e-17 -2.3123041e-16 -2.9210992e-16 -1.1227882e-16 -0.21026106 0.45841306 0.59631462 0.31468993 0.084994844 -5.0249088e-17 -1.8988158e-16 -3.9920136e-16 -4.7487435e-16 -2.3220273e-16 5.4048715e-17 -0.3901395 -0.22067062 0.47401979 0.64627389 0.40746581 0.15505007 0.034192912 -2.6343842e-17 -1.2069587e-16 -3.3171609e-16 -5.9715718e-16 -6.6846002e-16 -3.4423799e-16 9.6809129e-17 1.4171233e-16 0.011559096 -0.57858451 -0.19762663 0.46848608 0.68229878 0.48761585 0.22572228 0.070396901 0.013444612
0.28209479 0.18366728 0.11351261 -0.064522386 0.46871013 0.35695413 0.27498763 0.37549707 0.13615312 -0.079522898 -0.26380084 -0.32836164 0.26461121 0.43438157 0.19647071 0.26826191 0.52330439 0.42490205 -0.016308371 -0.22496103 -0.038397768 0.31791467 -0.15854998 -0.43720781 -0.018865809 0.30358023 0.21069479 0.039216786 0.2010963 0.50855577 0.62229865 0.2484589 -0.27836093 -0.30185889 0.055552817 0.11370267 -0.036295245 0.46949491 0.10796593 -0.34919564 -0.19888084 0.10003546 0.090972857 -0.047148261 -0.068892139
0.28209479 -0.18366728 -0.11351261 -0.064522386 0.46871013 0.35695413 -0.27498763 -0.37549707 -0.13615312 0.079522898 -0.26380084 -0.32836164 0.26461121 0.43438157 0.19647071 -0.26826191 -0.52330439 -0.42490205 0.016308371 0.22496103 0.038397768 0.31791467 -0.15854998 -0.43720781 -0.018865809 0.30358023 0.21069479 0.039216786 -0.2010963 -0.50855577 -0.62229865 -0.2484589 0.27836093 0.30185889 -0.055552817 -0.11370267 -0.036295245 0.46949491 0.10796593 -0.34919564 -0.19888084 0.10003546 0.090972857 -0.047148261 -0.068892139
0.28209479 0.39623985 0.075675074 -0.28751721 0.16853087 0.35225817 0.5854478 0.27711964 -0.27238849 -0.12946746 0.22707659 -0.28832828 -0.24215401 0.087140283 -0.069040106 0.35744552 0.32341988 -0.31904553 -0.38591765 0.16650096 0.16726545 -0.1382106 0.37250562 0.14801975 -0.12135182 0.037624084 -0.19361702 -0.51216676 -0.15044673 0.083916445 -0.15544142 -0.40201505 0.12998947 0.43857496 -0.04905843 -0.18510462 0.032644851 -0.41223404 -0.043613061 0.13790992 -0.015329269 0.24066844 0.22272465 -0.44283992 -0.62900986
0.28209479 0.21257258 -0.037837537 -0.28751721 -0.18082503 0.48570026 0.43305646 -0.16851001 -0.14612948 0.064733732 0.22707659 0.30936154 -0.33388655 -0.23662861 0.3999722 0.59022357 -0.32341988 -0.23599837 0.23466756 0.089323518 -0.083632723 -0.1382106 -0.39967954 0.20409244 0.32952972 -0.21796878 -0.19361702 0.20425041 0.64471452 -0.4470974 -0.25666902 0.40201505 0.096153374 -0.26668724 -0.026318597 0.09255231 0.032644851 0.44230611 -0.060134516 -0.37449307 0.088807534 0.24066844 -0.088821854 -0.057035778 -0.051291396
0.28209479 0.50125464 -0.11833016 -0.2820948 -0.1628675 0.1628675 0.34242211 -0.29928788 -0.32716475 0.19953632 0.21026105 0.27463818 -0.10630227 0.097244527 -0.4713036 -0.36064554 -4.9711636e-17 -0.16920294 0.4069705 0.17219781 -0.25146913 -0.10711293 -0.34611756 0.055950459 -0.13223273 0.23288787 0.40592632 -0.496386 -0.60069728 0.45889186 0.13267623 5.9715714e-17 0.043330051 -0.44555678 -0.0040008683 0.26761159 -0.011559021 0.36833575 -0.0012999609 0.14477017 -0.059638699 -0.48761581 0.18261317 0.14910301 0.19517838
0.28209479 0.52761693 0.1368975 -0.28751721 0.12405017 -0.052078905 -0.11525228 0.17297472 -0.36270148 -0.23420884 0.22707659 -0.21222921 0.035800776 -0.23338481 -0.57812851 -0.59755628 -0.32341988 0.06280786 -0.24088513 0.22170593 0.30258604 -0.1382106 0.27418946 -0.021883683 0.32501239 0.31505681 -0.19361702 0.18168266 0.24800876 -0.19240494 0.25985777 0.40201505 -0.025589955 0.27375318 -0.065324217 -0.3348574 0.032644851 -0.30343228 0.0064478857 -0.36935936 -0.12836434 0.24066844 -0.079007874 0.40758987 0.59731003
0.28209479 0.45746228 -0.16028238 -0.28751721 -0.091863643 -0.26799273 -0.51421798 0.0027593432 -0.31447483 0.27421649 0.22707659 0.15716341 0.18422714 0.29048427 -0.28826296 0.011864568 0.32341988 0.28022814 -0.0038426698 0.19222677 -0.3542739 -0.1382106 -0.20304722 -0.1126112 -0.40452928 0.15709173 -0.19361702 0.62445282 0.55173333 -0.39523418 -0.0051595144 -0.40201505 -0.11417401 0.0043669906 -0.056638374 0.39205787 0.032644851 0.22470258 0.033180162 0.45972608 -0.064004255 0.24066844 -0.2715542 -0.21665434 -0.33745807
0.28209479 -0.11351262 0.18366726 -0.28751721 -0.01989237 -0.51788679 0.24657436 -0.27541427 0.078032359 -0.31422414 0.22707659 0.034032537 0.35601265 0.092388866 0.53545938 -0.37664279 0.32341988 -0.13437312 0.38354275 -0.047698279 0.40596177 -0.1382106 -0.043968325 -0.2176173 -0.12866102 -0.29180385 -0.19361702 -0.49821912 0.49143668 -0.3281846 0.16378969 -0.40201505 0.054747957 -0.43587601 0.01405399 -0.44925835 0.032644851 0.048657629 0.064119529 0.14621643 0.11889033 0.24066844 0.21665928 0.30894017 0.4204493
0.28209479 0.11351262 -0.18366726 -0.28751721 -0.01989237 -0.51788679 -0.24657436 0.27541427 -0.078032359 0.31422414 0.22707659 0.034032537 0.35601265 0.092388866 0.53545938 0.37664279 -0.32341988 0.13437312 -0.38354275 0.047698279 -0.40596177 -0.1382106 -0.043968325 -0.2176173 -0.12866102 -0.29180385 -0.19361702 -0.49821912 -0.49143668 0.3281846 -0.16378969 0.40201505 -0.054747957 0.43587601 -0.01405399 0.44925835 0.032644851 0.048657629 0.064119529 0.14621643 0.11889033 0.24066844 0.21665928 0.30894017 0.4204493
0.28209479 -0.3097924 -0.19146222 -0.2820948 0.062209848 -0.42639266 0.55405061 0.18497008 0.20219893 0.32285655 0.21026105 -0.10490245 0.27830296 -0.25458948 0.18002196 -0.58353674 5.7193508e-16 -0.27377611 -0.2515216 -0.1064241 -0.40688559 -0.10711293 0.13220514 -0.1464802 0.34618979 -0.088955251 0.40592632 0.18960258 0.37125134 -0.28361077 0.21467466 -6.8703254e-16 0.070109496 0.27536923 0.0024726726 0.43300465 -0.011559021 -0.14069174 0.0034033419 -0.37901324 0.022779956 -0.48761581 -0.069752024 -0.39035674 -0.51098363
0.28209479 -0.45746228 0.16028238 -0.28751721 -0.091863643 -0.26799273 0.51421798 -0.0027593432 0.31447483 -0.27421649 0.22707659 0.15716341 0.18422714 0.29048427 -0.28826296 -0.011864568 -0.32341988 -0.28022814 0.0038426698 -0.19222677 0.3542739 -0.1382106 -0.20304722 -0.1126112 -0.40452928 0.15709173 -0.19361702 0.62445282 -0.55173333 0.39523418 0.0051595144 0.40201505 0.11417401 -0.0043669906 0.056638374 -0.39205787 0.032644851 0.22470258 0.033180162 0.45972608 -0.064004255 0.24066844 -0.2715542 -0.21665434 -0.33745807
0.28209479 -0.52761693 -0.1368975 -0.28751721 0.12405017 -0.052078905 0.11525228 -0.17297472 0.36270148 0.23420884 0.22707659 -0.21222921 0.035800776 -0.23338481 -0.57812851 0.59755628 0.32341988 -0.06280786 0.24088513 -0.22170593 -0.30258604 -0.1382106 0.27418946 -0.021883683 0.32501239 0.31505681 -0.19361702 0.18168266 -0.24800876 0.19240494 -0.25985777 -0.40201505 0.025589955 -0.27375318 0.065324217 0.3348574 0.032644851 -0.30343228 0.0064478857 -0.36935936 -0.12836434 0.24066844 -0.079007874 0.40758987 0.59731003
0.28209479 -0.21257258 0.037837537 -0.28751721 -0.18082503 0.48570026 -0.43305646 0.16851001 0.14612948 -0.064733732 0.22707659 0.30936154 -0.33388655 -0.23662861 0.3999722 -0.59022357 0.32341988 0.23599837 -0.23466756 -0.089323518 0.083632723 -0.1382106 -0.39967954 0.20409244 0.32952972 -0.21796878 -0.19361702 0.20425041 -0.64471452 0.4470974 0.25666902 -0.40201505 -0.096153374 0.26668724 0.026318597 -0.09255231 0.032644851 0.44230611 -0.060134516 -0.37449307 0.088807534 0.24066844 -0.088821854 -0.057035778 -0.051291396
0.28209479 -0.39623985 -0.075675074 -0.28751721 0.16853087 0.35225817 -0.5854478 -0.27711964 0.27238849 0.12946746 0.22707659 -0.28832828 -0.24215401 0.087140283 -0.069040106 -0.35744552 -0.32341988 0.31904553 0.38591765 -0.16650096 -0.16726545 -0.1382106 0.37250562 0.14801975 -0.12135182 0.037624084 -0.19361702 -0.51216676 0.15044673 -0.083916445 0.15544142 0.40201505 -0.12998947 -0.43857496 0.04905843 0.18510462 0.032644851 -0.41223404 -0.043613061 0.13790992 -0.015329269 0.24066844 0.22272465 -0.44283992 -0.62900986
0.28209479 -1.290901e-16 -2.4654013e-17 -0.2820948 0.2013153 0.52705032 -2.853737e-16 -1.1561519e-16 8.4256036e-17 4.1573264e-17 0.21026105 -0.33947146 -0.34400137 0.3146899 0.58256328 -4.508416e-16 -2.4855818e-16 1.410133e-16 1.5721309e-16 -4.4346785e-17 -5.2393431e-17 -0.10711293 0.42782483 0.18105949 -0.42791411 -0.28786524 0.40592632 0.61356684 -6.1879982e-16 -4.1363085e-16 1.6585805e-16 2.9857857e-16 -3.6111154e-17 -1.7211901e-16 1.0303595e-18 5.5756703e-17 -0.011559021 -0.45528803 -0.0042067619 0.46848612 0.073717487 -0.48761581 -0.22572229 0.48250746 0.6316105
0.28209479 0.21257258 -0.037837537 -0.28751721 -0.18082503 0.48570026 0.43305646 -0.16851001 -0.14612948 0.064733732 0.22707659 0.30936154 -0.33388655 -0.23662861 0.3999722 0.59022357 -0.32341988 -0.23599837 0.23466756 0.089323518 -0.083632723 -0.1382106 -0.39967954 0.20409244 0.32952972 -0.21796878 -0.19361702 0.20425041 0.64471452 -0.4470974 -0.25666902 0.40201505 0.096153374 -0.26668724 -0.026318597 0.09255231 0.032644851 0.44230611 -0.060134516 -0.37449307 0.088807534 0.24066844 -0.088821854 -0.057035778 -0.051291396
0.28209479 0.39623985 0.075675074 -0.28751721 0.16853087 0.35225817 0.5854478 0.27711964 -0.27238849 -0.12946746 0.22707659 -0.28832828 -0.24215401 0.087140283 -0.069040106 0.35744552 0.32341988 -0.31904553 -0.38591765 0.16650096 0.16726545 -0.1382106 0.37250562 0.14801975 -0.12135182 0.037624084 -0.19361702 -0.51216676 -0.15044673 0.083916445 -0.15544142 -0.40201505 0.12998947 0.43857496 -0.04905843 -0.18510462 0.032644851 -0.41223404 -0.043613061 0.13790992 -0.015329269 0.24066844 0.22272465 -0.44283992 -0.62900986
0.28209479 0.45746228 -0.16028238 -0.28751721 -0.091863643 -0.26799273 -0.51421798 0.0027593432 -0.31447483 0.27421649 0.22707659 0.15716341 0.18422714 0.29048427 -0.28826296 0.011864568 0.32341988 0.28022814 -0.0038426698 0.19222677 -0.3542739 -0.1382106 -0.20304722 -0.1126112 -0.40452928 0.15709173 -0.19361702 0.62445282 0.55173333 -0.39523418 -0.0051595144 -0.40201505 -0.11417401 0.0043669906 -0.056638374 0.39205787 0.032644851 0.22470258 0.033180162 0.45972608 -0.064004255 0.24066844 -0.2715542 -0.21665434 -0.33745807
0.28209479 0.52761693 0.1368975 -0.28751721 0.12405017 -0.052078905 -0.11525228 0.17297472 -0.36270148 -0.23420884 0.22707659 -0.21222921 0.035800776 -0.23338481 -0.57812851 -0.59755628 -0.32341988 0.06280786 -0.24088513 0.22170593 0.30258604 -0.1382106 0.27418946 -0.021883683 0.32501239 0.31505681 -0.19361702 0.18168266 0.24800876 -0.19240494 0.25985777 0.40201505 -0.025589955 0.27375318 -0.065324217 -0.3348574 0.032644851 -0.30343228 0.0064478857 -0.36935936 -0.12836434 0.24066844 -0.079007874 0.40758987 0.59731003
0.28209479 0.3097924 0.19146222 -0.2820948 0.062209848 -0.42639266 -0.55405061 -0.18497008 -0.20219893 -0.32285655 0.21026105 -0.10490245 0.27830296 -0.25458948 0.18002196 0.58353674 -3.4798145e-16 0.27377611 0.2515216 0.1064241 0.40688559 -0.10711293 0.13220514 -0.1464802 0.34618979 -0.088955251 0.40592632 0.18960258 -0.37125134 0.28361077 -0.21467466 4.1801e-16 -0.070109496 -0.27536923 -0.0024726726 -0.43300465 -0.011559021 -0.14069174 0.0034033419 -0.37901324 0.022779956 -0.48761581 -0.069752024 -0.39035674 -0.51098363
0.28209479 0.11351262 -0.18366726 -0.28751721 -0.01989237 -0.51788679 -0.24657436 0.27541427 -0.078032359 0.31422414 0.22707659 0.034032537 0.35601265 0.092388866 0.53545938 0.37664279 -0.32341988 0.13437312 -0.38354275 0.047698279 -0.40596177 -0.1382106 -0.043968325 -0.2176173 -0.12866102 -0.29180385 -0.19361702 -0.49821912 -0.49143668 0.3281846 -0.16378969 0.40201505 -0.054747957 0.43587601 -0.01405399 0.44925835 0.032644851 0.048657629 0.064119529 0.14621643 0.11889033 0.24066844 0.21665928 0.30894017 0.4204493
0.28209479 -0.11351262 0.18366726 -0.28751721 -0.01989237 -0.51788679 0.24657436 -0.27541427 0.078032359 -0.31422414 0.22707659 0.034032537 0.35601265 0.092388866 0.53545938 -0.37664279 0.32341988 -0.13437312 0.38354275 -0.047698279 0.40596177 -0.1382106 -0.043968325 -0.2176173 -0.12866102 -0.29180385 -0.19361702 -0.49821912 0.49143668 -0.3281846 0.16378969 -0.40201505 0.054747957 -0.43587601 0.01405399 -0.44925835 0.032644851 0.048657629 0.064119529 0.14621643 0.11889033 0.24066844 0.21665928 0.30894017 0.4204493
0.28209479 -0.52761693 -0.1368975 -0.28751721 0.12405017 -0.052078905 0.11525228 -0.17297472 0.36270148 0.23420884 0.22707659 -0.21222921 0.035800776 -0.23338481 -0.57812851 0.59755628 0.32341988 -0.06280786 0.24088513 -0.22170593 -0.30258604 -0.1382106 0.27418946 -0.021883683 0.32501239 0.31505681 -0.19361702 0.18168266 -0.24800876 0.19240494 -0.25985777 -0.40201505 0.025589955 -0.27375318 0.065324217 0.3348574 0.032644851 -0.30343228 0.0064478857 -0.36935936 -0.12836434 0.24066844 -0.079007874 0.40758987 0.59731003
0.28209479 -0.45746228 0.16028238 -0.28751721 -0.091863643 -0.26799273 0.51421798 -0.0027593432 0.31447483 -0.27421649 0.22707659 0.15716341 0.18422714 0.29048427 -0.28826296 -0.011864568 -0.32341988 -0.28022814 0.0038426698 -0.19222677 0.3542739 -0.1382106 -0.20304722 -0.1126112 -0.40452928 0.15709173 -0.19361702 0.62445282 -0.55173333 0.39523418 0.0051595144 0.40201505 0.11417401 -0.0043669906 0.056638374 -0.39205787 0.032644851 0.22470258 0.033180162 0.45972608 -0.064004255 0.24066844 -0.2715542 -0.21665434 -0.33745807
0.28209479 -0.50125464 0.11833016 -0.2820948 -0.1628675 0.1628675 -0.34242211 0.29928788 0.32716475 -0.19953632 0.21026105 0.27463818 -0.10630227 0.097244527 -0.4713036 0.36064554 -4.4740473e-16 0.16920294 -0.4069705 -0.17219781 0.25146913 -0.10711293 -0.34611756 0.055950459 -0.13223273 0.23288787 0.40592632 -0.496386 0.60069728 -0.45889186 -0.13267623 5.3744143e-16 -0.043330051 0.44555678 0.0040008683 -0.26761159 -0.011559021 0.36833575 -0.0012999609 0.14477017 -0.059638699 -0.48761581 0.18261317 0.14910301 0.19517838
0.28209479 -0.39623985 -0.075675074 -0.28751721 0.16853087 0.35225817 -0.5854478 -0.27711964 0.27238849 0.12946746 0.22707659 -0.28832828 -0.24215401 0.087140283 -0.069040106 -0.35744552 -0.32341988 0.31904553 0.38591765 -0.16650096 -0.16726545 -0.1382106 0.37250562 0.14801975 -0.12135182 0.037624084 -0.19361702 -0.51216676 0.15044673 -0.083916445 0.15544142 0.40201505 -0.12998947 -0.43857496 0.04905843 0.18510462 0.032644851 -0.41223404 -0.043613061 0.13790992 -0.015329269 0.24066844 0.22272465 -0.44283992 -0.62900986
0.28209479 -0.21257258 0.037837537 -0.28751721 -0.18082503 0.48570026 -0.43305646 0.16851001 0.14612948 -0.064733732 0.22707659 0.30936154 -0.33388655 -0.23662861 0.3999722 -0.59022357 0.32341988 0.23599837 -0.23466756 -0.089323518 0.083632723 -0.1382106 -0.39967954 0.20409244 0.32952972 -0.21796878 -0.19361702 0.20425041 -0.64471452 0.4470974 0.25666902 -0.40201505 -0.096153374 0.26668724 0.026318597 -0.09255231 0.032644851 0.44230611 -0.060134516 -0.37449307 0.088807534 0.24066844 -0.088821854 -0.057035778 -0.051291396
0.28209479 0.3097924 0.19146222 -0.2820948 0.062209848 -0.42639266 -0.55405061 -0.18497008 -0.20219893 -0.32285655 0.21026105 -0.10490245 0.27830296 -0.25458948 0.18002196 0.58353674 -9.9423273e-17 0.27377611 0.2515216 0.1064241 0.40688559 -0.10711293 0.13220514 -0.1464802 0.34618979 -0.088955251 0.40592632 0.18960258 -0.37125134 0.28361077 -0.21467466 1.1943143e-16 -0.070109496 -0.27536923 -0.0024726726 -0.43300465 -0.011559021 -0.14069174 0.0034033419 -0.37901324 0.022779956 -0.48761581 -0.069752024 -0.39035674 -0.51098363
0.28209479 -0.50125464 0.11833016 -0.2820948 -0.1628675 0.1628675 -0.34242211 0.29928788 0.32716475 -0.19953632 0.21026105 0.27463818 -0.10630227 0.097244527 -0.4713036 0.36064554 -1.9884655e-16 0.16920294 -0.4069705 -0.17219781 0.25146913 -0.10711293 -0.34611756 0.055950459 -0.13223273 0.23288787 0.40592632 -0.496386 0.60069728 -0.45889186 -0.13267623 2.3886286e-16 -0.043330051 0.44555678 0.0040008683 -0.26761159 -0.011559021 0.36833575 -0.0012999609 0.14477017 -0.059638699 -0.48761581 0.18261317 0.14910301 0.19517838
0.28209479 0.50125464 -0.11833016 -0.2820948 -0.1628675 0.1628675 0.34242211 -0.29928788 -0.32716475 0.19953632 0.21026105 0.27463818 -0.10630227 0.097244527 -0.4713036 -0.36064554 -2.9826982e-16 -0.16920294 0.4069705 0.17219781 -0.25146913 -0.10711293 -0.34611756 0.055950459 -0.13223273 0.23288787 0.40592632 -0.496386 -0.60069728 0.45889186 0.13267623 3.5829429e-16 0.043330051 -0.44555678 -0.0040008683 0.26761159 -0.011559021 0.36833575 -0.0012999609 0.14477017 -0.059638699 -0.48761581 0.18261317 0.14910301 0.19517838
0.28209479 -0.3097924 -0.19146222 -0.2820948 0.062209848 -0.42639266 0.55405061 0.18497008 0.20219893 0.32285655 0.21026105 -0.10490245 0.27830296 -0.25458948 0.18002196 -0.58353674 -3.9769309e-16 -0.27377611 -0.2515216 -0.1064241 -0.40688559 -0.10711293 0.13220514 -0.1464802 0.34618979 -0.088955251 0.40592632 0.18960258 0.37125134 -0.28361077 0.21467466 4.7772571e-16 0.070109496 0.27536923 0.0024726726 0.43300465 -0.011559021 -0.14069174 0.0034033419 -0.37901324 0.022779956 -0.48761581 -0.069752024 -0.39035674 -0.51098363
0.28209479 1.8741454e-17 3.5792991e-18 -0.2820948 0.2013153 0.52705032 4.1430896e-17 1.6785152e-17 -1.2232392e-17 -6.0356562e-18 0.21026105 -0.33947146 -0.34400137 0.3146899 0.58256328 6.5453723e-17 3.6085974e-17 -2.0472479e-17 -2.2824385e-17 6.4383192e-18 7.6065409e-18 -0.10711293 0.42782483 0.18105949 -0.42791411 -0.28786524 0.40592632 0.61356684 8.9838097e-17 6.0051421e-17 -2.407947e-17 -4.3347994e-17 5.2426604e-18 2.4988444e-17 -1.4958882e-19 -8.0948247e-18 -0.011559021 -0.45528803 -0.0042067619 0.46848612 0.073717487 -0.48761581 -0.22572229 0.48250746 0.6316105
