0.28209479 0 0 0.63078313 0 0 0 0 0 0 0.84628438 0 0 0 0
0.28209479 0 0 -0.12615664 -0.43701936 0.43701938 0 0 0 0 -0.16925685 0.42818981 0.15138791 -0.56644184 0.40053489
0.28209479 0.25687355 -0.41563011 -0.12615664 -0.13504641 -0.35355611 -0.38093131 0.33294616 0.088983581 0.4072327 -0.16925685 0.13231793 -0.12247539 0.45826108 0.12377209
0.28209479 -0.41563013 -0.25687353 -0.12615664 0.35355609 0.13504642 -0.2354285 -0.5387182 -0.14397846 0.25168365 -0.16925685 -0.34641283 0.046781437 -0.17504016 -0.32403953
0.28209479 0.41563013 0.25687353 -0.12615664 0.35355609 0.13504642 0.2354285 0.5387182 0.14397846 -0.25168365 -0.16925685 -0.34641283 0.046781437 -0.17504016 -0.32403953
0.28209479 -0.25687355 0.41563011 -0.12615664 -0.13504641 -0.35355611 0.38093131 -0.33294616 -0.088983581 -0.4072327 -0.16925685 0.13231793 -0.12247539 0.45826108 0.12377209
0.28209479 0.41563013 0.25687353 -0.12615664 0.35355609 0.13504642 0.2354285 0.5387182 0.14397846 -0.25168365 -0.16925685 -0.34641283 0.046781437 -0.17504016 -0.32403953
0.28209479 -0.25687355 0.41563011 -0.12615664 -0.13504641 -0.35355611 0.38093131 -0.33294616 -0.088983581 -0.4072327 -0.16925685 0.13231793 -0.12247539 0.45826108 0.12377209
0.28209479 -1.0703888e-16 5.3519436e-17 -0.12615664 -0.43701936 0.43701938 -1.9620551e-16 2.0810736e-16 -3.7079344e-17 -5.2438127e-17 -0.16925685 0.42818981 0.15138791 -0.56644184 0.40053489
0.28209479 0.25687355 -0.41563011 -0.12615664 -0.13504641 -0.35355611 -0.38093131 0.33294616 0.088983581 0.4072327 -0.16925685 0.13231793 -0.12247539 0.45826108 0.12377209
0.28209479 -0.41563013 -0.25687353 -0.12615664 0.35355609 0.13504642 -0.2354285 -0.5387182 -0.14397846 0.25168365 -0.16925685 -0.34641283 0.046781437 -0.17504016 -0.32403953
0.28209479 0 0 0.63078313 0 0 0 0 0 0 0.84628438 0 0 0 0
0.28209479 0 0 0.0097733514 -0.51888418 0.35854016 0 0 0 0 -0.33600018 0.18885854 0.43645767 -0.55177522 0.2695967
0.28209479 0.21074462 -0.49348818 0.0097733514 -0.16034403 -0.29006509 -0.2564017 0.32432534 0.25654338 0.17961514 -0.33600018 0.058360498 -0.35310168 0.44639553 0.083309963
0.28209479 0 0 0.18479343 -0.54537737 0.25749227 0 0 0 0 -0.32561819 -0.23394019 0.60219182 -0.41650025 0.13904884
0.28209479 0.15135016 -0.5186847 0.18479343 -0.16853088 -0.20831562 -0.1322433 0.2448127 0.35395947 -0.22249034 -0.32561819 -0.072291495 -0.48718342 0.33695578 0.042968453
0.28209479 0 0 0.36926687 -0.48860252 0.15098648 0 0 0 0 -0.040406503 -0.61793592 0.53156417 -0.21880021 0.047809599
0.28209479 0.088747629 -0.46468861 0.36926687 -0.15098648 -0.12215063 -0.045469631 0.12860753 0.31244558 -0.58769199 -0.040406503 -0.1909527 -0.43004445 0.17701308 0.014773979
0.28209479 0 0 0.51928571 -0.35225817 0.064373068 0 0 0 0 0.39906673 -0.68491497 0.28850619 -0.067254174 0.0086905522
0.28209479 0.03783754 -0.33501743 0.51928571 -0.10885376 -0.052078906 -0.0082652063 0.039531011 0.16957969 -0.65139284 0.39906673 -0.21165036 -0.23340641 0.054409769 0.0026855283
0.28209479 0 0 0.60594274 -0.17468564 0.014341607 0 0 0 0 0.7377467 -0.40823184 0.072238659 -0.0074303447 0.00043135473
0.28209479 0.041771221 -0.1746179 0.55470997 -0.24034092 0.013572292 0.0023779314 -0.036804523 0.19669018 -0.36754331 0.53000882 -0.50587997 0.063908515 0.011958514 -0.0032729418
0.28209479 0.0084297848 -0.16613592 0.60594274 -0.053980831 -0.011602603 -0.00041024272 0.004367447 0.042460818 -0.38825155 0.7377467 -0.12615058 -0.058442303 0.0060112751 0.00013329594
0.28209479 0.080515891 -0.16926352 0.43277199 -0.41094544 0.08115825 0.027408371 -0.13887677 0.31622515 -0.26276606 0.12290687 -0.63795503 0.31874801 -0.058496724 0.00021779987
0.28209479 0.11284235 -0.33852703 0.43277199 -0.28796829 -0.018332351 -0.0086767925 -0.077970152 0.4431869 -0.52553211 0.12290687 -0.44704431 -0.072000076 0.12895456 -0.025999606
0.28209479 0.11538609 -0.14771255 0.25438502 -0.5139372 0.18415002 0.089123901 -0.25655618 0.32129894 -0.10993255 -0.251088 -0.38248901 0.51277589 -0.23014528 0.043196524
0.28209479 0.19146224 -0.3097924 0.28209478 -0.42639266 0.062209853 0.049958716 -0.29928791 0.5671289 -0.26944843 -0.21026106 -0.37086395 0.18427135 0.097244536 -0.068762273
0.28209479 0.20158998 -0.44313764 0.25438502 -0.29929831 -0.08115825 -0.068623136 -0.072282305 0.56133841 -0.32979764 -0.251088 -0.22274767 -0.22598963 0.33699138 -0.071413407
0.28209479 0.13750234 -0.11545281 0.064974218 -0.52308997 0.29632136 0.17089997 -0.31479056 0.2160152 0.013148362 -0.36007993 0.059572187 0.46551874 -0.41263642 0.14449564
0.28209479 0.25232316 -0.25232315 0.10025484 -0.47994715 0.17364652 0.18377741 -0.48912391 0.4534341 -0.01159483 -0.36226782 -0.022054678 0.31204925 -0.058351298 -0.070285129
0.28209479 0.30620058 -0.37848472 0.10025484 -0.3882854 0.0078288483 0.010054786 -0.36141152 0.55025383 -0.017392245 -0.36226782 -0.017842609 0.014068731 0.33470701 -0.19650201
0.28209479 0.28541506 -0.46181124 0.064974218 -0.27144584 -0.15890717 -0.19023451 -0.01212931 0.44838502 0.052593449 -0.36007993 0.030913654 -0.24964203 0.51885912 -0.11788393
0.28209479 0.14482657 -0.081838066 -0.091828068 -0.45683897 0.39125556 0.23767183 -0.29119634 0.082023187 0.067456803 -0.22579192 0.37655945 0.22158937 -0.49497158 0.27705251
0.28209479 0.28272724 -0.18366727 -0.064522386 -0.4459155 0.28498285 0.33795225 -0.5291564 0.20958659 0.12867075 -0.26380084 0.31239253 0.21125868 -0.22288765 0.0026855283
0.28209479 0.37594099 -0.28719334 -0.053875331 -0.39528773 0.12215063 0.19261244 -0.54479024 0.30433145 0.18734436 -0.27695013 0.25785739 0.098883283 0.17701308 -0.26510829
0.28209479 0.39623986 -0.36733454 -0.064522386 -0.31247342 -0.064373068 -0.10698708 -0.29708645 0.29373384 0.2573415 -0.26380084 0.21890776 -0.047719956 0.49135023 -0.32058181
0.28209479 0.3471414 -0.40919033 -0.091828068 -0.21900363 -0.23140548 -0.33693723 0.055354209 0.19660512 0.33728402 -0.22579192 0.1805185 -0.13105755 0.57160133 -0.14042541
0.28209479 -0.34099196 -0.30499247 0.0097733514 0.41978612 0.110795 -0.15846497 -0.52476942 -0.41509591 0.11100826 -0.33600018 -0.15278977 0.13487284 -0.17050792 -0.21810831
0.28209479 -0.2448897 -0.32056477 0.18479343 0.44121956 0.079569488 -0.081730855 -0.39611528 -0.57271846 -0.1375066 -0.32561819 0.18926159 0.18608751 -0.12870566 -0.11249287
0.28209479 -0.14359668 -0.28719335 0.36926687 0.39528774 0.04665739 -0.028101777 -0.20809136 -0.50554757 -0.36321362 -0.040406503 0.49992066 0.16426236 -0.067612982 -0.038678778
0.28209479 -0.061222426 -0.20705216 0.51928571 0.28498285 0.019892372 -0.0051081784 -0.06396252 -0.2743857 -0.40258292 0.39906673 0.55410785 0.089153317 -0.020782683 -0.0070308044
0.28209479 -0.025816034 -0.28253769 0.55470997 0.091802062 -0.035532723 0.0038475739 0.022746446 -0.12156122 -0.59469757 0.53000882 0.19322895 -0.16731466 -0.031307797 0.0012501525
0.28209479 -0.013639678 -0.10267764 0.60594274 0.14132365 0.0044318001 -0.00025354395 -0.0070666777 -0.068703047 -0.23995265 0.7377467 0.33026649 0.022322973 -0.0022961028 -0.0003489733
0.28209479 -0.017435101 -0.44313764 0.43277199 0.033990046 -0.11298446 0.0082625125 0.14673718 -0.068476141 -0.68793046 0.12290687 0.052766424 -0.44374503 -0.034304871 0.026134214
0.28209479 -0.10206686 -0.37848473 0.43277199 0.23297124 -0.051495884 0.022045819 -0.01271841 -0.40086631 -0.58756276 0.12290687 0.36166645 -0.20224944 -0.15015614 -0.01628644
0.28209479 0.014891354 -0.53442901 0.25438502 -0.01833235 -0.21680274 -0.013541536 0.34283431 0.041465798 -0.39773969 -0.251088 -0.013643539 -0.60369919 0.035391507 0.098110327
0.28209479 -0.11833017 -0.50125464 0.28209478 0.16286751 -0.16286751 0.0808349 0.1849701 -0.35050494 -0.43597672 -0.21026106 0.14165742 -0.48242866 -0.2545895 0.026264851
0.28209479 -0.21079334 -0.42158667 0.25438502 0.32896067 -0.052833211 0.046712471 -0.13960095 -0.58696568 -0.3137587 -0.251088 0.24482338 -0.14711699 -0.31511823 -0.087332437
0.28209479 0.062931595 -0.533165 0.064974218 -0.051841542 -0.32055086 -0.084612521 0.49721251 0.098865086 0.060719584 -0.36007993 0.0059039825 -0.50358312 0.14880063 0.20718714
0.28209479 -0.10206686 -0.534429 0.10025484 0.091661749 -0.28879481 0.12363547 0.43000759 -0.18341794 -0.024558244 -0.36226782 0.0042120686 -0.51897502 -0.24029263 0.15306341
0.28209479 -0.24311979 -0.48623957 0.10025484 0.23997357 -0.18631386 0.18999161 0.095652218 -0.43689531 -0.022343829 -0.36226782 0.011027339 -0.33481293 -0.48321602 -0.051159789
0.28209479 -0.32430892 -0.40086786 0.064974218 0.35532721 -0.039204161 0.053328579 -0.29516492 -0.509487 0.045652902 -0.36007993 -0.040466498 -0.061589458 -0.42689528 -0.21735191
0.28209479 0.11280709 -0.45976903 -0.091828068 -0.06333838 -0.40165932 -0.19004796 0.52651978 0.063888812 0.37897461 -0.22579192 0.052208036 -0.22748159 0.22927951 0.31165328
0.28209479 -0.061222426 -0.48084715 -0.064522386 0.036882484 -0.39673888 0.1018789 0.5591066 -0.045384375 0.3368644 -0.26380084 -0.025838556 -0.29410376 -0.13071043 0.32224156
0.28209479 -0.23234431 -0.46468859 -0.053875331 0.15098648 -0.3197945 0.31165348 0.33669888 -0.18808718 0.30312954 -0.27695013 -0.098492758 -0.2588798 -0.46342625 0.10126235
0.28209479 -0.35840232 -0.4106925 -0.064522386 0.25279631 -0.18082504 0.2718306 -0.048460433 -0.26568476 0.28771655 -0.26380084 -0.1771001 -0.13404617 -0.57213372 -0.20081598
0.28209479 -0.41686002 -0.3347316 -0.091828068 0.32148728 -0.016833634 0.029433172 -0.38076133 -0.23609057 0.27590979 -0.22579192 -0.26499288 -0.0095338053 -0.4298988 -0.36384018
0.28209479 0.34099196 0.30499247 0.0097733514 0.41978612 0.110795 0.15846497 0.52476942 0.41509591 -0.11100826 -0.33600018 -0.15278977 0.13487284 -0.17050792 -0.21810831
0.28209479 0.2448897 0.32056477 0.18479343 0.44121956 0.079569488 0.081730855 0.39611528 0.57271846 0.1375066 -0.32561819 0.18926159 0.18608751 -0.12870566 -0.11249287
0.28209479 0.14359668 0.28719335 0.36926687 0.39528774 0.04665739 0.028101777 0.20809136 0.50554757 0.36321362 -0.040406503 0.49992066 0.16426236 -0.067612982 -0.038678778
0.28209479 0.061222426 0.20705216 0.51928571 0.28498285 0.019892372 0.0051081784 0.06396252 0.2743857 0.40258292 0.39906673 0.55410785 0.089153317 -0.020782683 -0.0070308044
0.28209479 -1.0757508e-17 -3.6381527e-17 0.55470997 0.29707771 0.043920861 -1.981762e-18 -1.4217622e-17 -5.0654404e-17 -7.6577413e-17 0.53000882 0.62530203 0.2068123 0.038698566 0.0040455786
0.28209479 0.013639678 0.10267764 0.60594274 0.14132365 0.0044318001 0.00025354395 0.0070666777 0.068703047 0.23995265 0.7377467 0.33026649 0.022322973 -0.0022961028 -0.0003489733
0.28209479 -0.052305304 -0.10461061 0.43277199 0.43195244 0.10165444 -0.022301858 -0.098548972 -0.20542842 -0.16239835 0.12290687 0.67056647 0.39924654 0.11400317 0.015934033
0.28209479 0.052305304 0.10461061 0.43277199 0.43195244 0.10165444 0.022301858 0.098548972 0.20542842 0.16239835 0.12290687 0.67056647 0.39924654 0.11400317 0.015934033
0.28209479 -0.13948081 -0.18258275 0.25438502 0.50260718 0.16664418 -0.09749303 -0.29816139 -0.38839201 -0.1358841 -0.251088 0.37405684 0.46402992 0.17288062 0.017438993
0.28209479 -4.9308031e-17 -6.4545049e-17 0.28209478 0.52705032 0.20131531 -4.1635465e-17 -1.156152e-16 -1.4605496e-16 -5.6139408e-17 -0.21026106 0.45841306 0.59631462 0.31468993 0.084994844
0.28209479 0.13948081 0.18258275 0.25438502 0.50260718 0.16664418 0.09749303 0.29816139 0.38839201 0.1358841 -0.251088 0.37405684 0.46402992 0.17288062 0.017438993
0.28209479 -0.2393278 -0.21406128 0.064974218 0.49105013 0.22234083 -0.22319339 -0.48971619 -0.37598227 0.024378404 -0.36007993 -0.055923325 0.34929586 0.17187195 -0.016446942
0.28209479 -0.087175507 -0.077972141 0.10025484 0.53659722 0.29363331 -0.10736649 -0.20664298 -0.15665763 -0.0035829996 -0.36226782 0.024657879 0.52766997 0.44715294 0.16488352
0.28209479 0.087175507 0.077972141 0.10025484 0.53659722 0.29363331 0.10736649 0.20664298 0.15665763 0.0035829996 -0.36226782 0.024657879 0.52766997 0.44715294 0.16488352
0.28209479 0.2393278 0.21406128 0.064974218 0.49105013 0.22234083 0.22319339 0.48971619 0.37598227 -0.024378404 -0.36007993 -0.055923325 0.34929586 0.17187195 -0.016446942
0.28209479 -0.32735228 -0.20231482 -0.091828068 0.4176937 0.25864287 -0.35512793 -0.56073056 -0.18539746 0.16676239 -0.22579192 -0.34429311 0.14648357 0.12398954 -0.08444019
0.28209479 -0.18366728 -0.11351261 -0.064522386 0.46871013 0.35695413 -0.27498763 -0.37549707 -0.13615312 0.079522898 -0.26380084 -0.32836164 0.26461121 0.43438157 0.19647071
0.28209479 -9.6817575e-17 -5.9836549e-17 -0.053875331 0.4886025 0.39528775 -1.6052272e-16 -2.1045299e-16 -7.8375687e-17 3.9033077e-17 -0.27695013 -0.31872926 0.31999303 0.57282635 0.32769186
0.28209479 0.18366728 0.11351261 -0.064522386 0.46871013 0.35695413 0.27498763 0.37549707 0.13615312 -0.079522898 -0.26380084 -0.32836164 0.26461121 0.43438157 0.19647071
0.28209479 0.32735228 0.20231482 -0.091828068 0.4176937 0.25864287 0.35512793 0.56073056 0.18539746 -0.16676239 -0.22579192 -0.34429311 0.14648357 0.12398954 -0.08444019
0.28209479 -0.21074462 0.49348818 0.0097733514 -0.16034403 -0.29006509 0.2564017 -0.32432534 -0.25654338 -0.17961514 -0.33600018 0.058360498 -0.35310168 0.44639553 0.083309963
0.28209479 -0.15135016 0.5186847 0.18479343 -0.16853088 -0.20831562 0.1322433 -0.2448127 -0.35395947 0.22249034 -0.32561819 -0.072291495 -0.48718342 0.33695578 0.042968453
0.28209479 -0.088747629 0.46468861 0.36926687 -0.15098648 -0.12215063 0.045469631 -0.12860753 -0.31244558 0.58769199 -0.040406503 -0.1909527 -0.43004445 0.17701308 0.014773979
0.28209479 -0.03783754 0.33501743 0.51928571 -0.10885376 -0.052078906 0.0082652063 -0.039531011 -0.16957969 0.65139284 0.39906673 -0.21165036 -0.23340641 0.054409769 0.0026855283
0.28209479 0.025816034 0.28253769 0.55470997 0.091802062 -0.035532723 -0.0038475739 -0.022746446 0.12156122 0.59469757 0.53000882 0.19322895 -0.16731466 -0.031307797 0.0012501525
0.28209479 -0.0084297848 0.16613592 0.60594274 -0.053980831 -0.011602603 0.00041024272 -0.004367447 -0.042460818 0.38825155 0.7377467 -0.12615058 -0.058442303 0.0060112751 0.00013329594
0.28209479 0.10206686 0.37848473 0.43277199 0.23297124 -0.051495884 -0.022045819 0.01271841 0.40086631 0.58756276 0.12290687 0.36166645 -0.20224944 -0.15015614 -0.01628644
0.28209479 0.017435101 0.44313764 0.43277199 0.033990046 -0.11298446 -0.0082625125 -0.14673718 0.068476141 0.68793046 0.12290687 0.052766424 -0.44374503 -0.034304871 0.026134214
0.28209479 0.21079334 0.42158667 0.25438502 0.32896067 -0.052833211 -0.046712471 0.13960095 0.58696568 0.3137587 -0.251088 0.24482338 -0.14711699 -0.31511823 -0.087332437
0.28209479 0.11833017 0.50125464 0.28209478 0.16286751 -0.16286751 -0.0808349 -0.1849701 0.35050494 0.43597672 -0.21026106 0.14165742 -0.48242866 -0.2545895 0.026264851
0.28209479 -0.014891354 0.53442901 0.25438502 -0.01833235 -0.21680274 0.013541536 -0.34283431 -0.041465798 0.39773969 -0.251088 -0.013643539 -0.60369919 0.035391507 0.098110327
0.28209479 0.32430892 0.40086786 0.064974218 0.35532721 -0.039204161 -0.053328579 0.29516492 0.509487 -0.045652902 -0.36007993 -0.040466498 -0.061589458 -0.42689528 -0.21735191
0.28209479 0.24311979 0.48623957 0.10025484 0.23997357 -0.18631386 -0.18999161 -0.095652218 0.43689531 0.022343829 -0.36226782 0.011027339 -0.33481293 -0.48321602 -0.051159789
0.28209479 0.10206686 0.534429 0.10025484 0.091661749 -0.28879481 -0.12363547 -0.43000759 0.18341794 0.024558244 -0.36226782 0.0042120686 -0.51897502 -0.24029263 0.15306341
0.28209479 -0.062931595 0.533165 0.064974218 -0.051841542 -0.32055086 0.084612521 -0.49721251 -0.098865086 -0.060719584 -0.36007993 0.0059039825 -0.50358312 0.14880063 0.20718714
0.28209479 0.41686002 0.3347316 -0.091828068 0.32148728 -0.016833634 -0.029433172 0.38076133 0.23609057 -0.27590979 -0.22579192 -0.26499288 -0.0095338053 -0.4298988 -0.36384018
0.28209479 0.35840232 0.4106925 -0.064522386 0.25279631 -0.18082504 -0.2718306 0.048460433 0.26568476 -0.28771655 -0.26380084 -0.1771001 -0.13404617 -0.57213372 -0.20081598
0.28209479 0.23234431 0.46468859 -0.053875331 0.15098648 -0.3197945 -0.31165348 -0.33669888 0.18808718 -0.30312954 -0.27695013 -0.098492758 -0.2588798 -0.46342625 0.10126235
0.28209479 0.061222426 0.48084715 -0.064522386 0.036882484 -0.39673888 -0.1018789 -0.5591066 0.045384375 -0.3368644 -0.26380084 -0.025838556 -0.29410376 -0.13071043 0.32224156
0.28209479 -0.11280709 0.45976903 -0.091828068 -0.06333838 -0.40165932 0.19004796 -0.52651978 -0.063888812 -0.37897461 -0.22579192 0.052208036 -0.22748159 0.22927951 0.31165328
0.28209479 -0.041771221 0.1746179 0.55470997 -0.24034092 0.013572292 -0.0023779314 0.036804523 -0.19669018 0.36754331 0.53000882 -0.50587997 0.063908515 0.011958514 -0.0032729418
0.28209479 -0.11284235 0.33852703 0.43277199 -0.28796829 -0.018332351 0.0086767925 0.077970152 -0.4431869 0.52553211 0.12290687 -0.44704431 -0.072000076 0.12895456 -0.025999606
0.28209479 -0.080515891 0.16926352 0.43277199 -0.41094544 0.08115825 -0.027408371 0.13887677 -0.31622515 0.26276606 0.12290687 -0.63795503 0.31874801 -0.058496724 0.00021779987
0.28209479 -0.20158998 0.44313764 0.25438502 -0.29929831 -0.08115825 0.068623136 0.072282305 -0.56133841 0.32979764 -0.251088 -0.22274767 -0.22598963 0.33699138 -0.071413407
0.28209479 -0.19146224 0.3097924 0.28209478 -0.42639266 0.062209853 -0.049958716 0.29928791 -0.5671289 0.26944843 -0.21026106 -0.37086395 0.18427135 0.097244536 -0.068762273
0.28209479 -0.11538609 0.14771255 0.25438502 -0.5139372 0.18415002 -0.089123901 0.25655618 -0.32129894 0.10993255 -0.251088 -0.38248901 0.51277589 -0.23014528 0.043196524
0.28209479 -0.28541506 0.46181124 0.064974218 -0.27144584 -0.15890717 0.19023451 0.01212931 -0.44838502 -0.052593449 -0.36007993 0.030913654 -0.24964203 0.51885912 -0.11788393
0.28209479 -0.30620058 0.37848472 0.10025484 -0.3882854 0.0078288483 -0.010054786 0.36141152 -0.55025383 0.017392245 -0.36226782 -0.017842609 0.014068731 0.33470701 -0.19650201
0.28209479 -0.25232316 0.25232315 0.10025484 -0.47994715 0.17364652 -0.18377741 0.48912391 -0.4534341 0.01159483 -0.36226782 -0.022054678 0.31204925 -0.058351298 -0.070285129
0.28209479 -0.13750234 0.11545281 0.064974218 -0.52308997 0.29632136 -0.17089997 0.31479056 -0.2160152 -0.013148362 -0.36007993 0.059572187 0.46551874 -0.41263642 0.14449564
0.28209479 -0.3471414 0.40919033 -0.091828068 -0.21900363 -0.23140548 0.33693723 -0.055354209 -0.19660512 -0.33728402 -0.22579192 0.1805185 -0.13105755 0.57160133 -0.14042541
0.28209479 -0.39623986 0.36733454 -0.064522386 -0.31247342 -0.064373068 0.10698708 0.29708645 -0.29373384 -0.2573415 -0.26380084 0.21890776 -0.047719956 0.49135023 -0.32058181
0.28209479 -0.37594099 0.28719334 -0.053875331 -0.39528773 0.12215063 -0.19261244 0.54479024 -0.30433145 -0.18734436 -0.27695013 0.25785739 0.098883283 0.17701308 -0.26510829
0.28209479 -0.28272724 0.18366727 -0.064522386 -0.4459155 0.28498285 -0.33795225 0.5291564 -0.20958659 -0.12867075 -0.26380084 0.31239253 0.21125868 -0.22288765 0.0026855283
0.28209479 -0.14482657 0.081838066 -0.091828068 -0.45683897 0.39125556 -0.23767183 0.29119634 -0.082023187 -0.067456803 -0.22579192 0.37655945 0.22158937 -0.49497158 0.27705251
0.28209479 -0.21074462 0.49348818 0.0097733514 -0.16034403 -0.29006509 0.2564017 -0.32432534 -0.25654338 -0.17961514 -0.33600018 0.058360498 -0.35310168 0.44639553 0.083309963
0.28209479 0.34099196 0.30499247 0.0097733514 0.41978612 0.110795 0.15846497 0.52476942 0.41509591 -0.11100826 -0.33600018 -0.15278977 0.13487284 -0.17050792 -0.21810831
0.28209479 -0.15135016 0.5186847 0.18479343 -0.16853088 -0.20831562 0.1322433 -0.2448127 -0.35395947 0.22249034 -0.32561819 -0.072291495 -0.48718342 0.33695578 0.042968453
0.28209479 0.2448897 0.32056477 0.18479343 0.44121956 0.079569488 0.081730855 0.39611528 0.57271846 0.1375066 -0.32561819 0.18926159 0.18608751 -0.12870566 -0.11249287
0.28209479 -0.088747629 0.46468861 0.36926687 -0.15098648 -0.12215063 0.045469631 -0.12860753 -0.31244558 0.58769199 -0.040406503 -0.1909527 -0.43004445 0.17701308 0.014773979
0.28209479 0.14359668 0.28719335 0.36926687 0.39528774 0.04665739 0.028101777 0.20809136 0.50554757 0.36321362 -0.040406503 0.49992066 0.16426236 -0.067612982 -0.038678778
0.28209479 -0.03783754 0.33501743 0.51928571 -0.10885376 -0.052078906 0.0082652063 -0.039531011 -0.16957969 0.65139284 0.39906673 -0.21165036 -0.23340641 0.054409769 0.0026855283
0.28209479 0.061222426 0.20705216 0.51928571 0.28498285 0.019892372 0.0051081784 0.06396252 0.2743857 0.40258292 0.39906673 0.55410785 0.089153317 -0.020782683 -0.0070308044
0.28209479 -0.0084297848 0.16613592 0.60594274 -0.053980831 -0.011602603 0.00041024272 -0.004367447 -0.042460818 0.38825155 0.7377467 -0.12615058 -0.058442303 0.0060112751 0.00013329594
0.28209479 0.025816034 0.28253769 0.55470997 0.091802062 -0.035532723 -0.0038475739 -0.022746446 0.12156122 0.59469757 0.53000882 0.19322895 -0.16731466 -0.031307797 0.0012501525
0.28209479 0.013639678 0.10267764 0.60594274 0.14132365 0.0044318001 0.00025354395 0.0070666777 0.068703047 0.23995265 0.7377467 0.33026649 0.022322973 -0.0022961028 -0.0003489733
0.28209479 0.017435101 0.44313764 0.43277199 0.033990046 -0.11298446 -0.0082625125 -0.14673718 0.068476141 0.68793046 0.12290687 0.052766424 -0.44374503 -0.034304871 0.026134214
0.28209479 0.10206686 0.37848473 0.43277199 0.23297124 -0.051495884 -0.022045819 0.01271841 0.40086631 0.58756276 0.12290687 0.36166645 -0.20224944 -0.15015614 -0.01628644
0.28209479 -0.014891354 0.53442901 0.25438502 -0.01833235 -0.21680274 0.013541536 -0.34283431 -0.041465798 0.39773969 -0.251088 -0.013643539 -0.60369919 0.035391507 0.098110327
0.28209479 0.11833017 0.50125464 0.28209478 0.16286751 -0.16286751 -0.0808349 -0.1849701 0.35050494 0.43597672 -0.21026106 0.14165742 -0.48242866 -0.2545895 0.026264851
0.28209479 0.21079334 0.42158667 0.25438502 0.32896067 -0.052833211 -0.046712471 0.13960095 0.58696568 0.3137587 -0.251088 0.24482338 -0.14711699 -0.31511823 -0.087332437
0.28209479 -0.062931595 0.533165 0.064974218 -0.051841542 -0.32055086 0.084612521 -0.49721251 -0.098865086 -0.060719584 -0.36007993 0.0059039825 -0.50358312 0.14880063 0.20718714
0.28209479 0.10206686 0.534429 0.10025484 0.091661749 -0.28879481 -0.12363547 -0.43000759 0.18341794 0.024558244 -0.36226782 0.0042120686 -0.51897502 -0.24029263 0.15306341
0.28209479 0.24311979 0.48623957 0.10025484 0.23997357 -0.18631386 -0.18999161 -0.095652218 0.43689531 0.022343829 -0.36226782 0.011027339 -0.33481293 -0.48321602 -0.051159789
0.28209479 0.32430892 0.40086786 0.064974218 0.35532721 -0.039204161 -0.053328579 0.29516492 0.509487 -0.045652902 -0.36007993 -0.040466498 -0.061589458 -0.42689528 -0.21735191
0.28209479 -0.11280709 0.45976903 -0.091828068 -0.06333838 -0.40165932 0.19004796 -0.52651978 -0.063888812 -0.37897461 -0.22579192 0.052208036 -0.22748159 0.22927951 0.31165328
0.28209479 0.061222426 0.48084715 -0.064522386 0.036882484 -0.39673888 -0.1018789 -0.5591066 0.045384375 -0.3368644 -0.26380084 -0.025838556 -0.29410376 -0.13071043 0.32224156
0.28209479 0.23234431 0.46468859 -0.053875331 0.15098648 -0.3197945 -0.31165348 -0.33669888 0.18808718 -0.30312954 -0.27695013 -0.098492758 -0.2588798 -0.46342625 0.10126235
0.28209479 0.35840232 0.4106925 -0.064522386 0.25279631 -0.18082504 -0.2718306 0.048460433 0.26568476 -0.28771655 -0.26380084 -0.1771001 -0.13404617 -0.57213372 -0.20081598
0.28209479 0.41686002 0.3347316 -0.091828068 0.32148728 -0.016833634 -0.029433172 0.38076133 0.23609057 -0.27590979 -0.22579192 -0.26499288 -0.0095338053 -0.4298988 -0.36384018
0.28209479 -8.7817013e-17 6.3544985e-17 0.0097733514 -0.51888418 0.35854016 -1.320643e-16 2.0271893e-16 -1.069013e-16 -2.31285e-17 -0.33600018 0.18885854 0.43645767 -0.55177522 0.2695967
0.28209479 -6.3067418e-17 6.6789465e-17 0.18479343 -0.54537737 0.25749227 -6.8114284e-17 1.5301971e-16 -1.4749446e-16 2.8649411e-17 -0.32561819 -0.23394019 0.60219182 -0.41650025 0.13904884
0.28209479 -3.6981023e-17 5.9836551e-17 0.36926687 -0.48860252 0.15098648 -2.3419949e-17 8.0385891e-17 -1.3019567e-16 7.5675325e-17 -0.040406503 -0.61793592 0.53156417 -0.21880021 0.047809599
0.28209479 -1.5766854e-17 4.3139185e-17 0.51928571 -0.35225817 0.064373068 -4.2571428e-18 2.4708783e-17 -7.0663638e-17 8.3877892e-17 0.39906673 -0.68491497 0.28850619 -0.067254174 0.0086905522
0.28209479 -3.5126805e-18 2.1392821e-17 0.60594274 -0.17468564 0.014341607 -2.1130287e-19 2.7298643e-18 -1.7693368e-17 4.9993981e-17 0.7377467 -0.40823184 0.072238659 -0.0074303447 0.00043135473
0.28209479 -0.041771221 0.1746179 0.55470997 -0.24034092 0.013572292 -0.0023779314 0.036804523 -0.19669018 0.36754331 0.53000882 -0.50587997 0.063908515 0.011958514 -0.0032729418
0.28209479 -0.080515891 0.16926352 0.43277199 -0.41094544 0.08115825 -0.027408371 0.13887677 -0.31622515 0.26276606 0.12290687 -0.63795503 0.31874801 -0.058496724 0.00021779987
0.28209479 -0.11284235 0.33852703 0.43277199 -0.28796829 -0.018332351 0.0086767925 0.077970152 -0.4431869 0.52553211 0.12290687 -0.44704431 -0.072000076 0.12895456 -0.025999606
0.28209479 -0.11538609 0.14771255 0.25438502 -0.5139372 0.18415002 -0.089123901 0.25655618 -0.32129894 0.10993255 -0.251088 -0.38248901 0.51277589 -0.23014528 0.043196524
0.28209479 -0.19146224 0.3097924 0.28209478 -0.42639266 0.062209853 -0.049958716 0.29928791 -0.5671289 0.26944843 -0.21026106 -0.37086395 0.18427135 0.097244536 -0.068762273
0.28209479 -0.20158998 0.44313764 0.25438502 -0.29929831 -0.08115825 0.068623136 0.072282305 -0.56133841 0.32979764 -0.251088 -0.22274767 -0.22598963 0.33699138 -0.071413407
0.28209479 -0.13750234 0.11545281 0.064974218 -0.52308997 0.29632136 -0.17089997 0.31479056 -0.2160152 -0.013148362 -0.36007993 0.059572187 0.46551874 -0.41263642 0.14449564
0.28209479 -0.25232316 0.25232315 0.10025484 -0.47994715 0.17364652 -0.18377741 0.48912391 -0.4534341 0.01159483 -0.36226782 -0.022054678 0.31204925 -0.058351298 -0.070285129
0.28209479 -0.30620058 0.37848472 0.10025484 -0.3882854 0.0078288483 -0.010054786 0.36141152 -0.55025383 0.017392245 -0.36226782 -0.017842609 0.014068731 0.33470701 -0.19650201
0.28209479 -0.28541506 0.46181124 0.064974218 -0.27144584 -0.15890717 0.19023451 0.01212931 -0.44838502 -0.052593449 -0.36007993 0.030913654 -0.24964203 0.51885912 -0.11788393
0.28209479 -0.14482657 0.081838066 -0.091828068 -0.45683897 0.39125556 -0.23767183 0.29119634 -0.082023187 -0.067456803 -0.22579192 0.37655945 0.22158937 -0.49497158 0.27705251
0.28209479 -0.28272724 0.18366727 -0.064522386 -0.4459155 0.28498285 -0.33795225 0.5291564 -0.20958659 -0.12867075 -0.26380084 0.31239253 0.21125868 -0.22288765 0.0026855283
0.28209479 -0.37594099 0.28719334 -0.053875331 -0.39528773 0.12215063 -0.19261244 0.54479024 -0.30433145 -0.18734436 -0.27695013 0.25785739 0.098883283 0.17701308 -0.26510829
0.28209479 -0.39623986 0.36733454 -0.064522386 -0.31247342 -0.064373068 0.10698708 0.29708645 -0.29373384 -0.2573415 -0.26380084 0.21890776 -0.047719956 0.49135023 -0.32058181
0.28209479 -0.3471414 0.40919033 -0.091828068 -0.21900363 -0.23140548 0.33693723 -0.055354209 -0.19660512 -0.33728402 -0.22579192 0.1805185 -0.13105755 0.57160133 -0.14042541
0.28209479 0.21074462 -0.49348818 0.0097733514 -0.16034403 -0.29006509 -0.2564017 0.32432534 0.25654338 0.17961514 -0.33600018 0.058360498 -0.35310168 0.44639553 0.083309963
0.28209479 0.15135016 -0.5186847 0.18479343 -0.16853088 -0.20831562 -0.1322433 0.2448127 0.35395947 -0.22249034 -0.32561819 -0.072291495 -0.48718342 0.33695578 0.042968453
0.28209479 0.088747629 -0.46468861 0.36926687 -0.15098648 -0.12215063 -0.045469631 0.12860753 0.31244558 -0.58769199 -0.040406503 -0.1909527 -0.43004445 0.17701308 0.014773979
0.28209479 0.03783754 -0.33501743 0.51928571 -0.10885376 -0.052078906 -0.0082652063 0.039531011 0.16957969 -0.65139284 0.39906673 -0.21165036 -0.23340641 0.054409769 0.0026855283
0.28209479 0.0084297848 -0.16613592 0.60594274 -0.053980831 -0.011602603 -0.00041024272 0.004367447 0.042460818 -0.38825155 0.7377467 -0.12615058 -0.058442303 0.0060112751 0.00013329594
0.28209479 0.041771221 -0.1746179 0.55470997 -0.24034092 0.013572292 0.0023779314 -0.036804523 0.19669018 -0.36754331 0.53000882 -0.50587997 0.063908515 0.011958514 -0.0032729418
0.28209479 0.11284235 -0.33852703 0.43277199 -0.28796829 -0.018332351 -0.0086767925 -0.077970152 0.4431869 -0.52553211 0.12290687 -0.44704431 -0.072000076 0.12895456 -0.025999606
0.28209479 0.080515891 -0.16926352 0.43277199 -0.41094544 0.08115825 0.027408371 -0.13887677 0.31622515 -0.26276606 0.12290687 -0.63795503 0.31874801 -0.058496724 0.00021779987
0.28209479 0.20158998 -0.44313764 0.25438502 -0.29929831 -0.08115825 -0.068623136 -0.072282305 0.56133841 -0.32979764 -0.251088 -0.22274767 -0.22598963 0.33699138 -0.071413407
0.28209479 0.19146224 -0.3097924 0.28209478 -0.42639266 0.062209853 0.049958716 -0.29928791 0.5671289 -0.26944843 -0.21026106 -0.37086395 0.18427135 0.097244536 -0.068762273
0.28209479 0.11538609 -0.14771255 0.25438502 -0.5139372 0.18415002 0.089123901 -0.25655618 0.32129894 -0.10993255 -0.251088 -0.38248901 0.51277589 -0.23014528 0.043196524
0.28209479 0.28541506 -0.46181124 0.064974218 -0.27144584 -0.15890717 -0.19023451 -0.01212931 0.44838502 0.052593449 -0.36007993 0.030913654 -0.24964203 0.51885912 -0.11788393
0.28209479 0.30620058 -0.37848472 0.10025484 -0.3882854 0.0078288483 0.010054786 -0.36141152 0.55025383 -0.017392245 -0.36226782 -0.017842609 0.014068731 0.33470701 -0.19650201
0.28209479 0.25232316 -0.25232315 0.10025484 -0.47994715 0.17364652 0.18377741 -0.48912391 0.4534341 -0.01159483 -0.36226782 -0.022054678 0.31204925 -0.058351298 -0.070285129
0.28209479 0.13750234 -0.11545281 0.064974218 -0.52308997 0.29632136 0.17089997 -0.31479056 0.2160152 0.013148362 -0.36007993 0.059572187 0.46551874 -0.41263642 0.14449564
0.28209479 0.3471414 -0.40919033 -0.091828068 -0.21900363 -0.23140548 -0.33693723 0.055354209 0.19660512 0.33728402 -0.22579192 0.1805185 -0.13105755 0.57160133 -0.14042541
0.28209479 0.39623986 -0.36733454 -0.064522386 -0.31247342 -0.064373068 -0.10698708 -0.29708645 0.29373384 0.2573415 -0.26380084 0.21890776 -0.047719956 0.49135023 -0.32058181
0.28209479 0.37594099 -0.28719334 -0.053875331 -0.39528773 0.12215063 0.19261244 -0.54479024 0.30433145 0.18734436 -0.27695013 0.25785739 0.098883283 0.17701308 -0.26510829
0.28209479 0.28272724 -0.18366727 -0.064522386 -0.4459155 0.28498285 0.33795225 -0.5291564 0.20958659 0.12867075 -0.26380084 0.31239253 0.21125868 -0.22288765 0.0026855283
0.28209479 0.14482657 -0.081838066 -0.091828068 -0.45683897 0.39125556 0.23767183 -0.29119634 0.082023187 0.067456803 -0.22579192 0.37655945 0.22158937 -0.49497158 0.27705251
0.28209479 -0.34099196 -0.30499247 0.0097733514 0.41978612 0.110795 -0.15846497 -0.52476942 -0.41509591 0.11100826 -0.33600018 -0.15278977 0.13487284 -0.17050792 -0.21810831
0.28209479 -0.2448897 -0.32056477 0.18479343 0.44121956 0.079569488 -0.081730855 -0.39611528 -0.57271846 -0.1375066 -0.32561819 0.18926159 0.18608751 -0.12870566 -0.11249287
0.28209479 -0.14359668 -0.28719335 0.36926687 0.39528774 0.04665739 -0.028101777 -0.20809136 -0.50554757 -0.36321362 -0.040406503 0.49992066 0.16426236 -0.067612982 -0.038678778
0.28209479 -0.061222426 -0.20705216 0.51928571 0.28498285 0.019892372 -0.0051081784 -0.06396252 -0.2743857 -0.40258292 0.39906673 0.55410785 0.089153317 -0.020782683 -0.0070308044
0.28209479 -0.013639678 -0.10267764 0.60594274 0.14132365 0.0044318001 -0.00025354395 -0.0070666777 -0.068703047 -0.23995265 0.7377467 0.33026649 0.022322973 -0.0022961028 -0.0003489733
0.28209479 -0.025816034 -0.28253769 0.55470997 0.091802062 -0.035532723 0.0038475739 0.022746446 -0.12156122 -0.59469757 0.53000882 0.19322895 -0.16731466 -0.031307797 0.0012501525
0.28209479 -0.10206686 -0.37848473 0.43277199 0.23297124 -0.051495884 0.022045819 -0.01271841 -0.40086631 -0.58756276 0.12290687 0.36166645 -0.20224944 -0.15015614 -0.01628644
0.28209479 -0.017435101 -0.44313764 0.43277199 0.033990046 -0.11298446 0.0082625125 0.14673718 -0.068476141 -0.68793046 0.12290687 0.052766424 -0.44374503 -0.034304871 0.026134214
0.28209479 -0.21079334 -0.42158667 0.25438502 0.32896067 -0.052833211 0.046712471 -0.13960095 -0.58696568 -0.3137587 -0.251088 0.24482338 -0.14711699 -0.31511823 -0.087332437
0.28209479 -0.11833017 -0.50125464 0.28209478 0.16286751 -0.16286751 0.0808349 0.1849701 -0.35050494 -0.43597672 -0.21026106 0.14165742 -0.48242866 -0.2545895 0.026264851
0.28209479 0.014891354 -0.53442901 0.25438502 -0.01833235 -0.21680274 -0.013541536 0.34283431 0.041465798 -0.39773969 -0.251088 -0.013643539 -0.60369919 0.035391507 0.098110327
0.28209479 -0.32430892 -0.40086786 0.064974218 0.35532721 -0.039204161 0.053328579 -0.29516492 -0.509487 0.045652902 -0.36007993 -0.040466498 -0.061589458 -0.42689528 -0.21735191
0.28209479 -0.24311979 -0.48623957 0.10025484 0.23997357 -0.18631386 0.18999161 0.095652218 -0.43689531 -0.022343829 -0.36226782 0.011027339 -0.33481293 -0.48321602 -0.051159789
0.28209479 -0.10206686 -0.534429 0.10025484 0.091661749 -0.28879481 0.12363547 0.43000759 -0.18341794 -0.024558244 -0.36226782 0.0042120686 -0.51897502 -0.24029263 0.15306341
0.28209479 0.062931595 -0.533165 0.064974218 -0.051841542 -0.32055086 -0.084612521 0.49721251 0.098865086 0.060719584 -0.36007993 0.0059039825 -0.50358312 0.14880063 0.20718714
0.28209479 -0.41686002 -0.3347316 -0.091828068 0.32148728 -0.016833634 0.029433172 -0.38076133 -0.23609057 0.27590979 -0.22579192 -0.26499288 -0.0095338053 -0.4298988 -0.36384018
0.28209479 -0.35840232 -0.4106925 -0.064522386 0.25279631 -0.18082504 0.2718306 -0.048460433 -0.26568476 0.28771655 -0.26380084 -0.1771001 -0.13404617 -0.57213372 -0.20081598
0.28209479 -0.23234431 -0.46468859 -0.053875331 0.15098648 -0.3197945 0.31165348 0.33669888 -0.18808718 0.30312954 -0.27695013 -0.098492758 -0.2588798 -0.46342625 0.10126235
0.28209479 -0.061222426 -0.48084715 -0.064522386 0.036882484 -0.39673888 0.1018789 0.5591066 -0.045384375 0.3368644 -0.26380084 -0.025838556 -0.29410376 -0.13071043 0.32224156
0.28209479 0.11280709 -0.45976903 -0.091828068 -0.06333838 -0.40165932 -0.19004796 0.52651978 0.063888812 0.37897461 -0.22579192 0.052208036 -0.22748159 0.22927951 0.31165328
0.28209479 -2.1515017e-17 -7.2763054e-17 0.55470997 0.29707771 0.043920861 -3.9635239e-18 -2.8435245e-17 -1.0130881e-16 -1.5315483e-16 0.53000882 0.62530203 0.2068123 0.038698566 0.0040455786
0.28209479 0.052305304 0.10461061 0.43277199 0.43195244 0.10165444 0.022301858 0.098548972 0.20542842 0.16239835 0.12290687 0.67056647 0.39924654 0.11400317 0.015934033
0.28209479 -0.052305304 -0.10461061 0.43277199 0.43195244 0.10165444 -0.022301858 -0.098548972 -0.20542842 -0.16239835 0.12290687 0.67056647 0.39924654 0.11400317 0.015934033
0.28209479 0.13948081 0.18258275 0.25438502 0.50260718 0.16664418 0.09749303 0.29816139 0.38839201 0.1358841 -0.251088 0.37405684 0.46402992 0.17288062 0.017438993
0.28209479 -9.8616062e-17 -1.290901e-16 0.28209478 0.52705032 0.20131531 -8.327093e-17 -2.3123041e-16 -2.9210992e-16 -1.1227882e-16 -0.21026106 0.45841306 0.59631462 0.31468993 0.084994844
0.28209479 -0.13948081 -0.18258275 0.25438502 0.50260718 0.16664418 -0.09749303 -0.29816139 -0.38839201 -0.1358841 -0.251088 0.37405684 0.46402992 0.17288062 0.017438993
0.28209479 0.2393278 0.21406128 0.064974218 0.49105013 0.22234083 0.22319339 0.48971619 0.37598227 -0.024378404 -0.36007993 -0.055923325 0.34929586 0.17187195 -0.016446942
0.28209479 0.087175507 0.077972141 0.10025484 0.53659722 0.29363331 0.10736649 0.20664298 0.15665763 0.0035829996 -0.36226782 0.024657879 0.52766997 0.44715294 0.16488352
0.28209479 -0.087175507 -0.077972141 0.10025484 0.53659722 0.29363331 -0.10736649 -0.20664298 -0.15665763 -0.0035829996 -0.36226782 0.024657879 0.52766997 0.44715294 0.16488352
0.28209479 -0.2393278 -0.21406128 0.064974218 0.49105013 0.22234083 -0.22319339 -0.48971619 -0.37598227 0.024378404 -0.36007993 -0.055923325 0.34929586 0.17187195 -0.016446942
0.28209479 0.32735228 0.20231482 -0.091828068 0.4176937 0.25864287 0.35512793 0.56073056 0.18539746 -0.16676239 -0.22579192 -0.34429311 0.14648357 0.12398954 -0.08444019
0.28209479 0.18366728 0.11351261 -0.064522386 0.46871013 0.35695413 0.27498763 0.37549707 0.13615312 -0.079522898 -0.26380084 -0.32836164 0.26461121 0.43438157 0.19647071
0.28209479 6.0648622e-17 3.7482908e-17 -0.053875331 0.4886025 0.39528775 1.005549e-16 1.318323e-16 4.9096225e-17 -2.4451163e-17 -0.27695013 -0.31872926 0.31999303 0.57282635 0.32769186
0.28209479 -0.18366728 -0.11351261 -0.064522386 0.46871013 0.35695413 -0.27498763 -0.37549707 -0.13615312 0.079522898 -0.26380084 -0.32836164 0.26461121 0.43438157 0.19647071
0.28209479 -0.32735228 -0.20231482 -0.091828068 0.4176937 0.25864287 -0.35512793 -0.56073056 -0.18539746 0.16676239 -0.22579192 -0.34429311 0.14648357 0.12398954 -0.08444019
0.28209479 0.4252898 0.16859568 -0.21603001 0.28941847 0.24116264 0.4301936 0.48565053 -0.097566624 -0.2338361 0.024918715 -0.40141292 -0.055325627 -0.0056503074 -0.25735107
0.28209479 0.39623985 0.075675074 -0.28751721 0.16853087 0.35225817 0.5854478 0.27711964 -0.27238849 -0.12946746 0.22707659 -0.28832828 -0.24215401 0.087140283 -0.069040106
0.28209479 0.32109193 -2.067302e-17 -0.31539157 -6.3625012e-17 0.44194512 0.59520515 -8.7688745e-17 -0.27807377 3.7978762e-17 0.31735664 1.1688661e-16 -0.3827357 -6.3709602e-17 0.19339388
0.28209479 0.21257258 -0.037837537 -0.28751721 -0.18082503 0.48570026 0.43305646 -0.16851001 -0.14612948 0.064733732 0.22707659 0.30936154 -0.33388655 -0.23662861 0.3999722
0.28209479 0.097937525 -0.033719137 -0.21603001 -0.33324252 0.47899799 0.19676677 -0.14470051 -0.022468053 0.04676722 0.024918715 0.46219529 -0.10988793 -0.46362715 0.46106284
0.28209479 0.26425468 -0.10326413 -0.19916213 -0.34344618 0.39971554 0.44303972 -0.39159596 -0.032064377 0.13533223 -0.016618055 0.45010148 -0.048501051 -0.32622557 0.18862592
0.28209479 0.38417272 -0.077972137 -0.28363901 -0.18064884 0.3621242 0.58351634 -0.28957677 -0.25454729 0.13202738 0.21502506 0.3058861 -0.23993826 -0.10517775 -0.034508802
0.28209479 0.40415157 -0.18258274 -0.18838133 -0.32463298 0.24563859 0.41639912 -0.5221445 -0.021123356 0.23036509 -0.041932765 0.40959023 -0.012838528 -0.017650814 -0.21601152
0.28209479 0.47134822 -3.3266038e-17 -0.31539157 -5.8042111e-17 0.27612746 0.54590921 -1.0838436e-16 -0.40819953 6.1113614e-17 0.31735664 1.0663017e-16 -0.2391334 -1.0295554e-18 -0.3060286
0.28209479 0.50125464 -0.11833016 -0.2820948 -0.1628675 0.1628675 0.34242211 -0.29928788 -0.32716475 0.19953632 0.21026105 0.27463818 -0.10630227 0.097244527 -0.4713036
0.28209479 0.47134823 -0.25232314 -0.18838133 -0.27396361 0.038828541 0.07676476 -0.41204888 -0.024635452 0.31835673 -0.041932765 0.34566056 -0.0020294097 0.32118864 -0.46277033
0.28209479 0.50358247 0.11079715 -0.28633421 0.15249919 0.16362386 0.34560991 0.28153633 -0.34236245 -0.18896166 0.22338721 -0.26008341 -0.1112403 -0.091476698 -0.47569124
0.28209479 0.54363237 -4.4921557e-17 -0.31539157 -4.9573881e-17 0.053659723 0.12235527 -8.7079631e-17 -0.47079944 8.2526169e-17 0.31735664 9.1073035e-17 -0.046470683 6.4539656e-17 -0.61375855
0.28209479 0.52365352 -0.14771254 -0.28363901 -0.12997947 -0.067153579 -0.14749664 -0.17245059 -0.34696525 0.25011626 0.21502506 0.2200895 0.04449499 0.25529954 -0.56562082
0.28209479 0.44873342 -0.29472636 -0.19916213 -0.20434073 -0.16805166 -0.31630072 -0.12505721 -0.054448828 0.38625199 -0.016618055 0.26779761 0.020391207 0.49409636 -0.36306719
0.28209479 0.48581852 0.22315439 -0.21603001 0.24977925 0.054874398 0.11181827 0.3962207 -0.11145264 -0.30950705 0.024918715 -0.34643476 -0.012588851 -0.28088703 -0.48866428
0.28209479 0.52761693 0.1368975 -0.28751721 0.12405017 -0.052078905 -0.11525228 0.17297472 -0.36270148 -0.23420884 0.22707659 -0.21222921 0.035800776 -0.23338481 -0.57812851
0.28209479 0.51953765 -5.4122668e-17 -0.31539157 -3.932242e-17 -0.16880802 -0.36785702 -3.349412e-17 -0.4499328 9.942969e-17 0.31735664 7.2239899e-17 0.14619203 1.030843e-16 -0.50631175
0.28209479 0.45746228 -0.16028238 -0.28751721 -0.091863643 -0.26799273 -0.51421798 0.0027593432 -0.31447483 0.27421649 0.22707659 0.15716341 0.18422714 0.29048427 -0.28826296
0.28209479 0.36078108 -0.30651269 -0.21603001 -0.13504641 -0.32995128 -0.4993011 0.15544803 -0.082767543 0.42512197 0.024918715 0.18730447 0.075694815 0.46013506 -0.044660069
0.28209479 -0.20231483 0.32735226 -0.21603001 -0.070908798 -0.44508375 0.37769254 -0.38957837 0.04641347 -0.45402571 0.024918715 0.09834793 0.1021076 0.29002942 0.32961258
0.28209479 -0.11351262 0.18366726 -0.28751721 -0.01989237 -0.51788679 0.24657436 -0.27541427 0.078032359 -0.31422414 0.22707659 0.034032537 0.35601265 0.092388866 0.53545938
0.28209479 6.6899297e-17 -6.6899297e-17 -0.31539157 -4.0964005e-33 -0.54627422 -1.5328555e-16 1.0838925e-16 -5.7936491e-17 1.2290186e-16 0.31735664 7.5255682e-33 0.47308735 1.9910782e-32 0.62583574
0.28209479 0.11351262 -0.18366726 -0.28751721 -0.01989237 -0.51788679 -0.24657436 0.27541427 -0.078032359 0.31422414 0.22707659 0.034032537 0.35601265 0.092388866 0.53545938
0.28209479 0.20231483 -0.32735226 -0.21603001 -0.070908798 -0.44508375 -0.37769254 0.38957837 -0.04641347 0.45402571 0.024918715 0.09834793 0.1021076 0.29002942 0.32961258
0.28209479 0.021160373 -0.3585471 -0.19916213 -0.0079206826 -0.47870166 -0.042487112 0.50855837 -0.0025675768 0.46989191 -0.016618055 0.010380407 0.058085142 0.033747693 0.47964443
0.28209479 -0.097950989 -0.19590197 -0.28363901 0.018332349 -0.51877569 0.21313629 0.29609446 0.064900909 0.33171367 0.21502506 -0.031041499 0.34373327 -0.085118364 0.54429321
0.28209479 -0.18258275 -0.36516548 -0.18838133 0.073329397 -0.43628012 0.33411357 0.43279866 0.0095428565 0.46073018 -0.041932765 -0.09251988 0.022802585 -0.29262903 0.32926787
0.28209479 -0.21902507 -6.5481099e-17 -0.31539157 1.3701884e-17 -0.50044334 0.45974572 8.8289946e-17 0.18968127 1.2029646e-16 0.31735664 -2.5171968e-17 0.43339665 -6.28738e-17 0.42462247
0.28209479 -0.3097924 -0.19146222 -0.2820948 0.062209848 -0.42639266 0.55405061 0.18497008 0.20219893 0.32285655 0.21026105 -0.10490245 0.27830296 -0.25458948 0.18002196
0.28209479 -0.35850588 -0.33852702 -0.18838133 0.15531415 -0.30846448 0.46384235 0.1445646 0.018737642 0.42712037 -0.041932765 -0.19596025 0.016122182 -0.50204333 -0.069996272
0.28209479 -0.31123108 0.17927355 -0.28633421 -0.058249507 -0.42837283 0.55920859 -0.17399902 0.21159163 -0.30574639 0.22338721 0.099343024 0.29123089 0.2394891 0.18169788
0.28209479 -0.40826743 -6.1029087e-17 -0.31539157 2.7403767e-17 -0.36295072 0.62152892 3.2513444e-17 0.35356997 1.1211759e-16 0.31735664 -5.0343935e-17 0.31432454 -1.033978e-16 -0.073295045
0.28209479 -0.46311648 -0.16926351 -0.28363901 0.10031711 -0.25346743 0.4923584 -0.010545845 0.30685428 0.28660773 0.21502506 -0.1698633 0.16794385 -0.30790559 -0.31506409
0.28209479 -0.46181125 -0.28541504 -0.19916213 0.21715666 -0.12780224 0.24755513 -0.18924914 0.056035678 0.37404909 -0.016618055 -0.28459346 0.015507385 -0.47323914 -0.41301379
0.28209479 -0.36078108 0.30651269 -0.21603001 -0.13504641 -0.32995128 0.4993011 -0.15544803 0.082767543 -0.42512197 0.024918715 0.18730447 0.075694815 0.46013506 -0.044660069
0.28209479 -0.45746228 0.16028238 -0.28751721 -0.091863643 -0.26799273 0.51421798 -0.0027593432 0.31447483 -0.27421649 0.22707659 0.15716341 0.18422714 0.29048427 -0.28826296
0.28209479 -0.51953765 -5.4122668e-17 -0.31539157 3.932242e-17 -0.16880802 0.36785702 -3.349412e-17 0.4499328 9.942969e-17 0.31735664 -7.2239899e-17 0.14619203 -1.030843e-16 -0.50631175
0.28209479 -0.52761693 -0.1368975 -0.28751721 0.12405017 -0.052078905 0.11525228 -0.17297472 0.36270148 0.23420884 0.22707659 -0.21222921 0.035800776 -0.23338481 -0.57812851
0.28209479 -0.48581852 -0.22315439 -0.21603001 0.24977925 0.054874398 -0.11181827 -0.3962207 0.11145264 0.30950705 0.024918715 -0.34643476 -0.012588851 -0.28088703 -0.48866428
0.28209479 -0.097937525 0.033719137 -0.21603001 -0.33324252 0.47899799 -0.19676677 0.14470051 0.022468053 -0.04676722 0.024918715 0.46219529 -0.10988793 -0.46362715 0.46106284
0.28209479 -0.21257258 0.037837537 -0.28751721 -0.18082503 0.48570026 -0.43305646 0.16851001 0.14612948 -0.064733732 0.22707659 0.30936154 -0.33388655 -0.23662861 0.3999722
0.28209479 -0.32109193 -2.067302e-17 -0.31539157 6.3625012e-17 0.44194512 -0.59520515 -8.7688745e-17 0.27807377 3.7978762e-17 0.31735664 -1.1688661e-16 -0.3827357 6.3709602e-17 0.19339388
0.28209479 -0.39623985 -0.075675074 -0.28751721 0.16853087 0.35225817 -0.5854478 -0.27711964 0.27238849 0.12946746 0.22707659 -0.28832828 -0.24215401 0.087140283 -0.069040106
0.28209479 -0.4252898 -0.16859568 -0.21603001 0.28941847 0.24116264 -0.4301936 -0.48565053 0.097566624 0.2338361 0.024918715 -0.40141292 -0.055325627 -0.0056503074 -0.25735107
0.28209479 -0.29849288 -0.11833016 -0.19916213 0.33855093 0.37484003 -0.4692982 -0.43126876 0.036218803 0.15507694 -0.016618055 -0.44368604 -0.045482684 0.27162065 0.10781063
0.28209479 -0.22568469 -0.043101937 -0.28363901 0.19197885 0.4772725 -0.45179087 -0.18951413 0.14953541 0.072982942 0.21502506 -0.3250708 -0.31623385 0.24290216 0.37090051
0.28209479 -0.10872648 -0.043101938 -0.18838133 0.36995304 0.46027748 -0.20990558 -0.17813844 0.00568269 0.054381821 -0.041932765 -0.46677066 -0.024056829 0.49113452 0.41951026
0.28209479 -0.11695821 -7.2035066e-18 -0.31539157 6.6510341e-17 0.53360687 -0.26177073 -3.4471774e-17 0.10128878 1.3233687e-17 0.31735664 -1.221873e-16 -0.46211711 1.027615e-16 0.56845972
0.28209479 -1.290901e-16 -2.4654013e-17 -0.2820948 0.2013153 0.52705032 -2.853737e-16 -1.1561519e-16 8.4256036e-17 4.1573264e-17 0.21026105 -0.33947146 -0.34400137 0.3146899 0.58256328
0.28209479 0.10872648 0.043101938 -0.18838133 0.36995304 0.46027748 0.20990558 0.17813844 -0.00568269 -0.054381821 -0.041932765 -0.46677066 -0.024056829 0.49113452 0.41951026
0.28209479 -1.2968959e-16 2.3084514e-17 -0.28633421 -0.18849936 0.52949794 -2.8803041e-16 1.0875775e-16 8.816996e-17 -3.9370041e-17 0.22338721 0.32148078 -0.35998118 -0.29602481 0.5879867
0.28209479 0.11695821 7.2035066e-18 -0.31539157 6.6510341e-17 0.53360687 0.26177073 3.4471774e-17 -0.10128878 -1.3233687e-17 0.31735664 -1.221873e-16 -0.46211711 1.027615e-16 0.56845972
0.28209479 0.22568469 0.043101937 -0.28363901 0.19197885 0.4772725 0.45179087 0.18951413 -0.14953541 -0.072982942 0.21502506 -0.3250708 -0.31623385 0.24290216 0.37090051
0.28209479 0.29849288 0.11833016 -0.19916213 0.33855093 0.37484003 0.4692982 0.43126876 -0.036218803 -0.15507694 -0.016618055 -0.44368604 -0.045482684 0.27162065 0.10781063
0.28209479 0.097937525 -0.033719137 -0.21603001 -0.33324252 0.47899799 0.19676677 -0.14470051 -0.022468053 0.04676722 0.024918715 0.46219529 -0.10988793 -0.46362715 0.46106284
0.28209479 0.21257258 -0.037837537 -0.28751721 -0.18082503 0.48570026 0.43305646 -0.16851001 -0.14612948 0.064733732 0.22707659 0.30936154 -0.33388655 -0.23662861 0.3999722
0.28209479 0.32109193 2.067302e-17 -0.31539157 6.3625012e-17 0.44194512 0.59520515 8.7688745e-17 -0.27807377 -3.7978762e-17 0.31735664 -1.1688661e-16 -0.3827357 6.3709602e-17 0.19339388
0.28209479 0.39623985 0.075675074 -0.28751721 0.16853087 0.35225817 0.5854478 0.27711964 -0.27238849 -0.12946746 0.22707659 -0.28832828 -0.24215401 0.087140283 -0.069040106
0.28209479 0.4252898 0.16859568 -0.21603001 0.28941847 0.24116264 0.4301936 0.48565053 -0.097566624 -0.2338361 0.024918715 -0.40141292 -0.055325627 -0.0056503074 -0.25735107
0.28209479 0.36078108 -0.30651269 -0.21603001 -0.13504641 -0.32995128 -0.4993011 0.15544803 -0.082767543 0.42512197 0.024918715 0.18730447 0.075694815 0.46013506 -0.044660069
0.28209479 0.45746228 -0.16028238 -0.28751721 -0.091863643 -0.26799273 -0.51421798 0.0027593432 -0.31447483 0.27421649 0.22707659 0.15716341 0.18422714 0.29048427 -0.28826296
0.28209479 0.51953765 5.4122668e-17 -0.31539157 3.932242e-17 -0.16880802 -0.36785702 3.349412e-17 -0.4499328 -9.942969e-17 0.31735664 -7.2239899e-17 0.14619203 -1.030843e-16 -0.50631175
0.28209479 0.52761693 0.1368975 -0.28751721 0.12405017 -0.052078905 -0.11525228 0.17297472 -0.36270148 -0.23420884 0.22707659 -0.21222921 0.035800776 -0.23338481 -0.57812851
0.28209479 0.48581852 0.22315439 -0.21603001 0.24977925 0.054874398 0.11181827 0.3962207 -0.11145264 -0.30950705 0.024918715 -0.34643476 -0.012588851 -0.28088703 -0.48866428
0.28209479 0.46181125 0.28541504 -0.19916213 0.21715666 -0.12780224 -0.24755513 0.18924914 -0.056035678 -0.37404909 -0.016618055 -0.28459346 0.015507385 -0.47323914 -0.41301379
0.28209479 0.46311648 0.16926351 -0.28363901 0.10031711 -0.25346743 -0.4923584 0.010545845 -0.30685428 -0.28660773 0.21502506 -0.1698633 0.16794385 -0.30790559 -0.31506409
0.28209479 0.35850588 0.33852702 -0.18838133 0.15531415 -0.30846448 -0.46384235 -0.1445646 -0.018737642 -0.42712037 -0.041932765 -0.19596025 0.016122182 -0.50204333 -0.069996272
0.28209479 0.40826743 6.1029087e-17 -0.31539157 2.7403767e-17 -0.36295072 -0.62152892 -3.2513444e-17 -0.35356997 -1.1211759e-16 0.31735664 -5.0343935e-17 0.31432454 -1.033978e-16 -0.073295045
0.28209479 0.3097924 0.19146222 -0.2820948 0.062209848 -0.42639266 -0.55405061 -0.18497008 -0.20219893 -0.32285655 0.21026105 -0.10490245 0.27830296 -0.25458948 0.18002196
0.28209479 0.18258275 0.36516548 -0.18838133 0.073329397 -0.43628012 -0.33411357 -0.43279866 -0.0095428565 -0.46073018 -0.041932765 -0.09251988 0.022802585 -0.29262903 0.32926787
0.28209479 0.31123108 -0.17927355 -0.28633421 -0.058249507 -0.42837283 -0.55920859 0.17399902 -0.21159163 0.30574639 0.22338721 0.099343024 0.29123089 0.2394891 0.18169788
0.28209479 0.21902507 6.5481099e-17 -0.31539157 1.3701884e-17 -0.50044334 -0.45974572 -8.8289946e-17 -0.18968127 -1.2029646e-16 0.31735664 -2.5171968e-17 0.43339665 -6.28738e-17 0.42462247
0.28209479 0.097950989 0.19590197 -0.28363901 0.018332349 -0.51877569 -0.21313629 -0.29609446 -0.064900909 -0.33171367 0.21502506 -0.031041499 0.34373327 -0.085118364 0.54429321
0.28209479 -0.021160373 0.3585471 -0.19916213 -0.0079206826 -0.47870166 0.042487112 -0.50855837 0.0025675768 -0.46989191 -0.016618055 0.010380407 0.058085142 0.033747693 0.47964443
0.28209479 0.20231483 -0.32735226 -0.21603001 -0.070908798 -0.44508375 -0.37769254 0.38957837 -0.04641347 0.45402571 0.024918715 0.09834793 0.1021076 0.29002942 0.32961258
0.28209479 0.11351262 -0.18366726 -0.28751721 -0.01989237 -0.51788679 -0.24657436 0.27541427 -0.078032359 0.31422414 0.22707659 0.034032537 0.35601265 0.092388866 0.53545938
0.28209479 2.0069789e-16 6.6899297e-17 -0.31539157 1.2289201e-32 -0.54627422 -4.5985664e-16 -1.0838925e-16 -1.7380947e-16 -1.2290186e-16 0.31735664 -2.2576705e-32 0.47308735 -5.9732346e-32 0.62583574
0.28209479 -0.11351262 0.18366726 -0.28751721 -0.01989237 -0.51788679 0.24657436 -0.27541427 0.078032359 -0.31422414 0.22707659 0.034032537 0.35601265 0.092388866 0.53545938
0.28209479 -0.20231483 0.32735226 -0.21603001 -0.070908798 -0.44508375 0.37769254 -0.38957837 0.04641347 -0.45402571 0.024918715 0.09834793 0.1021076 0.29002942 0.32961258
0.28209479 -0.48581852 -0.22315439 -0.21603001 0.24977925 0.054874398 -0.11181827 -0.3962207 0.11145264 0.30950705 0.024918715 -0.34643476 -0.012588851 -0.28088703 -0.48866428
0.28209479 -0.52761693 -0.1368975 -0.28751721 0.12405017 -0.052078905 0.11525228 -0.17297472 0.36270148 0.23420884 0.22707659 -0.21222921 0.035800776 -0.23338481 -0.57812851
0.28209479 -0.51953765 5.4122668e-17 -0.31539157 -3.932242e-17 -0.16880802 0.36785702 3.349412e-17 0.4499328 -9.942969e-17 0.31735664 7.2239899e-17 0.14619203 1.030843e-16 -0.50631175
0.28209479 -0.45746228 0.16028238 -0.28751721 -0.091863643 -0.26799273 0.51421798 -0.0027593432 0.31447483 -0.27421649 0.22707659 0.15716341 0.18422714 0.29048427 -0.28826296
0.28209479 -0.36078108 0.30651269 -0.21603001 -0.13504641 -0.32995128 0.4993011 -0.15544803 0.082767543 -0.42512197 0.024918715 0.18730447 0.075694815 0.46013506 -0.044660069
0.28209479 -0.44873342 0.29472636 -0.19916213 -0.20434073 -0.16805166 0.31630072 0.12505721 0.054448828 -0.38625199 -0.016618055 0.26779761 0.020391207 0.49409636 -0.36306719
0.28209479 -0.52365352 0.14771254 -0.28363901 -0.12997947 -0.067153579 0.14749664 0.17245059 0.34696525 -0.25011626 0.21502506 0.2200895 0.04449499 0.25529954 -0.56562082
0.28209479 -0.47134823 0.25232314 -0.18838133 -0.27396361 0.038828541 -0.07676476 0.41204888 0.024635452 -0.31835673 -0.041932765 0.34566056 -0.0020294097 0.32118864 -0.46277033
0.28209479 -0.54363237 4.4921557e-17 -0.31539157 -4.9573881e-17 0.053659723 -0.12235527 8.7079631e-17 0.47079944 -8.2526169e-17 0.31735664 9.1073035e-17 -0.046470683 6.4539656e-17 -0.61375855
0.28209479 -0.50125464 0.11833016 -0.2820948 -0.1628675 0.1628675 -0.34242211 0.29928788 0.32716475 -0.19953632 0.21026105 0.27463818 -0.10630227 0.097244527 -0.4713036
0.28209479 -0.40415157 0.18258274 -0.18838133 -0.32463298 0.24563859 -0.41639912 0.5221445 0.021123356 -0.23036509 -0.041932765 0.40959023 -0.012838528 -0.017650814 -0.21601152
0.28209479 -0.50358247 -0.11079715 -0.28633421 0.15249919 0.16362386 -0.34560991 -0.28153633 0.34236245 0.18896166 0.22338721 -0.26008341 -0.1112403 -0.091476698 -0.47569124
0.28209479 -0.47134822 3.3266038e-17 -0.31539157 -5.8042111e-17 0.27612746 -0.54590921 1.0838436e-16 0.40819953 -6.1113614e-17 0.31735664 1.0663017e-16 -0.2391334 -1.0295554e-18 -0.3060286
0.28209479 -0.38417272 0.077972137 -0.28363901 -0.18064884 0.3621242 -0.58351634 0.28957677 0.25454729 -0.13202738 0.21502506 0.3058861 -0.23993826 -0.10517775 -0.034508802
0.28209479 -0.26425468 0.10326413 -0.19916213 -0.34344618 0.39971554 -0.44303972 0.39159596 0.032064377 -0.13533223 -0.016618055 0.45010148 -0.048501051 -0.32622557 0.18862592
0.28209479 -0.4252898 -0.16859568 -0.21603001 0.28941847 0.24116264 -0.4301936 -0.48565053 0.097566624 0.2338361 0.024918715 -0.40141292 -0.055325627 -0.0056503074 -0.25735107
0.28209479 -0.39623985 -0.075675074 -0.28751721 0.16853087 0.35225817 -0.5854478 -0.27711964 0.27238849 0.12946746 0.22707659 -0.28832828 -0.24215401 0.087140283 -0.069040106
0.28209479 -0.32109193 2.067302e-17 -0.31539157 -6.3625012e-17 0.44194512 -0.59520515 8.7688745e-17 0.27807377 -3.7978762e-17 0.31735664 1.1688661e-16 -0.3827357 -6.3709602e-17 0.19339388
0.28209479 -0.21257258 0.037837537 -0.28751721 -0.18082503 0.48570026 -0.43305646 0.16851001 0.14612948 -0.064733732 0.22707659 0.30936154 -0.33388655 -0.23662861 0.3999722
0.28209479 -0.097937525 0.033719137 -0.21603001 -0.33324252 0.47899799 -0.19676677 0.14470051 0.022468053 -0.04676722 0.024918715 0.46219529 -0.10988793 -0.46362715 0.46106284
0.28209479 0.46181125 0.28541504 -0.19916213 0.21715666 -0.12780224 -0.24755513 0.18924914 -0.056035678 -0.37404909 -0.016618055 -0.28459346 0.015507385 -0.47323914 -0.41301379
0.28209479 0.35850588 0.33852702 -0.18838133 0.15531415 -0.30846448 -0.46384235 -0.1445646 -0.018737642 -0.42712037 -0.041932765 -0.19596025 0.016122182 -0.50204333 -0.069996272
0.28209479 0.46311648 0.16926351 -0.28363901 0.10031711 -0.25346743 -0.4923584 0.010545845 -0.30685428 -0.28660773 0.21502506 -0.1698633 0.16794385 -0.30790559 -0.31506409
0.28209479 0.18258275 0.36516548 -0.18838133 0.073329397 -0.43628012 -0.33411357 -0.43279866 -0.0095428565 -0.46073018 -0.041932765 -0.09251988 0.022802585 -0.29262903 0.32926787
0.28209479 0.3097924 0.19146222 -0.2820948 0.062209848 -0.42639266 -0.55405061 -0.18497008 -0.20219893 -0.32285655 0.21026105 -0.10490245 0.27830296 -0.25458948 0.18002196
0.28209479 0.40826743 -6.1029087e-17 -0.31539157 -2.7403767e-17 -0.36295072 -0.62152892 3.2513444e-17 -0.35356997 1.1211759e-16 0.31735664 5.0343935e-17 0.31432454 1.033978e-16 -0.073295045
0.28209479 -0.021160373 0.3585471 -0.19916213 -0.0079206826 -0.47870166 0.042487112 -0.50855837 0.0025675768 -0.46989191 -0.016618055 0.010380407 0.058085142 0.033747693 0.47964443
0.28209479 0.097950989 0.19590197 -0.28363901 0.018332349 -0.51877569 -0.21313629 -0.29609446 -0.064900909 -0.33171367 0.21502506 -0.031041499 0.34373327 -0.085118364 0.54429321
0.28209479 0.21902507 -6.5481099e-17 -0.31539157 -1.3701884e-17 -0.50044334 -0.45974572 8.8289946e-17 -0.18968127 1.2029646e-16 0.31735664 2.5171968e-17 0.43339665 6.28738e-17 0.42462247
0.28209479 0.31123108 -0.17927355 -0.28633421 -0.058249507 -0.42837283 -0.55920859 0.17399902 -0.21159163 0.30574639 0.22338721 0.099343024 0.29123089 0.2394891 0.18169788
0.28209479 -0.44873342 0.29472636 -0.19916213 -0.20434073 -0.16805166 0.31630072 0.12505721 0.054448828 -0.38625199 -0.016618055 0.26779761 0.020391207 0.49409636 -0.36306719
0.28209479 -0.47134823 0.25232314 -0.18838133 -0.27396361 0.038828541 -0.07676476 0.41204888 0.024635452 -0.31835673 -0.041932765 0.34566056 -0.0020294097 0.32118864 -0.46277033
0.28209479 -0.52365352 0.14771254 -0.28363901 -0.12997947 -0.067153579 0.14749664 0.17245059 0.34696525 -0.25011626 0.21502506 0.2200895 0.04449499 0.25529954 -0.56562082
0.28209479 -0.40415157 0.18258274 -0.18838133 -0.32463298 0.24563859 -0.41639912 0.5221445 0.021123356 -0.23036509 -0.041932765 0.40959023 -0.012838528 -0.017650814 -0.21601152
0.28209479 -0.50125464 0.11833016 -0.2820948 -0.1628675 0.1628675 -0.34242211 0.29928788 0.32716475 -0.19953632 0.21026105 0.27463818 -0.10630227 0.097244527 -0.4713036
0.28209479 -0.54363237 -4.4921557e-17 -0.31539157 4.9573881e-17 0.053659723 -0.12235527 -8.7079631e-17 0.47079944 8.2526169e-17 0.31735664 -9.1073035e-17 -0.046470683 -6.4539656e-17 -0.61375855
0.28209479 -0.26425468 0.10326413 -0.19916213 -0.34344618 0.39971554 -0.44303972 0.39159596 0.032064377 -0.13533223 -0.016618055 0.45010148 -0.048501051 -0.32622557 0.18862592
0.28209479 -0.38417272 0.077972137 -0.28363901 -0.18064884 0.3621242 -0.58351634 0.28957677 0.25454729 -0.13202738 0.21502506 0.3058861 -0.23993826 -0.10517775 -0.034508802
0.28209479 -0.47134822 -3.3266038e-17 -0.31539157 5.8042111e-17 0.27612746 -0.54590921 -1.0838436e-16 0.40819953 6.1113614e-17 0.31735664 -1.0663017e-16 -0.2391334 1.0295554e-18 -0.3060286
0.28209479 -0.50358247 -0.11079715 -0.28633421 0.15249919 0.16362386 -0.34560991 -0.28153633 0.34236245 0.18896166 0.22338721 -0.26008341 -0.1112403 -0.091476698 -0.47569124
0.28209479 0.26425468 -0.10326413 -0.19916213 -0.34344618 0.39971554 0.44303972 -0.39159596 -0.032064377 0.13533223 -0.016618055 0.45010148 -0.048501051 -0.32622557 0.18862592
0.28209479 0.40415157 -0.18258274 -0.18838133 -0.32463298 0.24563859 0.41639912 -0.5221445 -0.021123356 0.23036509 -0.041932765 0.40959023 -0.012838528 -0.017650814 -0.21601152
0.28209479 0.38417272 -0.077972137 -0.28363901 -0.18064884 0.3621242 0.58351634 -0.28957677 -0.25454729 0.13202738 0.21502506 0.3058861 -0.23993826 -0.10517775 -0.034508802
0.28209479 0.47134823 -0.25232314 -0.18838133 -0.27396361 0.038828541 0.07676476 -0.41204888 -0.024635452 0.31835673 -0.041932765 0.34566056 -0.0020294097 0.32118864 -0.46277033
0.28209479 0.50125464 -0.11833016 -0.2820948 -0.1628675 0.1628675 0.34242211 -0.29928788 -0.32716475 0.19953632 0.21026105 0.27463818 -0.10630227 0.097244527 -0.4713036
0.28209479 0.47134822 3.3266038e-17 -0.31539157 5.8042111e-17 0.27612746 0.54590921 1.0838436e-16 -0.40819953 -6.1113614e-17 0.31735664 -1.0663017e-16 -0.2391334 1.0295554e-18 -0.3060286
0.28209479 0.44873342 -0.29472636 -0.19916213 -0.20434073 -0.16805166 -0.31630072 -0.12505721 -0.054448828 0.38625199 -0.016618055 0.26779761 0.020391207 0.49409636 -0.36306719
0.28209479 0.52365352 -0.14771254 -0.28363901 -0.12997947 -0.067153579 -0.14749664 -0.17245059 -0.34696525 0.25011626 0.21502506 0.2200895 0.04449499 0.25529954 -0.56562082
0.28209479 0.54363237 4.4921557e-17 -0.31539157 4.9573881e-17 0.053659723 0.12235527 8.7079631e-17 -0.47079944 -8.2526169e-17 0.31735664 -9.1073035e-17 -0.046470683 -6.4539656e-17 -0.61375855
0.28209479 0.50358247 0.11079715 -0.28633421 0.15249919 0.16362386 0.34560991 0.28153633 -0.34236245 -0.18896166 0.22338721 -0.26008341 -0.1112403 -0.091476698 -0.47569124
0.28209479 0.021160373 -0.3585471 -0.19916213 -0.0079206826 -0.47870166 -0.042487112 0.50855837 -0.0025675768 0.46989191 -0.016618055 0.010380407 0.058085142 0.033747693 0.47964443
0.28209479 -0.18258275 -0.36516548 -0.18838133 0.073329397 -0.43628012 0.33411357 0.43279866 0.0095428565 0.46073018 -0.041932765 -0.09251988 0.022802585 -0.29262903 0.32926787
0.28209479 -0.097950989 -0.19590197 -0.28363901 0.018332349 -0.51877569 0.21313629 0.29609446 0.064900909 0.33171367 0.21502506 -0.031041499 0.34373327 -0.085118364 0.54429321
0.28209479 -0.35850588 -0.33852702 -0.18838133 0.15531415 -0.30846448 0.46384235 0.1445646 0.018737642 0.42712037 -0.041932765 -0.19596025 0.016122182 -0.50204333 -0.069996272
0.28209479 -0.3097924 -0.19146222 -0.2820948 0.062209848 -0.42639266 0.55405061 0.18497008 0.20219893 0.32285655 0.21026105 -0.10490245 0.27830296 -0.25458948 0.18002196
0.28209479 -0.21902507 6.5481099e-17 -0.31539157 -1.3701884e-17 -0.50044334 0.45974572 -8.8289946e-17 0.18968127 -1.2029646e-16 0.31735664 2.5171968e-17 0.43339665 6.28738e-17 0.42462247
0.28209479 -0.46181125 -0.28541504 -0.19916213 0.21715666 -0.12780224 0.24755513 -0.18924914 0.056035678 0.37404909 -0.016618055 -0.28459346 0.015507385 -0.47323914 -0.41301379
0.28209479 -0.46311648 -0.16926351 -0.28363901 0.10031711 -0.25346743 0.4923584 -0.010545845 0.30685428 0.28660773 0.21502506 -0.1698633 0.16794385 -0.30790559 -0.31506409
0.28209479 -0.40826743 6.1029087e-17 -0.31539157 -2.7403767e-17 -0.36295072 0.62152892 -3.2513444e-17 0.35356997 -1.1211759e-16 0.31735664 5.0343935e-17 0.31432454 1.033978e-16 -0.073295045
0.28209479 -0.31123108 0.17927355 -0.28633421 -0.058249507 -0.42837283 0.55920859 -0.17399902 0.21159163 -0.30574639 0.22338721 0.099343024 0.29123089 0.2394891 0.18169788
0.28209479 -0.29849288 -0.11833016 -0.19916213 0.33855093 0.37484003 -0.4692982 -0.43126876 0.036218803 0.15507694 -0.016618055 -0.44368604 -0.045482684 0.27162065 0.10781063
0.28209479 -0.10872648 -0.043101938 -0.18838133 0.36995304 0.46027748 -0.20990558 -0.17813844 0.00568269 0.054381821 -0.041932765 -0.46677066 -0.024056829 0.49113452 0.41951026
0.28209479 -0.22568469 -0.043101937 -0.28363901 0.19197885 0.4772725 -0.45179087 -0.18951413 0.14953541 0.072982942 0.21502506 -0.3250708 -0.31623385 0.24290216 0.37090051
0.28209479 0.10872648 0.043101938 -0.18838133 0.36995304 0.46027748 0.20990558 0.17813844 -0.00568269 -0.054381821 -0.041932765 -0.46677066 -0.024056829 0.49113452 0.41951026
0.28209479 3.7482909e-17 7.1585983e-18 -0.2820948 0.2013153 0.52705032 8.2861791e-17 3.3570304e-17 -2.4464784e-17 -1.2071312e-17 0.21026105 -0.33947146 -0.34400137 0.3146899 0.58256328
0.28209479 -0.11695821 7.2035066e-18 -0.31539157 -6.6510341e-17 0.53360687 -0.26177073 3.4471774e-17 0.10128878 -1.3233687e-17 0.31735664 1.221873e-16 -0.46211711 -1.027615e-16 0.56845972
0.28209479 0.29849288 0.11833016 -0.19916213 0.33855093 0.37484003 0.4692982 0.43126876 -0.036218803 -0.15507694 -0.016618055 -0.44368604 -0.045482684 0.27162065 0.10781063
0.28209479 0.22568469 0.043101937 -0.28363901 0.19197885 0.4772725 0.45179087 0.18951413 -0.14953541 -0.072982942 0.21502506 -0.3250708 -0.31623385 0.24290216 0.37090051
0.28209479 0.11695821 -7.2035066e-18 -0.31539157 -6.6510341e-17 0.53360687 0.26177073 -3.4471774e-17 -0.10128878 1.3233687e-17 0.31735664 1.221873e-16 -0.46211711 -1.027615e-16 0.56845972
0.28209479 1.0529013e-16 -1.8741454e-17 -0.28633421 -0.18849936 0.52949794 2.3384112e-16 -8.829635e-17 -7.1581892e-17 3.1963063e-17 0.22338721 0.32148078 -0.35998118 -0.29602481 0.5879867
