0 0 1
0.8944272 0 0.44721358
0.27639321 0.85065082 0.44721358
-0.72360681 0.52573112 0.44721358
-0.72360681 -0.52573112 0.44721358
0.27639321 -0.85065082 0.44721358
0.72360681 0.52573112 -0.44721358
-0.27639321 0.85065082 -0.44721358
-0.8944272 1.0953574e-16 -0.44721358
-0.27639321 -0.85065082 -0.44721358
0.72360681 -0.52573112 -0.44721358
0 0 -1
0.75344306 0 0.65751316
0.23282671 0.71656693 0.65751316
0.52573112 0 0.8506508
0.16245985 0.50000001 0.8506508
0.25114769 0 0.96794878
0.36180341 0.26286556 0.89442719
0.077608903 0.23885564 0.96794878
0.63819661 0.26286556 0.72360679
0.4472136 0.52573112 0.72360679
0.83105196 0.23885564 0.50229535
0.68819097 0.50000001 0.52573109
0.4839744 0.71656693 0.50229535
-0.60954824 0.44286272 0.65751316
-0.42532541 0.309017 0.8506508
-0.1381966 0.42532541 0.89442719
-0.20318275 0.14762091 0.96794878
-0.052786405 0.68819097 0.72360679
-0.36180341 0.58778526 0.72360679
0.029643963 0.86418784 0.50229535
-0.26286556 0.80901701 0.52573109
-0.53193934 0.68171836 0.50229535
-0.60954824 -0.44286272 0.65751316
-0.42532541 -0.309017 0.8506508
-0.4472136 1.0292334e-16 0.89442719
-0.20318275 -0.14762091 0.96794878
-0.67082041 0.16245985 0.72360679
-0.67082041 -0.16245985 0.72360679
-0.81273099 0.29524181 0.50229535
-0.85065082 1.3051454e-16 0.52573109
-0.81273099 -0.29524181 0.50229535
0.23282671 -0.71656693 0.65751316
0.16245985 -0.50000001 0.8506508
-0.1381966 -0.42532541 0.89442719
0.077608903 -0.23885564 0.96794878
-0.36180341 -0.58778526 0.72360679
-0.052786405 -0.68819097 0.72360679
-0.53193934 -0.68171836 0.50229535
-0.26286556 -0.80901701 0.52573109
0.029643963 -0.86418784 0.50229535
0.36180341 -0.26286556 0.89442719
0.4472136 -0.52573112 0.72360679
0.63819661 -0.26286556 0.72360679
0.4839744 -0.71656693 0.50229535
0.68819097 -0.50000001 0.52573109
0.83105196 -0.23885564 0.50229535
-0.23282671 0.71656693 -0.65751316
0.60954824 0.44286272 -0.65751316
-0.16245985 0.50000001 -0.8506508
0.42532541 0.309017 -0.8506508
-0.077608903 0.23885564 -0.96794878
0.1381966 0.42532541 -0.89442719
0.20318275 0.14762091 -0.96794878
0.052786405 0.68819097 -0.72360679
0.36180341 0.58778526 -0.72360679
-0.029643963 0.86418784 -0.50229535
0.26286556 0.80901701 -0.52573109
0.53193934 0.68171836 -0.50229535
-0.75344306 9.2270163e-17 -0.65751316
-0.52573112 6.4383493e-17 -0.8506508
-0.25114769 3.0756721e-17 -0.96794878
-0.36180341 0.26286556 -0.89442719
-0.63819661 0.26286556 -0.72360679
-0.4472136 0.52573112 -0.72360679
-0.83105196 0.23885564 -0.50229535
-0.68819097 0.50000001 -0.52573109
-0.4839744 0.71656693 -0.50229535
-0.23282671 -0.71656693 -0.65751316
-0.16245985 -0.50000001 -0.8506508
-0.077608903 -0.23885564 -0.96794878
-0.36180341 -0.26286556 -0.89442719
-0.4472136 -0.52573112 -0.72360679
-0.63819661 -0.26286556 -0.72360679
-0.4839744 -0.71656693 -0.50229535
-0.68819097 -0.50000001 -0.52573109
-0.83105196 -0.23885564 -0.50229535
0.60954824 -0.44286272 -0.65751316
0.42532541 -0.309017 -0.8506508
0.20318275 -0.14762091 -0.96794878
0.1381966 -0.42532541 -0.89442719
0.36180341 -0.58778526 -0.72360679
0.052786405 -0.68819097 -0.72360679
0.53193934 -0.68171836 -0.50229535
0.26286556 -0.80901701 -0.52573109
-0.029643963 -0.86418784 -0.50229535
0.4472136 -3.4307778e-17 -0.89442719
0.67082041 0.16245985 -0.72360679
0.67082041 -0.16245985 -0.72360679
0.81273099 0.29524181 -0.50229535
0.85065082 0 -0.52573109
0.81273099 -0.29524181 -0.50229535
0.86069592 0.44286271 -0.25114767
0.95105652 0.30901699 -3.2628636e-17
0.9566258 0.1476209 0.25114767
0.8618034 0.42532541 0.27639319
0.80901699 0.58778525 0
0.6708204 0.68819096 0.27639319
0.68715714 0.68171836 -0.25114767
0.58778525 0.80901699 0
0.43600945 0.86418783 0.25114767
-0.15521781 0.95542257 -0.25114767
6.5257271e-17 1 -3.2628636e-17
0.15521781 0.95542257 0.25114767
-0.1381966 0.95105652 0.27639319
-0.30901699 0.95105652 0
-0.4472136 0.85065081 0.27639319
-0.43600945 0.86418783 -0.25114767
-0.58778525 0.80901699 0
-0.68715714 0.68171836 0.25114767
-0.9566258 0.1476209 -0.25114767
-0.95105652 0.30901699 -3.2628636e-17
-0.86069592 0.44286271 0.25114767
-0.9472136 0.16245985 0.27639319
-1 1.3723111e-16 0
-0.9472136 -0.16245985 0.27639319
-0.9566258 -0.1476209 -0.25114767
-0.95105652 -0.30901699 0
-0.86069592 -0.44286271 0.25114767
-0.43600945 -0.86418783 -0.25114767
-0.58778525 -0.80901699 -3.2628636e-17
-0.68715714 -0.68171836 0.25114767
-0.4472136 -0.85065081 0.27639319
-0.30901699 -0.95105652 0
-0.1381966 -0.95105652 0.27639319
-0.15521781 -0.95542257 -0.25114767
-1.9577181e-16 -1 0
0.15521781 -0.95542257 0.25114767
0.68715714 -0.68171836 -0.25114767
0.58778525 -0.80901699 -3.2628636e-17
0.43600945 -0.86418783 0.25114767
0.6708204 -0.68819096 0.27639319
0.80901699 -0.58778525 0
0.8618034 -0.42532541 0.27639319
0.86069592 -0.44286271 -0.25114767
0.95105652 -0.30901699 0
0.9566258 -0.1476209 0.25114767
0.4472136 0.85065081 -0.27639319
0.1381966 0.95105652 -0.27639319
0.30901699 0.95105652 6.8615556e-17
-0.6708204 0.68819096 -0.27639319
-0.8618034 0.42532541 -0.27639319
-0.80901699 0.58778525 6.8615556e-17
-0.8618034 -0.42532541 -0.27639319
-0.6708204 -0.68819096 -0.27639319
-0.80901699 -0.58778525 6.8615556e-17
0.1381966 -0.95105652 -0.27639319
0.4472136 -0.85065081 -0.27639319
0.30901699 -0.95105652 6.8615556e-17
0.9472136 -0.16245985 -0.27639319
0.9472136 0.16245985 -0.27639319
1 -6.8615556e-17 6.8615556e-17
