0 0 1
0.8944272 0 0.44721358
0.27639321 0.85065082 0.44721358
-0.72360681 0.52573112 0.44721358
-0.72360681 -0.52573112 0.44721358
0.27639321 -0.85065082 0.44721358
0.72360681 0.52573112 -0.44721358
-0.27639321 0.85065082 -0.44721358
-0.8944272 1.0953574e-16 -0.44721358
-0.27639321 -0.85065082 -0.44721358
0.72360681 -0.52573112 -0.44721358
0 0 -1
0.78869027 0 0.61479074
0.2437187 0.75008902 0.61479074
0.6261124 0 0.77973281
0.19347937 0.59546828 0.77973281
0.41740827 0 0.90871906
0.12898625 0.39697885 0.90871906
0.19717257 0 0.9803688
0.28181067 0.20474744 0.93736932
0.060929674 0.18752226 0.9803688
0.51382241 0.21163731 0.83138209
0.3600589 0.42327462 0.83138209
0.71237906 0.20474744 0.67126341
0.58258754 0.42327462 0.69385183
0.41486362 0.61424231 0.67126341
0.84961994 0.18752225 0.49293139
0.75509865 0.39697885 0.52176031
0.61088764 0.59546828 0.52176031
0.44089126 0.75008902 0.49293139
-0.63806383 0.46358051 0.61479074
-0.50653557 0.36801964 0.77973281
-0.33769038 0.24534642 0.90871906
-0.1076421 0.33128831 0.93736932
-0.15951596 0.11589513 0.9803688
-0.042499188 0.55407367 0.83138209
-0.29129377 0.47323541 0.83138209
0.025410852 0.74078318 0.67126341
-0.22252864 0.68487272 0.69385183
-0.45597924 0.58437006 0.67126341
0.084202739 0.86598415 0.49293139
-0.14421101 0.8408147 0.52176031
-0.37754933 0.76499849 0.52176031
-0.57713416 0.65110276 0.49293139
-0.63806383 -0.46358051 0.61479074
-0.50653557 -0.36801964 0.77973281
-0.33769038 -0.24534642 0.90871906
-0.34833714 5.0104721e-17 0.93736932
-0.15951596 -0.11589513 0.9803688
-0.54008835 0.13079905 0.83138209
-0.54008835 -0.13079905 0.83138209
-0.69667429 0.25308175 0.67126341
-0.7201178 6.9054367e-17 0.69385183
-0.69667429 -0.25308175 0.67126341
-0.79757979 0.34768538 0.49293139
-0.84422596 0.12267321 0.52176031
-0.84422596 -0.12267321 0.52176031
-0.79757979 -0.34768538 0.49293139
0.2437187 -0.75008902 0.61479074
0.19347937 -0.59546828 0.77973281
0.12898625 -0.39697885 0.90871906
-0.1076421 -0.33128831 0.93736932
0.060929674 -0.18752226 0.9803688
-0.29129377 -0.47323541 0.83138209
-0.042499188 -0.55407367 0.83138209
-0.45597924 -0.58437006 0.67126341
-0.22252864 -0.68487272 0.69385183
0.025410852 -0.74078318 0.67126341
-0.57713416 -0.65110276 0.49293139
-0.37754933 -0.76499849 0.52176031
-0.14421101 -0.8408147 0.52176031
0.084202739 -0.86598415 0.49293139
0.28181067 -0.20474744 0.93736932
0.3600589 -0.42327462 0.83138209
0.51382241 -0.21163731 0.83138209
0.41486362 -0.61424231 0.67126341
0.58258754 -0.42327462 0.69385183
0.71237906 -0.20474744 0.67126341
0.44089126 -0.75008902 0.49293139
0.61088764 -0.59546828 0.52176031
0.75509865 -0.39697885 0.52176031
0.84961994 -0.18752225 0.49293139
-0.2437187 0.75008902 -0.61479074
0.63806383 0.46358051 -0.61479074
-0.19347937 0.59546828 -0.77973281
0.50653557 0.36801964 -0.77973281
-0.12898625 0.39697885 -0.90871906
0.33769038 0.24534642 -0.90871906
-0.060929674 0.18752226 -0.9803688
0.1076421 0.33128831 -0.93736932
0.15951596 0.11589513 -0.9803688
0.042499188 0.55407367 -0.83138209
0.29129377 0.47323541 -0.83138209
-0.025410852 0.74078318 -0.67126341
0.22252864 0.68487272 -0.69385183
0.45597924 0.58437006 -0.67126341
-0.084202739 0.86598415 -0.49293139
0.14421101 0.8408147 -0.52176031
0.37754933 0.76499849 -0.52176031
0.57713416 0.65110276 -0.49293139
-0.78869027 9.6586701e-17 -0.61479074
-0.6261124 7.6676655e-17 -0.77973281
-0.41740827 5.111777e-17 -0.90871906
-0.19717257 2.4146675e-17 -0.9803688
-0.28181067 0.20474744 -0.93736932
-0.51382241 0.21163731 -0.83138209
-0.3600589 0.42327462 -0.83138209
-0.71237906 0.20474744 -0.67126341
-0.58258754 0.42327462 -0.69385183
-0.41486362 0.61424231 -0.67126341
-0.84961994 0.18752225 -0.49293139
-0.75509865 0.39697885 -0.52176031
-0.61088764 0.59546828 -0.52176031
-0.44089126 0.75008902 -0.49293139
-0.2437187 -0.75008902 -0.61479074
-0.19347937 -0.59546828 -0.77973281
-0.12898625 -0.39697885 -0.90871906
-0.060929674 -0.18752226 -0.9803688
-0.28181067 -0.20474744 -0.93736932
-0.3600589 -0.42327462 -0.83138209
-0.51382241 -0.21163731 -0.83138209
-0.41486362 -0.61424231 -0.67126341
-0.58258754 -0.42327462 -0.69385183
-0.71237906 -0.20474744 -0.67126341
-0.44089126 -0.75008902 -0.49293139
-0.61088764 -0.59546828 -0.52176031
-0.75509865 -0.39697885 -0.52176031
-0.84961994 -0.18752225 -0.49293139
0.63806383 -0.46358051 -0.61479074
0.50653557 -0.36801964 -0.77973281
0.33769038 -0.24534642 -0.90871906
0.15951596 -0.11589513 -0.9803688
0.1076421 -0.33128831 -0.93736932
0.29129377 -0.47323541 -0.83138209
0.042499188 -0.55407367 -0.83138209
0.45597924 -0.58437006 -0.67126341
0.22252864 -0.68487272 -0.69385183
-0.025410852 -0.74078318 -0.67126341
0.57713416 -0.65110276 -0.49293139
0.37754933 -0.76499849 -0.52176031
0.14421101 -0.8408147 -0.52176031
-0.084202739 -0.86598415 -0.49293139
0.34833714 -1.6701574e-17 -0.93736932
0.54008835 0.13079905 -0.83138209
0.54008835 -0.13079905 -0.83138209
0.69667429 0.25308175 -0.67126341
0.7201178 0 -0.69385183
0.69667429 -0.25308175 -0.67126341
0.79757979 0.34768538 -0.49293139
0.84422596 0.12267321 -0.52176031
0.84422596 -0.12267321 -0.52176031
0.79757979 -0.34768538 -0.49293139
0.83523639 0.4635805 -0.29575883
0.92394383 0.36801963 -0.10435206
0.96380277 0.24534642 0.10435206
0.94820622 0.11589513 0.29575883
0.88654762 0.33128831 0.32292627
0.87388129 0.4732354 0.11126431
0.76261698 0.55407366 0.33379293
0.80431637 0.58437005 -0.10764209
0.72011778 0.68487271 0.11126431
0.58903218 0.74078317 0.32292627
0.6989935 0.65110276 -0.29575883
0.63552181 0.76499848 -0.10435206
0.53116975 0.84081469 0.10435206
0.40323465 0.86598414 0.29575883
-0.18278902 0.93761127 -0.29575883
-0.064493123 0.99244712 -0.10435206
0.064493123 0.99244712 0.10435206
0.18278902 0.93761127 0.29575883
-0.041115622 0.94553061 0.32292627
-0.18002945 0.97734828 0.11126431
-0.29129376 0.89651002 0.33379293
-0.30722152 0.9455306 -0.10764209
-0.42882402 0.89651002 0.11126431
-0.52250571 0.78911749 0.32292627
-0.40323465 0.86598414 -0.29575883
-0.53116975 0.84081469 -0.10435206
-0.63552181 0.76499848 0.10435206
-0.6989935 0.65110276 0.29575883
-0.94820622 0.11589513 -0.29575883
-0.96380277 0.24534642 -0.10435206
-0.92394383 0.36801963 0.10435206
-0.83523639 0.4635805 0.29575883
-0.91195847 0.25308175 0.32292627
-0.9851456 0.13079905 0.11126431
-0.94264642 1.3810873e-16 0.33379293
-0.99418971 1.3361259e-16 -0.10764209
-0.9851456 -0.13079905 0.11126431
-0.91195847 -0.25308175 0.32292627
-0.94820622 -0.11589513 -0.29575883
-0.96380277 -0.24534642 -0.10435206
-0.92394383 -0.36801963 0.10435206
-0.83523639 -0.4635805 0.29575883
-0.40323465 -0.86598414 -0.29575883
-0.53116975 -0.84081469 -0.10435206
-0.63552181 -0.76499848 0.10435206
-0.6989935 -0.65110276 0.29575883
-0.52250571 -0.78911749 0.32292627
-0.42882402 -0.89651002 0.11126431
-0.29129376 -0.89651002 0.33379293
-0.30722152 -0.9455306 -0.10764209
-0.18002945 -0.97734828 0.11126431
-0.041115622 -0.94553061 0.32292627
-0.18278902 -0.93761127 -0.29575883
-0.064493123 -0.99244712 -0.10435206
0.064493123 -0.99244712 0.10435206
0.18278902 -0.93761127 0.29575883
0.6989935 -0.65110276 -0.29575883
0.63552181 -0.76499848 -0.10435206
0.53116975 -0.84081469 0.10435206
0.40323465 -0.86598414 0.29575883
0.58903218 -0.74078317 0.32292627
0.72011778 -0.68487271 0.11126431
0.76261698 -0.55407366 0.33379293
0.80431637 -0.58437005 -0.10764209
0.87388129 -0.4732354 0.11126431
0.88654762 -0.33128831 0.32292627
0.83523639 -0.4635805 -0.29575883
0.92394383 -0.36801963 -0.10435206
0.96380277 -0.24534642 0.10435206
0.94820622 -0.11589513 0.29575883
0.52250571 0.78911749 -0.32292627
0.29129376 0.89651002 -0.33379293
0.42882402 0.89651002 -0.11126431
0.041115622 0.94553061 -0.32292627
0.18002945 0.97734828 -0.11126431
0.30722152 0.9455306 0.10764209
-0.58903218 0.74078317 -0.32292627
-0.76261698 0.55407366 -0.33379293
-0.72011778 0.68487271 -0.11126431
-0.88654762 0.33128831 -0.32292627
-0.87388129 0.4732354 -0.11126431
-0.80431637 0.58437005 0.10764209
-0.88654762 -0.33128831 -0.32292627
-0.76261698 -0.55407366 -0.33379293
-0.87388129 -0.4732354 -0.11126431
-0.58903218 -0.74078317 -0.32292627
-0.72011778 -0.68487271 -0.11126431
-0.80431637 -0.58437005 0.10764209
0.041115622 -0.94553061 -0.32292627
0.29129376 -0.89651002 -0.33379293
0.18002945 -0.97734828 -0.11126431
0.52250571 -0.78911749 -0.32292627
0.42882402 -0.89651002 -0.11126431
0.30722152 -0.9455306 0.10764209
0.91195847 -0.25308175 -0.32292627
0.94264642 -5.1790775e-17 -0.33379293
0.9851456 -0.13079905 -0.11126431
0.91195847 0.25308175 -0.32292627
0.9851456 0.13079905 -0.11126431
0.99418971 -6.6806294e-17 0.10764209
