0 0 1
0.8944272 0 0.44721358
0.27639321 0.85065082 0.44721358
-0.72360681 0.52573112 0.44721358
-0.72360681 -0.52573112 0.44721358
0.27639321 -0.85065082 0.44721358
0.72360681 0.52573112 -0.44721358
-0.27639321 0.85065082 -0.44721358
-0.8944272 1.0953574e-16 -0.44721358
-0.27639321 -0.85065082 -0.44721358
0.72360681 -0.52573112 -0.44721358
0 0 -1
0.81014649 0 0.58622748
0.25034903 0.7704951 0.58622748
0.68655724 0 0.72707576
0.21215785 0.65295473 0.72707576
0.52573112 0 0.8506508
0.16245985 0.50000001 0.8506508
0.34327862 0 0.93923362
0.10607893 0.32647737 0.93923362
0.1620293 0 0.98678595
0.22939699 0.16666667 0.95895737
0.050069807 0.15409902 0.98678595
0.42299073 0.17422483 0.88922694
0.29640899 0.34844966 0.88922694
0.60618156 0.17422483 0.77600878
0.49112348 0.3568221 0.79465446
0.35301806 0.52267449 0.77600878
0.75512811 0.16666667 0.63403766
0.66279064 0.34844966 0.66279062
0.53620889 0.52267449 0.66279062
0.39185684 0.66666668 0.63403766
0.8602163 0.15409902 0.48608787
0.79263616 0.32647737 0.5149179
0.68819097 0.50000001 0.52573109
0.55543647 0.65295473 0.5149179
0.41237833 0.7704951 0.48608787
-0.65542228 0.47619216 0.58622748
-0.55543647 0.40354822 0.72707576
-0.42532541 0.309017 0.8506508
-0.27771824 0.20177411 0.93923362
-0.087621853 0.26967234 0.95895737
-0.13108446 0.095238432 0.98678595
-0.034986335 0.45612653 0.88922694
-0.23979991 0.38957856 0.88922694
0.021622744 0.63035136 0.77600878
-0.18759248 0.57735028 0.79465446
-0.3880044 0.49725543 0.77600878
0.074837997 0.76967234 0.63403766
-0.12658175 0.73802823 0.66279062
-0.33139532 0.67148026 0.66279062
-0.51294726 0.57868933 0.63403766
0.11926458 0.86573353 0.48608787
-0.065560382 0.85472884 0.5149179
-0.26286556 0.80901701 0.52573109
-0.44935754 0.73002558 0.5149179
-0.60535247 0.63029118 0.48608787
-0.65542228 -0.47619216 0.58622748
-0.55543647 -0.40354822 0.72707576
-0.42532541 -0.309017 0.8506508
-0.27771824 -0.20177411 0.93923362
-0.28355027 6.5257272e-17 0.95895737
-0.13108446 -0.095238432 0.98678595
-0.44461348 0.10767687 0.88922694
-0.44461348 -0.10767687 0.88922694
-0.59281797 0.21535373 0.77600878
-0.60706201 1.3971142e-16 0.79465446
-0.59281797 -0.21535373 0.77600878
-0.70887568 0.309017 0.63403766
-0.74102246 0.10767687 0.66279062
-0.74102246 -0.10767687 0.66279062
-0.70887568 -0.309017 0.63403766
-0.78650673 0.38095373 0.48608787
-0.83315471 0.20177411 0.5149179
-0.85065082 1.9577182e-16 0.52573109
-0.83315471 -0.20177411 0.5149179
-0.78650673 -0.38095373 0.48608787
0.25034903 -0.7704951 0.58622748
0.21215785 -0.65295473 0.72707576
0.16245985 -0.50000001 0.8506508
0.10607893 -0.32647737 0.93923362
-0.087621853 -0.26967234 0.95895737
0.050069807 -0.15409902 0.98678595
-0.23979991 -0.38957856 0.88922694
-0.034986335 -0.45612653 0.88922694
-0.3880044 -0.49725543 0.77600878
-0.18759248 -0.57735028 0.79465446
0.021622744 -0.63035136 0.77600878
-0.51294726 -0.57868933 0.63403766
-0.33139532 -0.67148026 0.66279062
-0.12658175 -0.73802823 0.66279062
0.074837997 -0.76967234 0.63403766
-0.60535247 -0.63029118 0.48608787
-0.44935754 -0.73002558 0.5149179
-0.26286556 -0.80901701 0.52573109
-0.065560382 -0.85472884 0.5149179
0.11926458 -0.86573353 0.48608787
0.22939699 -0.16666667 0.95895737
0.29640899 -0.34844966 0.88922694
0.42299073 -0.17422483 0.88922694
0.35301806 -0.52267449 0.77600878
0.49112348 -0.3568221 0.79465446
0.60618156 -0.17422483 0.77600878
0.39185684 -0.66666668 0.63403766
0.53620889 -0.52267449 0.66279062
0.66279064 -0.34844966 0.66279062
0.75512811 -0.16666667 0.63403766
0.41237833 -0.7704951 0.48608787
0.55543647 -0.65295473 0.5149179
0.68819097 -0.50000001 0.52573109
0.79263616 -0.32647737 0.5149179
0.8602163 -0.15409902 0.48608787
-0.25034903 0.7704951 -0.58622748
0.65542228 0.47619216 -0.58622748
-0.21215785 0.65295473 -0.72707576
0.55543647 0.40354822 -0.72707576
-0.16245985 0.50000001 -0.8506508
0.42532541 0.309017 -0.8506508
-0.10607893 0.32647737 -0.93923362
0.27771824 0.20177411 -0.93923362
-0.050069807 0.15409902 -0.98678595
0.087621853 0.26967234 -0.95895737
0.13108446 0.095238432 -0.98678595
0.034986335 0.45612653 -0.88922694
0.23979991 0.38957856 -0.88922694
-0.021622744 0.63035136 -0.77600878
0.18759248 0.57735028 -0.79465446
0.3880044 0.49725543 -0.77600878
-0.074837997 0.76967234 -0.63403766
0.12658175 0.73802823 -0.66279062
0.33139532 0.67148026 -0.66279062
0.51294726 0.57868933 -0.63403766
-0.11926458 0.86573353 -0.48608787
0.065560382 0.85472884 -0.5149179
0.26286556 0.80901701 -0.52573109
0.44935754 0.73002558 -0.5149179
0.60535247 0.63029118 -0.48608787
-0.81014649 9.9214331e-17 -0.58622748
-0.68655724 8.4079012e-17 -0.72707576
-0.52573112 6.4383493e-17 -0.8506508
-0.34327862 4.2039506e-17 -0.93923362
-0.1620293 1.9842866e-17 -0.98678595
-0.22939699 0.16666667 -0.95895737
-0.42299073 0.17422483 -0.88922694
-0.29640899 0.34844966 -0.88922694
-0.60618156 0.17422483 -0.77600878
-0.49112348 0.3568221 -0.79465446
-0.35301806 0.52267449 -0.77600878
-0.75512811 0.16666667 -0.63403766
-0.66279064 0.34844966 -0.66279062
-0.53620889 0.52267449 -0.66279062
-0.39185684 0.66666668 -0.63403766
-0.8602163 0.15409902 -0.48608787
-0.79263616 0.32647737 -0.5149179
-0.68819097 0.50000001 -0.52573109
-0.55543647 0.65295473 -0.5149179
-0.41237833 0.7704951 -0.48608787
-0.25034903 -0.7704951 -0.58622748
-0.21215785 -0.65295473 -0.72707576
-0.16245985 -0.50000001 -0.8506508
-0.10607893 -0.32647737 -0.93923362
-0.050069807 -0.15409902 -0.98678595
-0.22939699 -0.16666667 -0.95895737
-0.29640899 -0.34844966 -0.88922694
-0.42299073 -0.17422483 -0.88922694
-0.35301806 -0.52267449 -0.77600878
-0.49112348 -0.3568221 -0.79465446
-0.60618156 -0.17422483 -0.77600878
-0.39185684 -0.66666668 -0.63403766
-0.53620889 -0.52267449 -0.66279062
-0.66279064 -0.34844966 -0.66279062
-0.75512811 -0.16666667 -0.63403766
-0.41237833 -0.7704951 -0.48608787
-0.55543647 -0.65295473 -0.5149179
-0.68819097 -0.50000001 -0.52573109
-0.79263616 -0.32647737 -0.5149179
-0.8602163 -0.15409902 -0.48608787
0.65542228 -0.47619216 -0.58622748
0.55543647 -0.40354822 -0.72707576
0.42532541 -0.309017 -0.8506508
0.27771824 -0.20177411 -0.93923362
0.13108446 -0.095238432 -0.98678595
0.087621853 -0.26967234 -0.95895737
0.23979991 -0.38957856 -0.88922694
0.034986335 -0.45612653 -0.88922694
0.3880044 -0.49725543 -0.77600878
0.18759248 -0.57735028 -0.79465446
-0.021622744 -0.63035136 -0.77600878
0.51294726 -0.57868933 -0.63403766
0.33139532 -0.67148026 -0.66279062
0.12658175 -0.73802823 -0.66279062
-0.074837997 -0.76967234 -0.63403766
0.60535247 -0.63029118 -0.48608787
0.44935754 -0.73002558 -0.5149179
0.26286556 -0.80901701 -0.52573109
0.065560382 -0.85472884 -0.5149179
-0.11926458 -0.86573353 -0.48608787
0.28355027 -4.8942954e-17 -0.95895737
0.44461348 0.10767687 -0.88922694
0.44461348 -0.10767687 -0.88922694
0.59281797 0.21535373 -0.77600878
0.60706201 -6.9855709e-17 -0.79465446
0.59281797 -0.21535373 -0.77600878
0.70887568 0.309017 -0.63403766
0.74102246 0.10767687 -0.66279062
0.74102246 -0.10767687 -0.66279062
0.70887568 -0.309017 -0.63403766
0.78650673 0.38095373 -0.48608787
0.83315471 0.20177411 -0.5149179
0.85065082 6.5257272e-17 -0.52573109
0.83315471 -0.20177411 -0.5149179
0.78650673 -0.38095373 -0.48608787
0.81745157 0.47619216 -0.32405858
0.89871508 0.40354821 -0.1716393
0.95105652 0.30901699 -1.6314318e-17
0.96427546 0.20177411 0.1716393
0.94123094 0.095238431 0.32405858
0.89690324 0.26967233 0.35048739
0.90259053 0.38957856 0.18319082
0.81099513 0.45612652 0.36638163
0.8676042 0.49725542 0
0.79465447 0.57735027 0.18759246
0.68441338 0.63035135 0.36638163
0.79649753 0.57868933 -0.1752437
0.74102245 0.67148025 0
0.64942704 0.73802821 0.18319082
0.53363197 0.76967234 0.35048739
0.70549208 0.63029117 -0.32405858
0.66151539 0.73002558 -0.1716393
0.58778525 0.80901699 -6.5257271e-17
0.48987608 0.85472883 0.1716393
0.38143349 0.86573352 0.32405858
-0.20027923 0.92459411 -0.32405858
-0.10607893 0.97943209 -0.1716393
4.8942954e-17 1 -1.6314318e-17
0.10607893 0.97943209 0.1716393
0.20027923 0.92459411 0.32405858
0.020684714 0.936339 0.35048739
-0.091595412 0.978801 0.18319082
-0.18319083 0.91225305 0.36638163
-0.20481357 0.978801 0
-0.303531 0.93417236 0.18759246
-0.3880044 0.84570508 0.36638163
-0.30423498 0.936339 -0.1752437
-0.40962714 0.91225304 0
-0.50122255 0.84570508 0.18319082
-0.56710054 0.745356 0.35048739
-0.38143349 0.86573352 -0.32405858
-0.48987608 0.85472883 -0.1716393
-0.58778525 0.80901699 -6.5257271e-17
-0.66151539 0.73002558 0.1716393
-0.70549208 0.63029117 0.32405858
-0.94123094 0.095238431 -0.32405858
-0.96427546 0.20177411 -0.1716393
-0.95105652 0.30901699 -1.6314318e-17
-0.89871508 0.40354821 0.1716393
-0.81745157 0.47619216 0.32405858
-0.88411938 0.309017 0.35048739
-0.95919961 0.21535373 0.18319082
-0.92421328 0.10767687 0.36638163
-0.99418594 0.10767687 0
-0.98224695 2.0956712e-16 0.18759246
-0.92421328 -0.10767687 0.36638163
-0.98452509 1.4682886e-16 -0.1752437
-0.99418594 -0.10767687 0
-0.95919961 -0.21535373 0.18319082
-0.88411938 -0.309017 0.35048739
-0.94123094 -0.095238431 -0.32405858
-0.96427546 -0.20177411 -0.1716393
-0.95105652 -0.30901699 -6.5257271e-17
-0.89871508 -0.40354821 0.1716393
-0.81745157 -0.47619216 0.32405858
-0.38143349 -0.86573352 -0.32405858
-0.48987608 -0.85472883 -0.1716393
-0.58778525 -0.80901699 -1.6314318e-17
-0.66151539 -0.73002558 0.1716393
-0.70549208 -0.63029117 0.32405858
-0.56710054 -0.745356 0.35048739
-0.50122255 -0.84570508 0.18319082
-0.3880044 -0.84570508 0.36638163
-0.40962714 -0.91225304 0
-0.303531 -0.93417236 0.18759246
-0.18319083 -0.91225305 0.36638163
-0.30423498 -0.936339 -0.1752437
-0.20481357 -0.978801 0
-0.091595412 -0.978801 0.18319082
0.020684714 -0.936339 0.35048739
-0.20027923 -0.92459411 -0.32405858
-0.10607893 -0.97943209 -0.1716393
-1.9577181e-16 -1 -6.5257271e-17
0.10607893 -0.97943209 0.1716393
0.20027923 -0.92459411 0.32405858
0.70549208 -0.63029117 -0.32405858
0.66151539 -0.73002558 -0.1716393
0.58778525 -0.80901699 -1.6314318e-17
0.48987608 -0.85472883 0.1716393
0.38143349 -0.86573352 0.32405858
0.53363197 -0.76967234 0.35048739
0.64942704 -0.73802821 0.18319082
0.68441338 -0.63035135 0.36638163
0.74102245 -0.67148025 0
0.79465447 -0.57735027 0.18759246
0.81099513 -0.45612652 0.36638163
0.79649753 -0.57868933 -0.1752437
0.8676042 -0.49725542 0
0.90259053 -0.38957856 0.18319082
0.89690324 -0.26967233 0.35048739
0.81745157 -0.47619216 -0.32405858
0.89871508 -0.40354821 -0.1716393
0.95105652 -0.30901699 -6.5257271e-17
0.96427546 -0.20177411 0.1716393
0.94123094 -0.095238431 0.32405858
0.56710054 0.745356 -0.35048739
0.3880044 0.84570508 -0.36638163
0.50122255 0.84570508 -0.18319082
0.18319083 0.91225305 -0.36638163
0.303531 0.93417236 -0.18759246
0.40962714 0.91225304 -6.8216621e-17
-0.020684714 0.936339 -0.35048739
0.091595412 0.978801 -0.18319082
0.20481357 0.978801 -6.8216621e-17
0.30423498 0.936339 0.1752437
-0.53363197 0.76967234 -0.35048739
-0.68441338 0.63035135 -0.36638163
-0.64942704 0.73802821 -0.18319082
-0.81099513 0.45612652 -0.36638163
-0.79465447 0.57735027 -0.18759246
-0.74102245 0.67148025 -6.8216621e-17
-0.89690324 0.26967233 -0.35048739
-0.90259053 0.38957856 -0.18319082
-0.8676042 0.49725542 -6.8216621e-17
-0.79649753 0.57868933 0.1752437
-0.89690324 -0.26967233 -0.35048739
-0.81099513 -0.45612652 -0.36638163
-0.90259053 -0.38957856 -0.18319082
-0.68441338 -0.63035135 -0.36638163
-0.79465447 -0.57735027 -0.18759246
-0.8676042 -0.49725542 -6.8216621e-17
-0.53363197 -0.76967234 -0.35048739
-0.64942704 -0.73802821 -0.18319082
-0.74102245 -0.67148025 -6.8216621e-17
-0.79649753 -0.57868933 0.1752437
-0.020684714 -0.936339 -0.35048739
0.18319083 -0.91225305 -0.36638163
0.091595412 -0.978801 -0.18319082
0.3880044 -0.84570508 -0.36638163
0.303531 -0.93417236 -0.18759246
0.20481357 -0.978801 -6.8216621e-17
0.56710054 -0.745356 -0.35048739
0.50122255 -0.84570508 -0.18319082
0.40962714 -0.91225304 -6.8216621e-17
0.30423498 -0.936339 0.1752437
0.88411938 -0.309017 -0.35048739
0.92421328 -0.10767687 -0.36638163
0.95919961 -0.21535373 -0.18319082
0.92421328 0.10767687 -0.36638163
0.98224695 3.4927854e-17 -0.18759246
0.99418594 -0.10767687 -6.8216621e-17
0.88411938 0.309017 -0.35048739
0.95919961 0.21535373 -0.18319082
0.99418594 0.10767687 -6.8216621e-17
0.98452509 9.7885907e-17 0.1752437
